1.969919967651367188e+01 1.969919967651367188e+01 1.391499996185302734e+01 5.105947516386248883e-34
1.836389923095703125e+01 1.836389923095703125e+01 9.832099914550781250e+00 9.366059807443666570e-34
1.426179981231689453e+01 1.426179981231689453e+01 9.984199523925781250e+00 4.899767184784462024e-34
1.696640014648437500e+01 1.696640014648437500e+01 7.980400085449218750e+00 6.466441259976444157e-34
2.338879966735839844e+01 2.338879966735839844e+01 1.399149990081787109e+01 1.281602116232562331e-34
2.431159973144531250e+01 2.431159973144531250e+01 1.479829978942871094e+01 1.281602116232562331e-34
2.022200012207031250e+01 2.022200012207031250e+01 1.231859970092773438e+01 1.281602116232562331e-34
2.301980018615722656e+01 2.301980018615722656e+01 1.437360000610351562e+01 2.495355249548639175e-34
3.725019836425781250e+01 3.725019836425781250e+01 3.134189987182617188e+01 2.008687257766723633e-01
3.767699813842773438e+01 3.767699813842773438e+01 3.605429840087890625e+01 2.258036434650421143e-01
3.902890014648437500e+01 3.902890014648437500e+01 3.339159774780273438e+01 1.837837845087051392e-01
4.241090011596679688e+01 4.241090011596679688e+01 3.436219787597656250e+01 3.093509972095489502e-01
3.568669891357421875e+01 3.568669891357421875e+01 3.253009796142578125e+01 2.004821039736270905e-02
3.923749923706054688e+01 3.923749923706054688e+01 3.517430114746093750e+01 2.004821039736270905e-02
4.001179885864257812e+01 4.001179885864257812e+01 3.601430130004882812e+01 2.004821039736270905e-02
3.983339691162109375e+01 3.983339691162109375e+01 3.317480087280273438e+01 2.004821039736270905e-02
