Using WEST data from '/scratch/09416/dty7/d1d2/2kod/ls6-we/tt_dist_ss_v00/succ/west.h5'
# successful (recycled) segments
# column 0:    iteration
# column 1:    seg_id
# column 2:    weight
# column>2:    final progress coordinate value
     730          14     9.6083920673473e-58            3.9795
     730          16     9.6083920673473e-58            4.3462
     731           0     3.2027973557824e-58            4.1425
     731           2     3.2027973557824e-58            3.8699
     731           6     1.6013986778912e-58             3.886
     731          20     9.6083920673473e-58            3.9589
     731          30     9.6083920673473e-58            3.5863
     732           0     6.4055947115649e-58            4.2929
     732           1     6.4055947115649e-58            3.8381
     732           4     6.4055947115649e-58            4.0785
     732           5     4.8041960336737e-58            3.8873
     732          17     8.0069933894561e-59             4.318
     733           0     1.6013986778912e-58            4.1184
     733           3     1.6013986778912e-58            4.0426
     733           4     1.6013986778912e-58            3.7634
     733           5     1.6013986778912e-58            3.7084
     733          17     3.2027973557824e-58            4.3817
     733          23     2.4020980168368e-58            4.2541
     733          24     6.4055947115649e-58            4.1362
     734          12     1.2010490084184e-58            3.9688
     734          16     1.2010490084184e-58            3.8728
     734          19      1.467948788067e-58            3.9829
     734          21      1.467948788067e-58            4.0375
     734          29     1.2010490084184e-58            4.0364
     734          38     1.0675991185941e-58            4.0993
     735           1      4.003496694728e-59            4.3278
     735           6     1.6013986778912e-58            4.3569
     735          20      2.001748347364e-59            4.3745
     735          23      2.001748347364e-59            4.3984
     735          27     1.6013986778912e-58            4.3335
     735          28      1.467948788067e-58            4.3531
     736           5     2.6689977964854e-59            4.3417
     736           6     7.1173274572943e-59            4.3561
     736          46      4.003496694728e-59            4.1694
     737           4     2.6689977964854e-59            4.1427
     737           8     2.6689977964854e-59            3.9388
     737          24      2.001748347364e-59            3.8896
     737          31     2.6689977964854e-59            4.3851
     737          33      2.001748347364e-59            3.8961
     738           0     3.3362472456067e-60            4.2508
     738           2     3.3362472456067e-60             4.389
     738           3     3.3362472456067e-60            4.3458
     738           4     3.3362472456067e-60            3.9918
     738           5     3.3362472456067e-60            4.3497
     738           6     2.6689977964854e-59            3.8774
     738           8      3.002622521046e-59            4.1806
     738          10      2.001748347364e-59            4.0683
     738          25     3.1138307625663e-59            4.3009
     739          19      1.000874173682e-59            4.3193
     739          20      1.000874173682e-59            4.2479
     739          22      1.000874173682e-59            4.3182
     739          29     1.1676865359623e-59            4.1102
     740           1     7.7845769064157e-60            4.3383
     740           2     1.3344988982427e-59            4.0538
     740           5     6.6724944912134e-60            3.8526
     740          10     3.3362472456067e-60            3.9686
     740          13     3.3362472456067e-59              4.27
     741           8     7.5065563026151e-60            4.2164
     741          10     1.1491518290423e-59            4.3916
     742           1     4.7263502646095e-60            4.3904
     742          23     2.5948589688052e-60            4.3433
     743           4     3.8922884532078e-60            4.1619
     744           3     2.5948589688052e-60            4.2184
     746           1     7.2980408497647e-61            4.3205
     747          25     4.3247649480087e-61            4.3042
     748           1     2.4326802832549e-61            4.3818
     748           4     1.4415883160029e-61            4.3775
     749          12     2.1623824740043e-61            4.3962
     750           3     4.3247649480087e-62            4.3398
     751           0     5.9494120977897e-62            4.3813
     751          33     2.9747060488949e-62            4.2948
     753           0     4.8052943866763e-62            4.3655
     753           3     4.8052943866763e-62             4.282
     753          10     1.6980659732015e-42            3.6866
     753          35     5.6776841414003e-62            4.2142
     756           4      5.039202896504e-62            4.3715
     756          14     9.6105887733527e-62            4.3514
     757           3     2.8831766320058e-62            4.3936
     758          40     2.5234151739557e-62            4.3292
     761           1     2.8798925904276e-62            4.2989
     761           5     2.2752793485167e-62            4.3199
     762           6     7.9467449982835e-62            4.3781
     762          27     1.9632706799956e-62            4.3385
     764           0     3.2035295911176e-62            4.2527
     766          16     6.2015337962732e-62            4.3874
     768           0     4.3490459625913e-62            4.3585
     769          11     1.9632706799956e-62            4.3082
     769          23     3.8628768593317e-62            4.2943
     769          24     1.6360588999963e-63            4.3054
     771          39     1.3056895159814e-62            4.1556
     772          10     3.3311007267446e-62            4.3553
     772          31     3.3904913729477e-62            4.3394
     773           9     1.0991189847682e-62            4.3543
     774          19     8.6146766805585e-63            4.3388
     775           2      6.547384822785e-63            4.3962
     776          12     4.0968342032747e-63            4.3618
     776          31     1.0789400168003e-62            4.3238
     777          25     8.9614190719277e-63             4.391
     778           5     2.9871396906426e-63            4.3182
     779          34     9.7644976402701e-64            4.3979
     780           3     2.9871396906426e-63            4.3833
     780           7     6.8911303178872e-63            4.3645
     781           2     8.2159774040446e-64            4.3913
     781          10     9.3379694928377e-64             4.399
     782           2     1.8761226081566e-63            4.3963
     782           3     1.4646746460405e-63            4.1813
     782           7     7.8260401275439e-64            4.3172
     782          33     4.0242639489455e-65            4.3865
     783           0     4.5166596561138e-64            4.3731
     784          25      9.929336161305e-64            4.3821
     786          17     9.7644976402701e-64            4.3886
     787           7     5.5537809076801e-64            4.3367
     788          10       4.62372308295e-64             4.283
     789          25     6.7097732134762e-64            4.3799
     794          21     1.4423682553998e-63            4.2696
     798           3     5.5970791789254e-64            4.3989
     800           9     1.5095794104759e-64             4.393
     800          31     2.9911871003466e-64            4.2835
     802           0     1.8922467944117e-64            4.3111
     803           4     8.5436295849104e-65            4.3337
     804          29     1.7780285683098e-64            4.3645
     806           0     5.4692821418735e-65            4.2929
     807          15     1.0577958849214e-64            4.3414
     807          16     9.1489313086787e-65            4.3964
     807          23     1.5654956760619e-65            4.3908
     809          28     6.7499391961066e-65            4.3453
     813           1     1.4089461084557e-65            4.2635
     813           5     1.4089461084557e-65            4.3726
     814           3     4.3345994734792e-66            4.1139
     814          19     1.6773104560844e-65            4.2014
     815          40     1.4089461084557e-65            4.3553
     816           5     7.8274783803096e-67            4.2814
     816          13     2.6325202370621e-65            4.3633
     819           9     1.1768479266163e-65            4.3746
     821           8      1.572901938785e-65            4.3044
     821          17     4.6423091821846e-66            4.3304
     822           8     7.6333941188603e-66            4.3925
     829          23     1.3580060398645e-65            4.3581
     831          17     3.5443693988872e-66            4.3538
     836          21     4.4280197847499e-66            4.3068
     839           1     4.7232815216289e-66            4.3584
     840           2     3.0099471346543e-66            4.3294
     843          17     3.1604505274331e-66            4.3281
     843          22     7.3026446698822e-66            4.3462
     855           9     2.9954437685584e-66            4.3981
     856           6     1.8298648890297e-66            4.3168
     858          11     1.9425426489476e-66            4.3721
     859           3     4.4210515520798e-67            4.2064
     859          29     3.0497748150494e-67            4.3271
     860           0     1.6924845403469e-66            4.3754
     862          29     1.8079400033267e-66            4.3483
     864          29      1.369426787508e-66            4.3084
     865           0      2.299328733353e-66             4.339
     865           9     9.8402104809602e-67            4.1869
     865          32     1.4117561635707e-67            4.3812
     866           0     3.9509365245865e-67            4.2542
     866           1     3.9509365245865e-67            4.2058
     866           9     1.5709992360819e-66             4.363
     866          26     1.4117561635707e-67            4.3687
     866          32     2.5231470560393e-67             4.281
     867          32     4.9323007259736e-67            4.2842
     869           5     2.8034967289326e-67            4.3576
     871           3     6.3449744529904e-67            4.3312
     874          27     4.3569518268716e-67            4.3177
     874          28     4.3569518268716e-67            4.3325
     876          10     3.2964211723553e-67            4.3339
     877          14     6.8477452961056e-67            4.3973
     878          29     1.3751190934279e-68            4.2103
     879          18     4.4045282055799e-67            4.3772
     881          11     8.2410039252418e-68            4.3852
     883           2     2.0751161377352e-68            4.2969
     884          10     3.4337516355174e-69            4.1862
     885           2     1.5882903592717e-44            4.3025
     885           6     1.1445838785058e-69            4.2337
     886           5      5.722919392529e-70            4.2423
     887           8      5.722919392529e-70            4.3835
     888           2     3.8152795950193e-70            4.3975
     888          14      5.722919392529e-70             4.386
     890           7     2.5815420933884e-44            4.3163
     893          35     4.9203906979167e-44            4.1532
     894          21     2.0299383333936e-44            4.2936
     894          22     2.0299383333936e-44            4.3393
     894          43     5.9353598646134e-44            4.0672
     896           6       1.40967939819e-45            4.0336
     896           9       1.40967939819e-45            4.0123
     898           3     2.2323310461528e-45            4.0366
     898           8     7.5784364446694e-45            4.3805
     899          10     1.5156872889339e-45            4.2374
     899          13     2.2323310461528e-45            3.7896
     901           0     1.5442154894743e-45            4.2415
     901           5     1.5442154894743e-45            4.3553
     901          13     7.2535627924087e-45            4.1257
     902           2     1.5442154894743e-45            4.3072
     902          12     3.0884309789486e-46            4.1859
     902          15     3.0884309789486e-46            4.3609
     903          15     4.1275412779003e-46            4.3361
     904           1     2.2930784877224e-47            3.7968
     904           3     2.2930784877224e-47            3.9497
     904          11     8.2550825558006e-47            4.1513
     905           3     1.6510165111601e-47            3.6198
     905          13     7.6435949590746e-48            3.8893
     905          15     7.6435949590746e-48            3.9813
     905          18     2.2930784877224e-47            4.3277
     906           2     3.8217974795373e-48            3.6362
     906          16     4.5861569754448e-47            4.3935
     907           6     5.5033883705337e-48            4.2883
     907          22     3.9440949988825e-47             4.161
     907          30     1.1465392438612e-47            3.7477
     907          31     1.1465392438612e-47             4.198
     908           7     9.1723139508896e-49            4.2993
     908          10     9.1723139508896e-49            4.2791
     908          13     9.1723139508896e-49            4.2247
     908          14     9.1723139508896e-49            4.3831
     908          20     2.1634298036184e-47            4.1621
     908          21     2.1634298036184e-47            4.1931
     909           5     4.4587637261269e-48            4.2207
     909          10      4.756474134736e-48            3.9265
     910           4     4.4587637261269e-48            4.2564
     910          29     3.0574379836299e-48            4.2416
     910          32     4.3268596072367e-48            3.9151
     911           1     1.4422865357456e-48            4.2195
     911           6      1.483576778791e-48            3.9915
     911          47     2.1353355859303e-48            4.0714
     912          35     6.5860659223033e-48            4.3894
     913           7     9.0142908484098e-49            4.0203
     913          13     3.1347807143106e-48            4.2737
     913          25     2.8536087847212e-48            4.2935
     913          36     7.6435949590746e-48            4.3423
     914           4       3.38498835713e-49            3.6913
     914           8     2.0877599679618e-48            4.2475
     914          33      3.724079470212e-48            3.5934
     914          35      3.724079470212e-48            3.7139
     915           3       3.38498835713e-49            4.2893
     915           5     1.4235570572868e-49            3.5596
     915          22      1.862039735106e-48            3.6447
     915          38     4.5499730660813e-48            4.2361
     916           6       3.38498835713e-49            4.0783
     916          10      2.482719646808e-49            3.8975
     916          11      2.482719646808e-49             4.304
     916          14     1.4235570572868e-49            4.0281
     916          23     9.0999461321626e-49             4.302
     916          34      1.862039735106e-48            3.9951
     916          43      3.724079470212e-49            3.6745
     916          46      3.724079470212e-49             4.398
     917           1     1.3868778706047e-49            3.8109
     917           2     1.3868778706047e-49            3.8356
     917           6     9.5631868186995e-49            3.8238
     917          11     5.6569101146046e-49            4.0373
     917          12     1.1557315588372e-49            3.5717
     917          13     1.1557315588372e-49             4.043
     917          15     1.1557315588372e-49            3.8672
     917          17     1.1557315588372e-49              4.27
     917          20     4.2312354464125e-49            3.8127
     917          33     3.1894732918301e-49            4.2799
     918           5     1.3868778706047e-49            4.2148
     918          18     5.1785220923391e-49            4.3313
     919           8      1.657994615204e-49            4.0239
     920          22     3.2437287131802e-49            4.0156
     922          24     3.0333153773875e-49            4.1669
     922          41     8.3478129359873e-49            3.9178
     923           6     1.0812429043934e-49            3.8817
     923           7      1.292293475738e-49            3.8039
     923           8     1.0812429043934e-49            4.1545
     923          12     7.2804377085856e-50             4.383
     923          19     4.7264010458789e-50            4.2671
     923          21     4.7264010458789e-50            4.3574
     924           0     1.0812429043934e-49            4.2224
     924           3     9.9526154927853e-50             4.211
     924           8     9.4528020917577e-51            3.8233
     924           9     9.4528020917577e-51            3.8986
     924          19     5.4846921019391e-50            4.1495
     924          31     1.0975000807107e-49            4.1419
     925           0     2.7653896363222e-50            4.2859
     925           2     1.8282307006464e-50            3.9213
     925           5     1.8201094271464e-50            4.3922
     925          13      1.861382663205e-49            4.1513
     925          21     1.5416725884796e-49            3.8499
     925          23     9.4027454364722e-50            4.3414
     926           2     2.7691092054984e-50            3.7672
     926           3     2.7691092054984e-50            3.9273
     926          12     6.0670314238213e-51            4.0132
     926          16     6.0670314238213e-51            3.6626
     926          17     6.0670314238213e-51            3.8102
     927          27     1.1381893177209e-49            4.2989
     928           4     1.1868643578387e-50            4.1915
     928          11     2.7392588322329e-50            4.0427
     928          17     1.6649384826699e-50            4.0755
     929          15     3.5167421392391e-50            3.7006
     929          16     4.1322220737839e-50            4.2989
     930           3     1.5395424176011e-50            4.3745
     930          11     1.9775703815244e-50            4.2764
     930          22     2.0811731915218e-50            4.1027
     930          28     4.4533974783759e-50            3.7522
     932          21     2.0208990441252e-50            4.1934
     932          28     1.5844038928491e-50            4.3015
     933           0     1.8794646864374e-50            4.2793
     936           4     1.5228476054538e-51            4.1908
     936          22     1.8338363059475e-50            4.2069
     937          14     3.9074912658212e-51            4.1625
     938          11     5.8612368987318e-51            4.3489
     938          35     6.6450145307702e-51            4.2785
     939          15     6.8424107448937e-51            4.3556
     940           1     9.9919155184246e-53            4.0979
     940           4     9.9919155184246e-53            4.2331
     940          13     1.1786196617422e-52             4.284
     940          35     5.8612368987318e-51            4.2993
     941          15      3.721675125524e-51            4.0712
     942           9     2.4025216441239e-52            4.3536
     942          10     2.4025216441239e-52            4.1433
     942          11     2.4025216441239e-52            3.9269
     942          25     4.7523689139308e-51            4.2977
     943          23     8.2597063632262e-51             4.318
     944          27      1.284052514893e-51            4.3931
     944          31     2.3391348022997e-51            4.0492
     946           2     1.2593969822278e-51             4.264
     946           3     1.2593969822278e-51            4.2543
     946           9      1.491385753786e-51            4.2486
     947           8     1.3820478031317e-51            4.1812
     948          21     1.8193398435897e-51            3.9678
     949           1     1.1231672148602e-51            4.0292
     949           3     1.9373613560354e-51            3.9981
     949          10     3.2289355933924e-52            4.0644
     949          22     4.8434033900886e-52            4.3666
     950           4     2.4217016950443e-52            3.8823
     950          35     4.6885063584858e-51             4.156
     951           2     4.6166651689335e-52            4.1472
     951          10     7.2651050851329e-52            4.2706
     951          13     2.0461462623329e-51            4.2851
     951          24      9.666668748497e-52            4.3465
     951          29      9.666668748497e-52            3.6615
     952           4      1.216673514154e-51            4.0934
     952          11     2.7296326499044e-52            4.0376
     952          15     1.0405226062474e-51            4.2524
     952          19     2.3083325844668e-52              3.83
     952          20     1.1541662922334e-52            4.3431
     953           1     1.9236104870556e-53            3.8463
     953           3     1.9236104870556e-53            3.9635
     953           5     1.9236104870556e-53            4.1524
     953           6     1.9536328787261e-51            3.9423
     953          10     9.8138260150601e-52            4.1849
     953          14     8.8236787472471e-52            4.1777
     953          15     4.6552495278254e-52            3.9063
     953          16     4.6552495278254e-52            3.9174
     953          26     1.3648163249522e-51            4.2721
     954           3     7.7587492130424e-53            4.0822
     954           4     7.7587492130424e-53            4.0826
     954           7     3.2060174784261e-54            4.3147
     954           9     3.2060174784261e-54            4.1748
     954          11     3.2060174784261e-54            3.9539
     954          15     3.9963573909418e-52            4.3919
     954          17     4.6552495278254e-52             3.984
     954          23     4.7949431875213e-52            3.9989
     955           0     1.0686724928087e-54            4.0039
     955           4     1.0686724928087e-54             4.007
     955           5     1.0686724928087e-54            4.0311
     955          21     1.2931248688404e-53            3.9327
     955          23     1.2931248688404e-53            4.3693
     955          46     1.3858780580924e-51            4.3343
     957           0     1.3321191303139e-52            3.8897
     958           0     2.4694771696698e-52            4.0561
     958           1     1.3841684991791e-52            4.2045
     958           6     2.0328365967676e-52            3.8678
     959           6     8.2721446402186e-53            3.6887
     959          11     8.2721446402186e-53            3.7606
     959          15     1.0554295388116e-52            4.2526
     959          19     2.7683369983583e-52            4.2338
     960           2     4.9632867841312e-53            3.9251
     960           5     4.9632867841312e-53              4.03
     960           6     1.0582015562669e-52            4.3732
     960          12     3.3088578560875e-52            3.7594
     961           5     9.9265735682624e-53            4.2627
     961          12     3.0518189917449e-52            4.0743
     961          13     3.3088578560875e-52            3.9621
     962          13     9.4132200141672e-53            3.9639
     962          28     2.8767055733575e-53            3.9628
     962          29     3.5846907677151e-53            3.7752
     963           7     1.3507383796308e-52            4.3648
     963           8     1.6617795369763e-52            3.8276
     963          32     8.6301167200726e-53             4.348
     963          34     1.2737441711745e-52            4.2434
     964           2     9.1888401530996e-53             4.064
     964           5     5.7534111467151e-53            4.3886
     964           8     5.0843124236082e-53            4.2292
     964           9     4.3866440930919e-53            3.9959
     964          16     4.3150583600363e-53            4.3185
     964          21     1.1439702953119e-52            4.0496
     965          11      4.396628635194e-53            4.3259
     965          18     1.5602904918265e-52            3.7685
     966           1      8.793257270388e-54            4.1191
     966           2      8.793257270388e-54            3.8679
     966           8     5.2910077813344e-53            4.1914
     966          16     4.2244945612082e-53             4.129
     966          22     2.8767055733575e-53             4.231
     966          27      7.202775933445e-53            3.9761
     966          47      1.465542878398e-53             3.904
     967           1      5.103327408511e-53             3.935
     967           6     4.7908167897264e-53            3.8412
     967          11     3.9114910626876e-53            3.8743
     968           1     4.2244945612082e-53            3.9499
     968           3     3.9114910626876e-53            4.0569
     968          13     8.5055456808517e-54            4.1793
     968          17     8.5055456808517e-54            3.9588
     969           2     2.0627769361771e-53            4.2206
     969          30     5.6126001988579e-53            3.7677
     970          11     1.3038303542292e-53            4.0441
     970          15     4.1366396594985e-53            4.3412
     970          21     4.0407412269731e-54            4.3289
     971           2     2.0228946851856e-53            4.1383
     971          11     1.1986273222323e-54            3.9624
     971          12     5.8352162047598e-54            4.0974
     971          14     5.8352162047598e-54            3.8022
     971          16     9.4310981714567e-54            4.2088
     971          33     9.4965337951164e-53            4.2272
     972           4     7.9416096061842e-54            4.2719
     972           6     1.9450720682533e-54             4.351
     974           6     2.2476607613173e-54            3.8432
     974          11     2.2476607613173e-54            4.2581
     974          14     1.8566322454313e-53            3.8323
     974          23     3.4191876757329e-53            4.1688
     975          15     9.6863762373765e-55            4.1285
     976          17     1.8678766987242e-54             3.804
     977           0      6.954433578808e-54            4.0542
     977           3     8.5479691893323e-54            4.1747
     977           5      6.954433578808e-54            4.2126
     977           7     1.8678766987242e-54            3.9784
     977          10      6.954433578808e-54            4.1031
     977          17     2.8493230631108e-54            4.1537
     977          24     1.0196891446234e-54            4.2585
     978          12     1.4246615315554e-54            3.8223
     978          15     1.4246615315554e-54            3.8627
     978          37      6.954433578808e-54             4.371
     979           0     5.2206028300682e-54            4.1566
     979           1     5.2206028300682e-54            4.3948
     979           2     5.2206028300682e-54            3.7626
     979          17     6.6620391808539e-54            4.1932
     980           5     5.2206028300682e-54             3.961
     980           8     3.4281495603608e-54            3.9291
     980          18     2.2753877680426e-54            4.3049
     980          20     1.6613160904059e-54            4.3596
     980          21     1.6613160904059e-54            4.0478
     980          23     1.6613160904059e-54            4.0696
     980          33     5.9550836554104e-54            4.3346
     981          13     1.5981697629764e-54            3.9455
     981          16     1.5981697629764e-54             4.282
     981          17     1.5981697629764e-54            3.7814
     982           5     2.6636162716274e-55             4.391
     982           7      1.343667054169e-54            3.8074
     983           0     1.8763903084945e-54            4.3344
     983           8      1.343667054169e-54             4.053
     983           9     9.7420300851037e-55            4.3519
     983          14     2.5809486730435e-55            4.3825
     983          21     2.9226090255311e-54            3.7509
     983          22     1.8705828269614e-54            4.2894
     983          35     4.2200066678598e-54            4.1368
     984           0     2.0043576932581e-54            4.0859
     984           3     1.5981697629764e-54            4.0649
     984           7     2.0043576932581e-54            4.2338
     984          14     4.3015653988639e-54            4.2217
     984          15     4.3015653988639e-54            3.7588
     985           1     2.3181445262693e-55            3.8056
     985           3     2.3181445262693e-55            4.2892
     985          10     4.5314584715001e-54             3.876
     985          13      1.739935335846e-54            4.1793
     985          28     1.3348338542248e-54            3.9732
     985          39     8.0978361035231e-54            4.0708
     986          10     5.6643230893752e-55            4.1324
     987           1       5.23506405719e-55            4.2447
     987           3     2.8321615446876e-55            4.0396
     987           7       5.23506405719e-55             4.356
     987          11     1.8881076964584e-55            4.2196
     987          46     9.8326853157285e-54             3.979
     988           1     2.9132717185518e-55            4.2264
     988           2      4.720269241146e-55            3.6571
     988          12     1.8881076964584e-55            4.2814
     988          20     2.5728254636243e-54            3.8664
     988          27     2.7914697135007e-54            3.6781
     989          12     6.8064442012829e-56            4.0532
     989          13     6.8064442012829e-56            3.8211
     989          14     6.8064442012829e-56            3.9957
     989          21     4.4996389703671e-55             4.065
     989          23     4.4996389703671e-55            4.2524
     990           0     1.1344073668805e-56            3.7865
     990           1     1.1344073668805e-56            3.9136
     990           4     1.1344073668805e-56            4.2645
     990          32     2.8731462817974e-54            3.9523
     991           6     1.7023609743632e-54            4.3901
     992          27     1.3051995704831e-54            4.1694
     992          29     2.2303290551434e-54            4.3584
     993           3     6.5618212120819e-55            4.0427
     993           5     6.5618212120819e-55            3.8405
     994           9     6.3051563748086e-58            4.3687
     994          30     2.5018336842239e-54             4.057
     995           4      2.548399975897e-55            4.2129
     995           6     5.0967999517941e-55            3.8082
     995          15     8.0551272335799e-55            3.8527
     995          16     8.1730727952415e-55            4.1924
     996          19     1.4034035905853e-56            3.9139
     997           0     4.1679039758485e-55            4.1183
     997           2     3.9461258391311e-55            4.0375
     997           3     3.9461258391311e-55            4.3941
     998           0     2.3495498366803e-55            4.0042
     998           6     1.3153752797104e-55            3.8111
     998           9     1.3153752797104e-55            3.9681
     999           3     8.7691685314024e-56            4.2256
     999           4     4.3845842657012e-56            3.8005
     999           9     2.6307505594207e-55            4.1721
