#Frame     C45N-C133N
       1       6.1246
       2       5.8873
       3       6.1416
       4       6.0989
       5       5.8446
       6       5.7116
       7       5.4789
       8       6.1226
       9       5.9822
      10       6.0013
      11       5.8279
      12       5.7268
      13       5.9701
      14       5.6658
      15       5.7361
      16       6.0613
      17       6.0874
      18       5.7507
      19       5.5625
      20       5.4678
      21       5.8499
      22       5.7648
      23       5.8872
      24       5.9010
      25       5.5424
      26       6.0084
      27       5.8326
      28       5.8605
      29       5.8102
      30       5.6072
      31       5.9811
      32       5.9191
      33       5.9647
      34       5.7892
      35       5.8909
      36       5.7245
      37       5.5259
      38       5.8786
      39       5.6536
      40       5.7687
      41       5.9553
      42       6.0595
      43       5.7735
      44       5.7158
      45       5.6694
      46       6.1806
      47       5.9223
      48       5.5800
      49       5.7993
      50       5.8528
      51       6.2611
      52       5.9853
      53       5.6240
      54       5.7128
      55       6.2202
      56       6.0102
      57       5.7301
      58       5.7682
      59       5.9333
      60       5.9046
      61       5.8039
      62       5.7209
      63       5.9281
      64       5.6778
      65       5.9825
      66       5.5618
      67       5.6340
      68       5.7228
      69       5.4763
      70       6.0004
      71       5.6426
      72       5.8325
      73       5.9563
      74       6.1028
      75       5.6076
      76       5.7513
      77       6.2873
      78       5.9345
      79       5.7724
      80       5.4861
      81       5.7501
      82       5.8700
      83       6.2169
      84       5.9317
      85       5.9592
      86       6.0400
      87       5.9222
      88       5.7954
      89       5.6763
      90       5.9037
      91       6.0122
      92       5.8831
      93       6.1617
      94       5.7995
      95       5.2873
      96       5.6844
      97       5.8512
      98       5.5184
      99       5.7172
     100       5.7842
     101       5.8428
     102       5.7650
     103       6.0475
     104       5.7974
     105       5.9080
     106       5.9353
     107       5.5986
     108       6.0662
     109       5.9181
     110       5.9967
     111       6.0345
     112       5.8531
     113       6.3059
     114       5.7641
     115       6.1816
     116       5.8435
     117       5.8989
     118       5.7381
     119       5.3013
     120       5.7643
     121       5.5729
     122       5.6818
     123       5.3699
     124       5.8740
     125       5.5411
     126       5.7698
     127       5.6437
     128       5.6506
     129       6.0360
     130       6.0344
     131       5.6122
     132       6.2560
     133       6.2303
     134       5.9645
     135       5.4417
     136       5.7812
     137       5.8484
     138       6.0509
     139       6.0769
     140       6.1185
     141       5.8698
     142       5.8331
     143       5.9875
     144       5.8004
     145       5.5977
     146       5.6570
     147       5.5612
     148       5.8481
     149       5.9975
     150       5.7129
     151       5.5812
     152       5.3884
     153       6.0528
     154       5.5761
     155       6.2407
     156       5.8755
     157       5.9304
     158       5.7097
     159       5.9022
     160       5.8794
     161       6.1537
     162       5.9474
     163       6.0094
     164       5.7247
     165       5.8590
     166       5.7875
     167       6.1164
     168       5.9333
     169       6.0509
     170       5.7270
     171       5.7972
     172       5.7397
     173       5.8938
     174       5.8855
     175       5.8546
     176       5.7502
     177       5.5056
     178       5.6669
     179       5.5470
     180       5.6665
     181       5.5415
     182       5.4273
     183       5.7797
     184       5.6094
     185       5.9932
     186       5.6733
     187       5.8866
     188       5.6469
     189       6.1240
     190       6.0934
     191       5.7711
     192       5.6950
     193       5.9573
     194       5.9175
     195       5.6670
     196       5.7808
     197       5.9160
     198       5.2628
     199       5.8920
     200       5.7260
     201       5.4916
     202       5.6881
     203       5.6653
     204       6.1098
     205       6.0587
     206       5.7190
     207       5.6687
     208       6.1138
     209       5.9700
     210       5.6216
     211       5.6853
     212       6.1510
     213       5.6434
     214       5.5362
     215       6.0594
     216       5.7113
     217       5.7940
     218       5.7557
     219       5.9172
     220       5.6956
     221       5.9444
     222       5.6209
     223       5.6580
     224       5.9700
     225       5.5116
     226       6.0053
     227       5.7239
     228       5.8824
     229       5.5297
     230       5.7066
     231       5.3356
     232       5.6883
     233       5.8537
     234       5.9141
     235       5.8914
     236       5.8265
     237       6.1791
     238       5.9273
     239       6.0504
     240       5.9074
     241       5.8092
     242       5.7588
     243       5.6281
     244       5.8286
     245       6.0148
     246       6.0823
     247       5.9035
     248       5.5909
     249       5.7841
     250       6.0728
     251       5.8711
     252       5.6884
     253       5.9138
     254       5.7001
     255       5.9810
     256       5.5168
     257       5.6547
     258       5.8555
     259       6.1479
     260       5.9424
     261       5.8210
     262       5.8282
     263       5.9478
     264       5.6993
     265       5.9336
     266       6.0263
     267       5.8828
     268       5.6019
     269       6.1663
     270       5.9909
     271       5.7910
     272       5.7019
     273       6.0033
     274       5.7677
     275       5.6793
     276       5.4033
     277       5.8481
     278       6.0263
     279       6.3391
     280       6.1242
     281       5.7589
     282       6.3204
     283       5.7896
     284       5.6956
     285       5.8709
     286       5.9968
     287       5.8534
     288       6.0168
     289       5.7570
     290       5.7137
     291       5.6745
     292       6.0771
     293       6.0700
     294       6.1140
     295       6.1890
     296       5.7661
     297       5.4986
     298       5.7174
     299       5.2513
     300       5.8875
     301       5.6995
     302       5.7613
     303       5.7394
     304       5.7892
     305       5.7236
     306       5.8965
     307       5.5667
     308       5.8377
     309       5.9437
     310       5.8261
     311       6.1016
     312       6.0174
     313       5.5835
     314       5.6983
     315       5.7662
     316       5.9195
     317       5.9520
     318       6.2191
     319       6.0886
     320       4.9363
     321       5.9398
     322       5.9703
     323       5.4227
     324       6.0106
     325       5.9354
     326       5.6533
     327       5.7839
     328       5.6424
     329       5.7298
     330       6.0351
     331       5.8810
     332       5.7575
     333       5.9255
     334       5.8590
     335       6.1087
     336       5.7069
     337       5.6600
     338       5.8715
     339       5.4711
     340       6.2076
     341       5.6974
     342       5.9345
     343       5.9496
     344       5.9310
     345       5.8047
     346       5.8934
     347       5.8949
     348       5.5870
     349       5.8569
     350       5.9043
     351       5.6294
     352       5.9995
     353       5.6623
     354       6.1340
     355       5.9639
     356       5.7523
     357       5.6188
     358       5.7718
     359       5.5747
     360       5.7644
     361       5.8302
     362       5.5410
     363       5.9904
     364       5.9648
     365       5.8656
     366       5.8933
     367       5.8507
     368       6.4522
     369       5.9268
     370       5.7285
     371       5.9926
     372       5.8272
     373       5.7719
     374       5.7154
     375       5.7896
     376       6.1362
     377       5.9767
     378       5.7604
     379       5.9673
     380       6.1186
     381       5.8792
     382       5.4894
     383       5.7452
     384       5.7017
     385       6.0924
     386       6.0500
     387       5.8925
     388       6.2700
     389       5.9465
     390       5.9905
     391       6.0205
     392       5.6756
     393       6.2561
     394       5.8446
     395       6.0641
     396       5.8497
     397       5.9687
     398       6.2069
     399       5.9623
     400       5.9666
     401       5.8845
     402       5.9526
     403       5.7089
     404       5.8396
     405       5.8931
     406       6.0743
     407       6.1118
     408       6.0642
     409       5.8758
     410       5.9600
     411       6.0347
     412       5.9889
     413       6.1988
     414       6.0837
     415       6.1945
     416       6.1189
     417       5.9484
     418       5.8104
     419       6.0013
     420       6.1173
     421       5.9666
     422       5.8633
     423       6.0483
     424       5.4811
     425       6.4468
     426       5.4969
     427       5.8593
     428       5.5484
     429       5.9341
     430       5.9806
     431       5.8386
     432       6.2178
     433       5.9979
     434       5.9249
     435       5.8552
     436       5.9095
     437       6.4144
     438       5.7465
     439       6.2677
     440       5.9244
     441       5.7328
     442       5.9896
     443       5.6613
     444       5.3432
     445       5.9147
     446       5.8670
     447       5.4816
     448       6.0664
     449       5.5868
     450       6.1982
     451       5.9479
     452       5.5639
     453       6.0509
     454       5.5787
     455       5.6448
     456       5.5509
     457       5.3681
     458       5.8986
     459       5.7568
     460       5.6129
     461       5.9564
     462       5.6085
     463       6.0917
     464       5.5823
     465       5.7428
     466       5.5164
     467       5.7282
     468       5.6682
     469       6.0684
     470       5.4440
     471       6.0202
     472       6.0702
     473       5.8950
     474       5.8611
     475       5.8923
     476       5.4168
     477       6.0937
     478       6.0746
     479       5.9254
     480       5.8065
     481       6.3860
     482       5.8007
     483       5.5818
     484       5.7155
     485       5.8311
     486       6.0968
     487       5.9138
     488       5.8493
     489       5.5711
     490       6.3387
     491       5.2405
     492       6.2097
     493       5.4538
     494       5.4655
     495       5.6083
     496       5.9127
     497       5.7440
     498       6.3882
     499       6.1776
     500       5.7513
     501       6.0056
     502       5.8749
     503       6.0092
     504       6.5150
     505       5.6144
     506       5.7754
     507       5.5539
     508       5.9334
     509       5.8637
     510       6.1275
     511       5.4320
     512       5.6560
     513       5.6194
     514       5.5700
     515       5.7338
     516       5.8724
     517       6.0210
     518       6.1599
     519       5.6761
     520       6.2231
     521       6.3651
     522       6.2277
     523       6.0493
     524       6.2671
     525       5.9263
     526       5.7220
     527       5.8005
     528       5.8327
     529       5.7409
     530       5.8034
     531       5.9932
     532       5.6179
     533       5.8801
     534       5.8577
     535       6.2319
     536       5.9912
     537       5.8547
     538       5.5829
     539       5.6884
     540       5.6477
     541       5.5354
     542       6.1992
     543       5.8916
     544       5.8289
     545       5.9073
     546       5.6903
     547       5.8905
     548       5.9622
     549       5.6797
     550       5.8072
     551       6.1294
     552       5.7635
     553       5.5614
     554       5.8672
     555       5.8683
     556       6.2803
     557       5.7208
     558       5.8763
     559       5.9425
     560       5.7085
     561       5.8948
     562       5.8385
     563       5.9420
     564       6.0339
     565       5.8289
     566       5.8644
     567       5.7259
     568       5.6698
     569       5.6973
     570       5.6477
     571       5.9063
     572       6.3891
     573       5.9794
     574       6.0468
     575       5.8494
     576       5.5187
     577       5.6206
     578       6.0803
     579       5.7067
     580       5.9126
     581       5.7852
     582       5.8247
     583       5.7627
     584       5.5080
     585       5.7044
     586       5.8246
     587       5.7499
     588       6.1605
     589       5.7511
     590       5.6912
     591       6.1297
     592       5.8412
     593       5.9155
     594       5.5598
     595       5.9185
     596       5.6114
     597       5.6127
     598       5.7925
     599       6.3320
     600       6.2255
     601       5.4994
     602       5.9765
     603       6.1924
     604       5.9307
     605       5.7227
     606       5.7626
     607       6.3517
     608       5.8704
     609       5.9428
     610       6.2215
     611       5.9145
     612       6.1407
     613       6.0443
     614       5.9296
     615       5.9778
     616       5.9639
     617       5.7942
     618       6.1004
     619       5.9871
     620       5.5061
     621       6.2181
     622       6.0966
     623       5.5665
     624       6.2005
     625       6.0372
     626       6.1616
     627       5.8727
     628       5.6469
     629       5.9016
     630       6.0099
     631       5.5339
     632       5.7586
     633       5.8162
     634       5.6926
     635       5.5912
     636       5.6631
     637       5.6790
     638       5.4153
     639       5.8547
     640       5.7962
     641       5.5387
     642       5.2898
     643       5.9641
     644       6.2121
     645       5.6578
     646       5.8355
     647       5.9960
     648       5.8876
     649       5.9977
     650       5.5377
     651       5.5201
     652       5.9975
     653       5.6429
     654       5.8063
     655       5.7547
     656       5.9370
     657       5.8791
     658       5.8226
     659       5.9434
     660       5.9296
     661       6.0208
     662       5.7521
     663       6.4850
     664       5.7756
     665       5.7866
     666       5.7709
     667       5.8832
     668       5.9444
     669       5.6964
     670       5.5965
     671       5.9777
     672       5.7147
     673       5.9595
     674       6.0011
     675       5.7280
     676       5.8674
     677       5.8694
     678       5.8939
     679       5.7291
     680       5.6626
     681       6.0815
     682       5.9652
     683       6.2091
     684       5.7160
     685       5.9050
     686       5.7507
     687       5.5736
     688       5.8694
     689       5.6640
     690       6.1543
     691       5.9583
     692       5.8393
     693       6.1158
     694       5.9940
     695       5.8578
     696       5.8584
     697       5.9590
     698       5.5714
     699       5.7454
     700       5.9048
     701       5.6448
     702       5.6622
     703       5.8323
     704       5.9143
     705       5.7299
     706       5.8198
     707       6.0169
     708       5.8826
     709       6.0277
     710       5.5569
     711       6.2389
     712       6.1359
     713       5.9882
     714       5.7943
     715       5.8253
     716       6.2745
     717       5.9953
     718       6.0209
     719       5.8924
     720       5.9233
     721       5.6511
     722       5.2936
     723       6.0340
     724       6.0363
     725       5.9085
     726       6.1445
     727       5.8147
     728       5.8204
     729       6.2027
     730       5.8045
     731       5.7579
     732       5.8379
     733       5.7593
     734       6.1242
     735       6.0183
     736       5.6036
     737       5.7522
     738       6.0131
     739       6.0843
     740       5.9413
     741       5.6525
     742       6.1522
     743       5.8002
     744       5.7985
     745       5.6409
     746       6.0082
     747       5.9008
     748       5.8015
     749       5.8966
     750       5.8895
     751       6.2524
     752       6.0394
     753       5.7336
     754       6.1551
     755       5.6819
     756       6.0801
     757       5.5643
     758       5.3177
     759       5.8913
     760       5.9703
     761       5.9344
     762       5.8146
     763       5.8483
     764       5.9643
     765       6.2543
     766       5.8117
     767       5.4860
     768       6.0756
     769       5.7961
     770       5.9961
     771       5.5924
     772       5.8095
     773       6.1553
     774       5.8737
     775       5.6517
     776       5.5436
     777       5.8131
     778       5.4879
     779       6.1239
     780       5.4363
     781       5.6794
     782       5.7926
     783       5.6319
     784       5.5534
     785       5.7250
     786       6.3115
     787       5.7302
     788       5.8024
     789       5.6122
     790       5.7030
     791       5.6211
     792       6.0517
     793       6.0870
     794       6.1935
     795       5.7286
     796       6.0175
     797       6.0115
     798       5.9137
     799       6.2468
     800       5.8141
     801       5.9028
     802       5.7598
     803       6.3326
     804       6.1415
     805       6.0425
     806       5.9049
     807       6.0165
     808       5.8374
     809       5.7159
     810       5.5940
     811       5.7379
     812       5.8239
     813       6.0792
     814       5.8970
     815       6.0883
     816       5.9335
     817       6.1257
     818       5.8326
     819       5.9678
     820       5.9668
     821       6.0190
     822       5.9452
     823       5.5244
     824       5.7117
     825       5.6792
     826       5.9911
     827       5.9716
     828       5.9192
     829       5.8319
     830       6.0596
     831       5.6515
     832       5.8097
     833       5.6884
     834       6.3025
     835       6.0056
     836       5.7785
     837       6.1163
     838       5.5855
     839       6.1485
     840       5.8124
     841       5.8225
     842       5.7644
     843       6.0705
     844       6.3973
     845       4.6052
     846       5.7940
     847       5.8315
     848       6.0817
     849       6.2716
     850       5.8749
     851       5.5969
     852       5.5336
     853       5.8186
     854       5.7857
     855       6.0339
     856       6.3755
     857       5.9395
     858       6.1066
     859       5.7310
     860       5.5093
     861       5.8337
     862       6.0653
     863       5.7409
     864       5.3204
     865       5.6836
     866       5.6987
     867       6.0519
     868       5.8804
     869       5.8565
     870       6.0253
     871       5.9923
     872       5.6183
     873       5.7063
     874       5.7685
     875       6.1995
     876       6.0910
     877       5.8972
     878       5.4438
     879       5.7822
     880       5.7448
     881       6.0550
     882       5.8514
     883       5.6134
     884       6.1963
     885       5.9360
     886       5.8680
     887       6.0696
     888       5.4615
     889       6.0419
     890       6.1802
     891       6.1928
     892       5.9742
     893       5.9214
     894       5.8846
     895       5.8427
     896       6.1985
     897       5.5679
     898       5.9763
     899       5.8700
     900       6.0564
     901       6.0552
     902       5.7989
     903       5.8330
     904       5.5278
     905       5.8804
     906       5.6073
     907       6.0761
     908       5.6489
     909       6.0152
     910       5.8623
     911       6.1111
     912       5.7883
     913       5.5383
     914       5.6912
     915       5.9782
     916       5.3563
     917       5.6417
     918       6.1914
     919       5.7233
     920       6.0229
     921       6.2628
     922       5.4529
     923       5.7849
     924       5.9243
     925       5.7915
     926       5.5349
     927       5.6829
     928       5.7569
     929       5.3822
     930       6.2603
     931       5.8636
     932       5.8707
     933       5.9589
     934       5.7594
     935       5.2700
     936       5.8659
     937       5.1932
     938       5.5671
     939       6.3251
     940       5.6359
     941       5.6935
     942       5.7434
     943       5.6120
     944       5.6451
     945       5.8996
     946       5.8744
     947       5.7443
     948       5.8273
     949       5.1338
     950       5.6907
     951       6.0995
     952       5.4571
     953       6.0072
     954       5.7238
     955       5.1900
     956       5.7716
     957       5.4173
     958       5.5989
     959       5.8421
     960       5.8990
     961       5.5029
     962       5.8393
     963       5.5374
     964       5.8928
     965       5.7069
     966       5.7876
     967       5.7316
     968       5.5555
     969       5.6897
     970       5.4203
     971       5.8122
     972       5.4988
     973       5.2254
     974       5.3555
     975       5.2149
     976       5.5088
     977       5.7689
     978       5.3656
     979       5.7820
     980       5.5588
     981       5.3230
     982       5.0770
     983       5.4994
     984       5.4341
     985       5.7021
     986       5.6453
     987       5.8237
     988       5.6637
     989       5.5682
     990       6.1202
     991       6.2059
     992       5.2534
     993       5.8083
     994       5.2646
     995       5.7955
     996       6.1670
     997       5.5036
     998       5.8067
     999       5.4521
    1000       5.6773
