#Frame       C45-C133
       1       2.0988
       2       1.9701
       3       2.0622
       4       2.0819
       5       2.0485
       6       2.0175
       7       2.0071
       8       2.0282
       9       2.0049
      10       1.9039
      11       2.0533
      12       2.0679
      13       2.0403
      14       1.9357
      15       1.9835
      16       2.0743
      17       2.0857
      18       1.9680
      19       2.0008
      20       2.0193
      21       2.0443
      22       1.9850
      23       2.0567
      24       2.0526
      25       1.9929
      26       2.0025
      27       2.0001
      28       2.0058
      29       2.0477
      30       1.9969
      31       2.0262
      32       2.0042
      33       2.0236
      34       2.0395
      35       1.9791
      36       2.0647
      37       2.0568
      38       2.0359
      39       2.0067
      40       1.9866
      41       1.9554
      42       2.0072
      43       2.0038
      44       2.0365
      45       1.9739
      46       2.0290
      47       2.0352
      48       2.0300
      49       2.0346
      50       1.9980
      51       1.9889
      52       1.9408
      53       2.0570
      54       2.0663
      55       1.9799
      56       2.0897
      57       2.0687
      58       2.0821
      59       2.0559
      60       2.0351
      61       2.1012
      62       2.0904
      63       2.0325
      64       2.0051
      65       1.9949
      66       1.9719
      67       2.0094
      68       1.9968
      69       1.9888
      70       2.0290
      71       2.0549
      72       2.0152
      73       2.0659
      74       2.0805
      75       2.0275
      76       2.1124
      77       2.0368
      78       2.0795
      79       2.0602
      80       1.9888
      81       1.9600
      82       2.0835
      83       1.9664
      84       2.1199
      85       2.0562
      86       2.0128
      87       1.9089
      88       2.0265
      89       1.9581
      90       2.0111
      91       2.0721
      92       2.0440
      93       2.0692
      94       2.0530
      95       1.9396
      96       2.0296
      97       2.0963
      98       1.9922
      99       2.0684
     100       2.0433
     101       2.0295
     102       2.0092
     103       2.0390
     104       2.1099
     105       1.9998
     106       2.0415
     107       2.0226
     108       2.0070
     109       2.0600
     110       2.0284
     111       1.9742
     112       2.0320
     113       2.0236
     114       2.0288
     115       2.0714
     116       2.0590
     117       2.0480
     118       2.0061
     119       2.0086
     120       2.0218
     121       2.0599
     122       1.9758
     123       1.9933
     124       1.9520
     125       2.0647
     126       2.0349
     127       1.9704
     128       1.9854
     129       2.1197
     130       2.0306
     131       2.0339
     132       2.0502
     133       2.0341
     134       2.0533
     135       1.9788
     136       2.0491
     137       1.9620
     138       2.0097
     139       2.0494
     140       1.9848
     141       2.0399
     142       2.0796
     143       2.0169
     144       2.0023
     145       2.0495
     146       1.9523
     147       2.0511
     148       1.9737
     149       2.0286
     150       1.9505
     151       2.0008
     152       2.0027
     153       1.9592
     154       2.0125
     155       2.0538
     156       2.0291
     157       2.0010
     158       1.9735
     159       2.0577
     160       2.0736
     161       2.0391
     162       2.0269
     163       2.0498
     164       2.0097
     165       2.0407
     166       2.0874
     167       2.0238
     168       1.9670
     169       2.0580
     170       2.0021
     171       2.0015
     172       2.0578
     173       2.0873
     174       2.0407
     175       1.9609
     176       2.0709
     177       2.0398
     178       2.0139
     179       2.0040
     180       1.9769
     181       2.0998
     182       2.0546
     183       2.0153
     184       2.0328
     185       2.0827
     186       2.1017
     187       2.0539
     188       2.0785
     189       2.0550
     190       2.0270
     191       1.9571
     192       1.9783
     193       2.0553
     194       1.9826
     195       2.0483
     196       1.9571
     197       2.0436
     198       2.0621
     199       2.0669
     200       1.9470
     201       2.0328
     202       2.0477
     203       2.0068
     204       2.0553
     205       1.9338
     206       1.9843
     207       1.9776
     208       2.0337
     209       2.0624
     210       1.9907
     211       2.0547
     212       2.0441
     213       1.9831
     214       2.0456
     215       1.9787
     216       2.0594
     217       2.0200
     218       1.9867
     219       2.0205
     220       2.0076
     221       2.0380
     222       2.0728
     223       2.0203
     224       2.0047
     225       2.0433
     226       2.0547
     227       2.0228
     228       2.0364
     229       2.0549
     230       2.0041
     231       1.9718
     232       2.0973
     233       2.0980
     234       2.0345
     235       2.0130
     236       2.0094
     237       2.0856
     238       1.9805
     239       2.0463
     240       2.0293
     241       2.0017
     242       2.0057
     243       1.9974
     244       1.9307
     245       1.9909
     246       2.0757
     247       2.0444
     248       2.0376
     249       2.0223
     250       2.0767
     251       2.0758
     252       1.9262
     253       2.0654
     254       2.0282
     255       2.0907
     256       1.9656
     257       2.0167
     258       2.0811
     259       2.0261
     260       2.0745
     261       1.9837
     262       2.0658
     263       2.0800
     264       1.9964
     265       2.0128
     266       2.0407
     267       1.9918
     268       2.1027
     269       1.9677
     270       2.0500
     271       2.0818
     272       2.0328
     273       2.0987
     274       2.0253
     275       2.0399
     276       2.0932
     277       2.0680
     278       2.0429
     279       2.0020
     280       1.9762
     281       1.9974
     282       2.0548
     283       2.0072
     284       1.9675
     285       2.0145
     286       2.0166
     287       1.9704
     288       2.0414
     289       1.9974
     290       1.9996
     291       2.0029
     292       2.0237
     293       2.0297
     294       2.0125
     295       2.0039
     296       2.0074
     297       2.0978
     298       1.9752
     299       2.0757
     300       2.0292
     301       2.0852
     302       2.0552
     303       2.0804
     304       2.0580
     305       1.9850
     306       2.0288
     307       1.9773
     308       2.0447
     309       2.0330
     310       2.0194
     311       2.0817
     312       1.9923
     313       2.0509
     314       2.0549
     315       2.0449
     316       2.0483
     317       1.9882
     318       2.0532
     319       2.0501
     320       2.0589
     321       2.1183
     322       1.9970
     323       1.9859
     324       1.9692
     325       2.0430
     326       2.0073
     327       2.0058
     328       2.0403
     329       2.0831
     330       2.0627
     331       2.0196
     332       2.0096
     333       2.0150
     334       2.0283
     335       1.9865
     336       2.0002
     337       2.0501
     338       1.9602
     339       2.0498
     340       2.0572
     341       2.0101
     342       2.0264
     343       2.0881
     344       2.0885
     345       1.9920
     346       2.0478
     347       2.0541
     348       1.9680
     349       2.0840
     350       2.0400
     351       2.0026
     352       2.0728
     353       2.0297
     354       2.0231
     355       2.0432
     356       2.1003
     357       1.9725
     358       1.9835
     359       1.9972
     360       2.0267
     361       2.0736
     362       2.0263
     363       2.0361
     364       2.0488
     365       2.0273
     366       2.0589
     367       2.0800
     368       2.1107
     369       1.9469
     370       2.0542
     371       2.0031
     372       2.0242
     373       2.0632
     374       1.9831
     375       2.0331
     376       2.0439
     377       1.9701
     378       1.9862
     379       2.0139
     380       2.0119
     381       2.0322
     382       2.0446
     383       2.0465
     384       2.0337
     385       2.0550
     386       1.9961
     387       2.1040
     388       2.0545
     389       2.0619
     390       2.0523
     391       2.0404
     392       1.9423
     393       1.9994
     394       2.1073
     395       2.0043
     396       2.0724
     397       2.0155
     398       2.1059
     399       2.0245
     400       2.0357
     401       2.0606
     402       1.9785
     403       1.9829
     404       2.0569
     405       1.9942
     406       2.0147
     407       2.0596
     408       2.0722
     409       2.0323
     410       2.0100
     411       2.2205
     412       2.0208
     413       2.0356
     414       1.9999
     415       1.9738
     416       2.0070
     417       1.9932
     418       2.0528
     419       1.9927
     420       1.9734
     421       2.0040
     422       2.0181
     423       2.0293
     424       2.0049
     425       2.1042
     426       2.0341
     427       1.9673
     428       2.0105
     429       2.0044
     430       2.0372
     431       1.9623
     432       2.0473
     433       2.0100
     434       2.0537
     435       2.0672
     436       2.0426
     437       2.1569
     438       2.0243
     439       2.0750
     440       2.0407
     441       2.0792
     442       2.0007
     443       2.0609
     444       2.0233
     445       2.0223
     446       1.9577
     447       2.0854
     448       2.0402
     449       2.0336
     450       2.0027
     451       2.0718
     452       2.0446
     453       2.0679
     454       2.0005
     455       1.9916
     456       2.0325
     457       2.0403
     458       2.0757
     459       2.0718
     460       1.9676
     461       1.9956
     462       1.9963
     463       2.0590
     464       2.0411
     465       2.0343
     466       2.0060
     467       1.9712
     468       2.0364
     469       1.9769
     470       1.9855
     471       2.0291
     472       2.0016
     473       1.9832
     474       2.0880
     475       2.0110
     476       1.9862
     477       2.1120
     478       1.9794
     479       1.9863
     480       2.1390
     481       2.0077
     482       2.0189
     483       2.0915
     484       2.0187
     485       2.0489
     486       1.9955
     487       2.1362
     488       1.9896
     489       2.0597
     490       2.0899
     491       1.9818
     492       2.0378
     493       1.9987
     494       2.0418
     495       2.0143
     496       2.0098
     497       2.0124
     498       2.0193
     499       2.1065
     500       2.0025
     501       2.0167
     502       2.0474
     503       2.0106
     504       2.0178
     505       2.0116
     506       2.0329
     507       2.0579
     508       2.0505
     509       2.0841
     510       2.1071
     511       2.0323
     512       1.9797
     513       2.0200
     514       2.1112
     515       2.0505
     516       2.0245
     517       1.9883
     518       2.0975
     519       2.0295
     520       1.9912
     521       2.0383
     522       2.0122
     523       2.0651
     524       2.0308
     525       2.0371
     526       2.0299
     527       2.0376
     528       2.1061
     529       1.9979
     530       1.9968
     531       2.0137
     532       2.0650
     533       2.0262
     534       2.0801
     535       2.1105
     536       2.0673
     537       2.0679
     538       2.0881
     539       2.0232
     540       2.0274
     541       2.0661
     542       2.0990
     543       2.0060
     544       1.9512
     545       2.0056
     546       1.9914
     547       2.0794
     548       2.0290
     549       1.9526
     550       2.0223
     551       1.9867
     552       1.9945
     553       2.0658
     554       2.0265
     555       2.0016
     556       2.1133
     557       1.9496
     558       2.0663
     559       2.0459
     560       2.0239
     561       2.0666
     562       2.1011
     563       2.0611
     564       2.0840
     565       2.1038
     566       2.0328
     567       2.0106
     568       2.0689
     569       2.0615
     570       2.0122
     571       1.9609
     572       2.0255
     573       2.0193
     574       2.0769
     575       1.9591
     576       2.0139
     577       2.1034
     578       2.1041
     579       2.0386
     580       2.0438
     581       2.0460
     582       2.0335
     583       2.0068
     584       2.0170
     585       2.0432
     586       1.9684
     587       2.0941
     588       2.1067
     589       2.0219
     590       1.9981
     591       1.9774
     592       2.0052
     593       2.0480
     594       2.0226
     595       2.1121
     596       2.0138
     597       1.9823
     598       2.0005
     599       2.0274
     600       2.0169
     601       2.0370
     602       2.0538
     603       2.0272
     604       1.9721
     605       2.0703
     606       2.0625
     607       2.0098
     608       1.9334
     609       2.0115
     610       2.0156
     611       1.9801
     612       2.1090
     613       2.0403
     614       2.0459
     615       1.9839
     616       2.0251
     617       2.0963
     618       2.0266
     619       2.0456
     620       2.0482
     621       2.0212
     622       2.0478
     623       2.0631
     624       2.0542
     625       2.0014
     626       2.0314
     627       2.0111
     628       1.9824
     629       1.9501
     630       2.0806
     631       2.0069
     632       1.9715
     633       2.0618
     634       2.0208
     635       2.0313
     636       1.9820
     637       2.0656
     638       2.0723
     639       2.0247
     640       2.0485
     641       2.0369
     642       2.0850
     643       2.0155
     644       2.0217
     645       2.0804
     646       2.0431
     647       2.0540
     648       2.0359
     649       1.9715
     650       2.0257
     651       2.0179
     652       2.0279
     653       2.0179
     654       2.0407
     655       2.0542
     656       2.1204
     657       1.9985
     658       2.0247
     659       1.9318
     660       2.0361
     661       2.0589
     662       1.9855
     663       2.1411
     664       2.0556
     665       2.0911
     666       2.0250
     667       2.1054
     668       2.0089
     669       2.0153
     670       2.0374
     671       2.0057
     672       2.0412
     673       1.9815
     674       2.0020
     675       2.0175
     676       2.0590
     677       2.0128
     678       2.0110
     679       2.0495
     680       2.0444
     681       2.0707
     682       2.0419
     683       2.0271
     684       2.0091
     685       2.0298
     686       2.0756
     687       2.0264
     688       2.0404
     689       1.9800
     690       2.1249
     691       2.1040
     692       1.9909
     693       2.0817
     694       2.0388
     695       2.1103
     696       1.9972
     697       1.9851
     698       1.9996
     699       2.0533
     700       2.0567
     701       2.0598
     702       1.9962
     703       2.0361
     704       2.0749
     705       2.0280
     706       2.0726
     707       2.0587
     708       1.9955
     709       2.0472
     710       2.0679
     711       2.0034
     712       2.0346
     713       2.0468
     714       2.0469
     715       2.0880
     716       2.0178
     717       2.0538
     718       2.0485
     719       2.0109
     720       1.9850
     721       2.0446
     722       2.0445
     723       2.0374
     724       2.0646
     725       2.0769
     726       2.0049
     727       2.1217
     728       2.0640
     729       2.0263
     730       2.0785
     731       1.9914
     732       2.0078
     733       2.0165
     734       2.0297
     735       2.0574
     736       2.0165
     737       1.9531
     738       1.9554
     739       2.0499
     740       2.0296
     741       2.0405
     742       2.0002
     743       2.0309
     744       2.0201
     745       2.0086
     746       2.1052
     747       2.0194
     748       1.9850
     749       2.0042
     750       1.9962
     751       1.9482
     752       2.0853
     753       2.1342
     754       2.0809
     755       1.9885
     756       2.0447
     757       2.0212
     758       2.0249
     759       2.0095
     760       2.0308
     761       2.0150
     762       2.0196
     763       2.0023
     764       1.9927
     765       2.0850
     766       2.0565
     767       2.0179
     768       2.0717
     769       2.0136
     770       2.1295
     771       2.0070
     772       2.0425
     773       1.9932
     774       1.9811
     775       2.0403
     776       2.0069
     777       1.9695
     778       2.0749
     779       2.0591
     780       2.0641
     781       1.9926
     782       1.9749
     783       1.9535
     784       2.0591
     785       1.9822
     786       2.0709
     787       1.9261
     788       1.9998
     789       2.0651
     790       2.0430
     791       2.0551
     792       2.0428
     793       2.0246
     794       2.0057
     795       1.9736
     796       2.0601
     797       2.0330
     798       2.0281
     799       2.0664
     800       2.0650
     801       2.0159
     802       1.9937
     803       2.0465
     804       2.0397
     805       1.9900
     806       2.1116
     807       2.0026
     808       2.0641
     809       2.0700
     810       1.9818
     811       2.0648
     812       2.0234
     813       1.9937
     814       2.1000
     815       2.0374
     816       2.0319
     817       2.0614
     818       2.0281
     819       2.0572
     820       2.0636
     821       2.0293
     822       2.0388
     823       1.9337
     824       2.0419
     825       2.0365
     826       2.0518
     827       2.0343
     828       2.0673
     829       2.0752
     830       2.0647
     831       1.9576
     832       2.0844
     833       2.0412
     834       1.9978
     835       2.0557
     836       2.0535
     837       2.0117
     838       2.1104
     839       2.0360
     840       2.0663
     841       2.0610
     842       2.0440
     843       2.0188
     844       2.0146
     845       2.0321
     846       2.0607
     847       2.0521
     848       2.0936
     849       2.0762
     850       2.0252
     851       1.9461
     852       2.0347
     853       2.0190
     854       2.0024
     855       2.0900
     856       2.0319
     857       2.0743
     858       1.9955
     859       1.9935
     860       2.0468
     861       2.0517
     862       2.0143
     863       2.0388
     864       1.9679
     865       2.0932
     866       2.0440
     867       1.9946
     868       2.0701
     869       1.9879
     870       2.0242
     871       1.9880
     872       1.9634
     873       2.0731
     874       1.9593
     875       1.9851
     876       2.0143
     877       2.1267
     878       2.0351
     879       2.0154
     880       1.9927
     881       2.0243
     882       2.0401
     883       2.0594
     884       2.1363
     885       1.9704
     886       2.1211
     887       2.0218
     888       1.9885
     889       2.0783
     890       1.9988
     891       2.0299
     892       1.9672
     893       2.0856
     894       2.0172
     895       1.9957
     896       2.0481
     897       2.0909
     898       1.9809
     899       2.0433
     900       1.9849
     901       2.0885
     902       1.9772
     903       2.0876
     904       2.0694
     905       2.0024
     906       2.0892
     907       2.0377
     908       2.0494
     909       2.0920
     910       2.0004
     911       2.0172
     912       2.0465
     913       2.0888
     914       2.0492
     915       2.0047
     916       2.0074
     917       2.1033
     918       2.0205
     919       2.0728
     920       2.0657
     921       2.0110
     922       1.9576
     923       2.0076
     924       2.0197
     925       2.1033
     926       2.0007
     927       2.0429
     928       2.0446
     929       2.0298
     930       2.0756
     931       2.0675
     932       2.0337
     933       2.0101
     934       1.9834
     935       2.1043
     936       2.0270
     937       1.9627
     938       2.0530
     939       2.0089
     940       2.0616
     941       2.0477
     942       2.0734
     943       2.0067
     944       2.0276
     945       2.0423
     946       2.0577
     947       1.9534
     948       2.0489
     949       1.9995
     950       2.0508
     951       2.0419
     952       2.0826
     953       2.0516
     954       1.9867
     955       2.0406
     956       2.1243
     957       1.9765
     958       2.0233
     959       2.1389
     960       1.9959
     961       1.9943
     962       1.9727
     963       2.0262
     964       2.0766
     965       2.0128
     966       2.0828
     967       2.0409
     968       2.0901
     969       2.0601
     970       1.9964
     971       2.0410
     972       2.0556
     973       2.0141
     974       2.0134
     975       2.0147
     976       2.0318
     977       2.0512
     978       1.9919
     979       2.0450
     980       2.0327
     981       1.9681
     982       2.0424
     983       2.0393
     984       2.0190
     985       2.0994
     986       2.0486
     987       2.0287
     988       2.0922
     989       2.0436
     990       2.0137
     991       2.0684
     992       2.0439
     993       2.0140
     994       2.0059
     995       1.9834
     996       2.0476
     997       1.9943
     998       2.0797
     999       2.0344
    1000       2.1332
