#Frame   M2-E175-Oe_M2-T148-HG1
       1                 6.0354
       2                 6.1375
       3                 5.7360
       4                 5.4721
       5                 5.5357
       6                 6.0536
       7                 5.8531
       8                 5.1078
       9                 5.5344
      10                 5.3920
      11                 5.8018
      12                 5.4056
      13                 5.4934
      14                 6.0958
      15                 5.5643
      16                 6.1632
      17                 5.7428
      18                 5.8243
      19                 5.7374
      20                 5.6441
      21                 6.1983
      22                 5.1914
      23                 6.1598
      24                 5.4801
      25                 6.0499
      26                 5.6747
      27                 6.0044
      28                 6.0670
      29                 6.3469
      30                 5.7657
      31                 5.9578
      32                 5.8747
      33                 5.1189
      34                 5.5511
      35                 5.5631
      36                 6.4227
      37                 5.4960
      38                 5.6601
      39                 5.7994
      40                 5.4763
      41                 5.6711
      42                 6.0269
      43                 5.6948
      44                 5.4469
      45                 6.4928
      46                 5.6381
      47                 5.5396
      48                 5.6583
      49                 6.2981
      50                 5.1928
      51                 5.6610
      52                 5.6264
      53                 5.5223
      54                 5.8307
      55                 5.5394
      56                 5.6329
      57                 5.9161
      58                 5.8809
      59                 5.6049
      60                 5.5086
      61                 5.6675
      62                 5.1185
      63                 5.8015
      64                 5.9404
      65                 5.6491
      66                 6.4467
      67                 5.7214
      68                 5.5858
      69                 6.1028
      70                 5.9485
      71                 5.7630
      72                 5.7461
      73                 5.8318
      74                 5.7043
      75                 5.9198
      76                 5.5216
      77                 5.3152
      78                 5.5586
      79                 5.6451
      80                 5.9528
      81                 5.7883
      82                 6.0517
      83                 5.7051
      84                 6.1463
      85                 5.7484
      86                 5.7496
      87                 5.7358
      88                 5.5519
      89                 5.7338
      90                 5.4482
      91                 5.6759
      92                 7.6285
      93                 8.8641
      94                 5.8846
      95                 6.4543
      96                 5.5865
      97                 5.7559
      98                 5.6367
      99                 6.0150
     100                 5.8437
     101                 5.8811
     102                 5.9851
     103                 5.5877
     104                 5.9095
     105                 5.9693
     106                 5.9373
     107                 5.3599
     108                 6.0887
     109                 5.4338
     110                 5.3472
     111                 5.6171
     112                 6.0478
     113                 5.6033
     114                 5.4575
     115                 5.6933
     116                 6.4447
     117                 5.2669
     118                 5.6737
     119                 5.2883
     120                 5.6691
     121                 5.2840
     122                 5.6649
     123                 5.8908
     124                 5.8192
     125                 5.4062
     126                 5.7425
     127                 6.0702
     128                 6.4635
     129                 6.3907
     130                 5.5716
     131                 5.8775
     132                 6.1184
     133                 5.5796
     134                 5.4168
     135                 5.7597
     136                 5.5141
     137                 5.6783
     138                 5.1204
     139                 5.6739
     140                 6.1484
     141                 5.8387
     142                 5.8965
     143                 5.7234
     144                 5.5391
     145                 7.4096
     146                 5.7068
     147                 5.9571
     148                 5.5237
     149                 5.3604
     150                 5.7234
     151                 5.6683
     152                 6.1007
     153                 6.6693
     154                 5.5276
     155                 6.3244
     156                 5.6996
     157                 5.5891
     158                 5.8630
     159                 6.1362
     160                 5.6213
     161                 5.7922
     162                 5.4879
     163                 5.4429
     164                 6.1180
     165                 5.8217
     166                 5.8414
     167                 5.6731
     168                 5.4684
     169                 5.8477
     170                 5.6832
     171                 6.2676
     172                 5.8430
     173                 6.0052
     174                 6.0434
     175                 5.6502
     176                 6.9265
     177                 6.1033
     178                 5.8844
     179                 6.2198
     180                 5.5854
     181                 5.8175
     182                 5.6745
     183                 5.6957
     184                 5.9850
     185                 5.6607
     186                 5.9297
     187                 6.0894
     188                 5.5151
     189                 5.5427
     190                 5.6472
     191                 6.0992
     192                 5.8677
     193                 5.7396
     194                 5.8986
     195                 6.0823
     196                 5.8795
     197                 6.1369
     198                 5.2813
     199                 6.1222
     200                 5.8423
     201                 5.8348
     202                 6.3447
     203                 5.9450
     204                 5.6950
     205                 6.4621
     206                 5.9742
     207                 6.1840
     208                 6.2142
     209                 5.3568
     210                 5.5078
     211                 6.0189
     212                 5.4117
     213                 5.6167
     214                 5.5806
     215                 5.7547
     216                 5.7562
     217                 5.6573
     218                 6.2578
     219                 5.5947
     220                 5.6752
     221                 6.0232
     222                 5.5366
     223                 5.7334
     224                 5.6311
     225                 5.8446
     226                 5.2488
     227                 5.3047
     228                 5.6590
     229                 6.5967
     230                 5.9581
     231                 5.7077
     232                 6.4485
     233                 5.3616
     234                 6.1254
     235                 5.7937
     236                 5.6659
     237                 5.7680
     238                 5.5986
     239                 5.7050
     240                 5.2425
     241                 6.1028
     242                 5.3437
     243                 5.7207
     244                 5.7622
     245                 6.1244
     246                 5.6653
     247                 6.0884
     248                 5.7010
     249                 6.6908
     250                 6.2000
     251                 5.8909
     252                 5.7430
     253                 5.9803
     254                 5.8083
     255                 6.1914
     256                 6.0056
     257                 5.5148
     258                 5.6650
     259                 5.6401
     260                 6.3094
     261                 6.0882
     262                 6.5381
     263                 5.5309
     264                 6.1478
     265                 5.5634
     266                 6.0268
     267                 5.2923
     268                 5.3449
     269                 6.0867
     270                 5.2979
     271                 5.3542
     272                 5.5929
     273                 5.6560
     274                 5.8204
     275                 5.4760
     276                 5.8224
     277                 6.0433
     278                 6.8022
     279                 6.0716
     280                 6.2694
     281                 5.6987
     282                 5.7063
     283                 5.9648
     284                 5.4071
     285                 7.0073
     286                 5.7527
     287                 5.7944
     288                 6.2635
     289                 5.9083
     290                 5.3509
     291                 5.7490
     292                 5.5414
     293                 5.8790
     294                 5.5420
     295                 5.9798
     296                 6.0469
     297                 5.4420
     298                 6.2833
     299                 5.7088
     300                 5.5022
     301                 6.3374
     302                 6.1710
     303                 6.0096
     304                 5.5544
     305                 6.4515
     306                 5.8745
     307                 5.7624
     308                 5.9985
     309                 5.5816
     310                 5.4299
     311                 5.7471
     312                 5.7192
     313                 5.8602
     314                 5.8173
     315                 6.1939
     316                 5.7788
     317                 4.6017
     318                 6.1950
     319                 6.0168
     320                 5.5423
     321                 5.9143
     322                 6.5098
     323                 5.6814
     324                 5.7134
     325                 5.7396
     326                 5.7552
     327                 5.9675
     328                 6.1564
     329                 6.7210
     330                 6.2128
     331                 5.4943
     332                 6.0318
     333                 5.7545
     334                 6.2283
     335                 5.9074
     336                 5.7356
     337                 5.4201
     338                 6.0313
     339                 5.6278
     340                 5.9146
     341                 5.4533
     342                 5.5831
     343                 5.5858
     344                 6.0133
     345                 5.8420
     346                 6.1187
     347                 5.5855
     348                 5.6403
     349                 5.7077
     350                 6.0892
     351                 5.5097
     352                 6.0739
     353                 5.4740
     354                 5.7274
     355                 5.8518
     356                 5.4340
     357                 5.9174
     358                 6.2608
     359                 5.7579
     360                 5.9030
     361                 6.2027
     362                 5.6855
     363                 5.7627
     364                 6.0281
     365                 5.6730
     366                 5.8698
     367                 6.1198
     368                 5.6826
     369                 6.0822
     370                 6.4589
     371                 5.9492
     372                 6.0263
     373                 6.1686
     374                 5.5291
     375                 5.3172
     376                 5.4654
     377                 5.7781
     378                 6.0472
     379                 6.1429
     380                 5.5587
     381                 5.8627
     382                 6.0592
     383                 6.1500
     384                 5.7943
     385                 6.0146
     386                 5.6478
     387                 6.0947
     388                 5.9220
     389                 5.8310
     390                 5.7685
     391                 6.3339
     392                 5.6521
     393                 6.0474
     394                 5.3868
     395                 5.4894
     396                 6.0502
     397                 5.4276
     398                 5.5165
     399                 5.6009
     400                 5.2451
     401                 5.3274
     402                 5.8940
     403                 6.3398
     404                 6.1087
     405                 6.0627
     406                 5.7407
     407                 5.8650
     408                 5.6062
     409                 5.6228
     410                 5.9045
     411                 5.5936
     412                 6.5333
     413                 5.4445
     414                 5.7179
     415                 5.8491
     416                 6.2190
     417                 5.9793
     418                 5.5567
     419                 5.4846
     420                 7.1252
     421                 5.5938
     422                 5.6968
     423                 5.4649
     424                 5.8650
     425                 5.7654
     426                 5.7089
     427                 5.5878
     428                 5.3039
     429                 5.8703
     430                 6.0366
     431                 6.1069
     432                 5.7426
     433                 5.7340
     434                 5.3688
     435                 5.3040
     436                 5.6007
     437                 5.5580
     438                 5.7338
     439                 5.3004
     440                 5.6098
     441                 5.9619
     442                 5.4183
     443                 5.8812
     444                 5.5773
     445                 6.3370
     446                 5.9144
     447                 5.7859
     448                 5.4949
     449                 6.1743
     450                 5.5044
     451                 6.0479
     452                 5.8407
     453                 5.9843
     454                 5.6353
     455                 5.7980
     456                 5.7804
     457                 5.3913
     458                 5.6506
     459                 5.6833
     460                 5.7291
     461                 5.8742
     462                 5.2223
     463                 8.2751
     464                 5.6693
     465                 6.0418
     466                 5.9216
     467                 5.6234
     468                 5.8368
     469                 5.2824
     470                 6.4115
     471                 5.4722
     472                 6.1058
     473                 6.0465
     474                 5.5505
     475                 5.6921
     476                 6.2493
     477                 5.4069
     478                 6.0474
     479                 5.6351
     480                 5.3692
     481                 5.5909
     482                 5.2531
     483                 5.4517
     484                 5.8604
     485                 6.1312
     486                 5.8998
     487                 5.9219
     488                 5.9321
     489                 5.5647
     490                 5.6306
     491                 6.6912
     492                 5.7929
     493                 5.6819
     494                 6.3814
     495                 5.9586
     496                 5.7142
     497                 5.3734
     498                 5.6041
     499                 6.0926
     500                 5.5142
     501                 5.4718
     502                 5.8833
     503                 7.3692
     504                 7.7677
     505                 5.3959
     506                 5.2038
     507                 5.6959
     508                 5.6413
     509                 6.0365
     510                 5.4824
     511                 6.1584
     512                 5.7346
     513                 6.2819
     514                 6.0261
     515                 5.6000
     516                 6.0933
     517                 5.6318
     518                 5.7441
     519                 5.6613
     520                 5.3509
     521                 5.6255
     522                 5.5205
     523                 5.8914
     524                 6.2433
     525                 5.3342
     526                 5.7213
     527                 5.4101
     528                 6.1193
     529                 5.6899
     530                 6.0676
     531                 6.0606
     532                 5.8278
     533                 6.0243
     534                 5.7383
     535                 5.3855
     536                 5.8941
     537                 5.6982
     538                 5.6682
     539                 5.7016
     540                 5.4609
     541                 5.8041
     542                 5.6266
     543                 5.5822
     544                 5.4872
     545                 4.9608
     546                 5.5384
     547                 5.8262
     548                 5.7467
     549                 5.7833
     550                 5.4865
     551                 6.0030
     552                 6.5382
     553                 5.7376
     554                 6.0605
     555                 5.4796
     556                 6.2558
     557                 5.4430
     558                 5.3050
     559                 6.8107
     560                 5.7273
     561                 5.1957
     562                 5.9770
     563                 5.7447
     564                 5.6038
     565                 6.0744
     566                 5.7674
     567                 5.6751
     568                 5.7387
     569                 5.6449
     570                 6.2722
     571                 5.9725
     572                 5.8189
     573                 5.6960
     574                 5.6109
     575                 5.7796
     576                 5.1811
     577                 6.1894
     578                 5.5004
     579                 5.7439
     580                 5.7186
     581                 5.9643
     582                 5.2707
     583                 5.6473
     584                 6.0104
     585                 6.1495
     586                 6.2350
     587                 5.9082
     588                 5.5193
     589                 5.9034
     590                 5.9969
     591                 5.8044
     592                 6.0150
     593                 6.0680
     594                 5.9519
     595                 6.5429
     596                 5.8158
     597                 6.1621
     598                 5.5752
     599                 6.1359
     600                 5.9038
     601                 6.4238
     602                 5.9134
     603                 5.5785
     604                 5.6523
     605                 5.9938
     606                 5.8558
     607                 5.6306
     608                 5.9918
     609                 5.7932
     610                 5.6531
     611                 5.3618
     612                 6.5935
     613                 5.4912
     614                 5.7679
     615                 5.5315
     616                 5.5201
     617                 6.2561
     618                 6.4813
     619                 5.6718
     620                 5.7322
     621                 5.4964
     622                 5.7902
     623                 6.0122
     624                 5.4559
     625                 5.2215
     626                 5.9345
     627                 5.6902
     628                 5.4946
     629                 5.7935
     630                 5.5736
     631                 5.7412
     632                 6.0652
     633                 6.1722
     634                 5.5889
     635                 5.9442
     636                 5.6901
     637                 6.3006
     638                 5.8642
     639                 5.7017
     640                 5.7747
     641                 5.7659
     642                 6.0541
     643                 5.8246
     644                 5.8230
     645                 6.2139
     646                 5.7669
     647                 5.8486
     648                 5.6688
     649                 5.2910
     650                 5.3463
     651                 5.8418
     652                 5.3765
     653                 5.8782
     654                 5.6525
     655                 6.0550
     656                 5.8884
     657                 5.5892
     658                 5.5922
     659                 5.9615
     660                 5.7200
     661                 5.3131
     662                 5.5223
     663                 5.3942
     664                 7.2389
     665                 7.4127
     666                 6.0543
     667                 5.9344
     668                 5.8168
     669                 5.7555
     670                 6.2077
     671                 5.7729
     672                 5.4640
     673                 5.6950
     674                 5.5798
     675                 5.5082
     676                 5.5034
     677                 5.7131
     678                 5.8722
     679                 5.7074
     680                 6.1578
     681                 6.0172
     682                 6.3074
     683                 6.1536
     684                 6.3100
     685                 5.8102
     686                 5.5667
     687                 5.8997
     688                 5.7470
     689                 5.8347
     690                 5.5808
     691                 6.0083
     692                 6.0611
     693                 5.5457
     694                 5.5261
     695                 6.5180
     696                 6.0778
     697                 5.9047
     698                 6.4426
     699                 6.3541
     700                 5.3774
     701                 6.4978
     702                 5.3849
     703                 5.5660
     704                 5.8986
     705                 6.0229
     706                 6.5856
     707                 5.8746
     708                 5.3764
     709                 5.7904
     710                 5.9760
     711                 5.2761
     712                 5.7948
     713                 5.8613
     714                 5.8600
     715                 5.7816
     716                 5.6172
     717                 5.7675
     718                 6.3750
     719                 5.7556
     720                 5.7059
     721                 5.9634
     722                 6.4763
     723                 6.3700
     724                 6.2809
     725                 5.8696
     726                 5.7709
     727                 5.3498
     728                 5.5664
     729                 5.6977
     730                 6.5096
     731                 6.0501
     732                 5.7940
     733                 5.2402
     734                 6.0081
     735                 5.5768
     736                 5.7048
     737                 5.7689
     738                 6.4159
     739                 5.4653
     740                 5.8854
     741                 5.8257
     742                 5.4434
     743                 6.1095
     744                 5.8730
     745                 5.7567
     746                 6.4405
     747                 5.6749
     748                 5.9904
     749                 6.4433
     750                 6.2892
     751                 6.0842
     752                 5.8152
     753                 6.0236
     754                 5.9139
     755                 5.8764
     756                 6.4062
     757                 5.6835
     758                 6.1407
     759                 6.0824
     760                 5.4602
     761                 7.1605
     762                 5.5190
     763                 5.4177
     764                 5.7020
     765                 5.9616
     766                 5.9627
     767                 5.5358
     768                 6.2362
     769                 5.4089
     770                 6.0805
     771                 5.7281
     772                 5.8461
     773                 5.4067
     774                 5.7394
     775                 5.3638
     776                 6.4926
     777                 6.7755
     778                 6.2678
     779                 5.8401
     780                 5.2981
     781                 6.8629
     782                 6.3078
     783                 5.9521
     784                 5.8928
     785                 5.8753
     786                 6.0996
     787                 5.8350
     788                 5.8941
     789                 5.7509
     790                 5.6774
     791                 5.4309
     792                 5.5040
     793                 5.3491
     794                 6.1695
     795                 5.5012
     796                 6.1443
     797                 5.8513
     798                 6.5283
     799                 6.1369
     800                 5.9898
     801                 6.2111
     802                 5.8625
     803                 5.8577
     804                 5.8214
     805                 5.7497
     806                 5.6984
     807                 5.9621
     808                 6.3135
     809                 6.5383
     810                 5.5585
     811                 5.8241
     812                 6.0410
     813                 5.7234
     814                 5.8084
     815                 5.8510
     816                 6.1322
     817                 6.0176
     818                 6.0568
     819                 5.4832
     820                 6.1088
     821                 5.7497
     822                 5.7250
     823                 6.1192
     824                 6.0207
     825                 6.1997
     826                 6.3788
     827                 5.6437
     828                 6.0285
     829                 5.9230
     830                 5.5886
     831                 6.7348
     832                 7.2249
     833                 5.8291
     834                 5.5083
     835                 5.5581
     836                 6.1088
     837                 5.8068
     838                 6.2333
     839                 5.9490
     840                 5.8142
     841                 5.9609
     842                 5.6565
     843                 5.5794
     844                 7.5561
     845                 5.7178
     846                 5.6709
     847                 6.1599
     848                 5.3946
     849                 6.0134
     850                 5.7177
     851                 6.3019
     852                 5.8552
     853                 5.0684
     854                 6.0219
     855                 5.6067
     856                 5.6857
     857                 6.1932
     858                 5.6883
     859                 5.4715
     860                 5.9143
     861                 5.7769
     862                 5.7898
     863                 5.9632
     864                 5.7005
     865                 5.9225
     866                 5.8421
     867                 6.0225
     868                 5.7465
     869                 5.3290
     870                 5.8471
     871                 5.7964
     872                 6.9138
     873                 7.4350
     874                 5.7439
     875                 5.4906
     876                 5.5961
     877                 5.7738
     878                 5.5479
     879                 5.8643
     880                 5.7587
     881                 6.2208
     882                 6.1581
     883                 5.8280
     884                 5.8587
     885                 5.5278
     886                 5.4699
     887                 5.7047
     888                 6.5925
     889                 5.8274
     890                 5.3887
     891                 6.0659
     892                 5.8869
     893                 5.8676
     894                 6.2970
     895                 6.3799
     896                 6.0324
     897                 5.3891
     898                 5.8312
     899                 5.7556
     900                 5.8461
     901                 5.9801
     902                 5.8266
     903                 5.8551
     904                 5.6203
     905                 5.7506
     906                 5.9411
     907                 5.9718
     908                 5.7429
     909                 5.4560
     910                 5.8607
     911                 5.8425
     912                 6.3000
     913                 6.1953
     914                 6.2631
     915                 5.7990
     916                 6.5726
     917                 6.0373
     918                 5.9343
     919                 5.9030
     920                 6.1446
     921                 5.8762
     922                 5.7964
     923                 5.8537
     924                 5.6063
     925                 6.2605
     926                 5.8602
     927                 5.8086
     928                 5.5071
     929                 5.7014
     930                 5.7489
     931                 5.4547
     932                 5.3219
     933                 5.9456
     934                 6.1015
     935                 5.6642
     936                 5.3958
     937                 5.6577
     938                 5.4079
     939                 6.0469
     940                 5.5640
     941                 6.4320
     942                 5.9062
     943                 5.9150
     944                 6.0065
     945                 5.2070
     946                 5.9979
     947                 5.5373
     948                 5.6375
     949                 5.4122
     950                 6.0358
     951                 5.6784
     952                 6.0783
     953                 5.5947
     954                 6.1725
     955                 5.6198
     956                 6.0954
     957                 5.7937
     958                 5.8138
     959                 5.5518
     960                 5.9004
     961                 5.9837
     962                 6.3937
     963                 5.5643
     964                 6.1503
     965                 6.3685
     966                 6.2142
     967                 6.5139
     968                 6.3977
     969                 5.6487
     970                 5.5728
     971                 6.3357
     972                 6.0230
     973                 5.7093
     974                 6.1415
     975                 6.2156
     976                 5.9384
     977                 5.2284
     978                 5.9779
     979                 5.8107
     980                 5.6286
     981                 6.0526
     982                 5.5972
     983                 5.8095
     984                 5.8603
     985                 5.9422
     986                 5.8742
     987                 5.5447
     988                 5.8688
     989                 5.5809
     990                 5.4170
     991                 5.8288
     992                 5.7073
     993                 6.2928
     994                 6.0791
     995                 5.4454
     996                 6.2355
     997                 6.7107
     998                 5.7705
     999                 5.8845
    1000                 5.4653
