#Frame      M1-M2-L46
       1      10.3030
       2      10.1227
       3      10.3278
       4      10.2296
       5       9.8236
       6       9.8579
       7      10.0033
       8      10.6171
       9      10.4138
      10      10.1154
      11       9.9466
      12      10.0991
      13      10.1616
      14       9.7993
      15       9.9266
      16      10.1588
      17      10.1904
      18       9.9574
      19       9.8881
      20       9.7296
      21      10.1466
      22      10.0660
      23      10.1307
      24      10.1223
      25       9.6947
      26      10.2363
      27       9.9408
      28      10.0654
      29       9.9235
      30       9.6840
      31      10.3039
      32      10.0858
      33      10.1225
      34      10.1061
      35      10.0190
      36       9.7897
      37       9.8182
      38      10.1230
      39       9.6505
      40      10.1308
      41      10.2946
      42      10.2263
      43       9.9924
      44       9.8002
      45       9.9266
      46      10.2930
      47      10.2528
      48       9.6949
      49      10.0333
      50       9.9916
      51      10.2452
      52      10.1363
      53       9.9581
      54       9.8352
      55      10.4949
      56       9.7450
      57       9.8975
      58      10.1396
      59      10.1989
      60       9.9749
      61       9.9216
      62      10.1050
      63      10.0454
      64       9.8931
      65       9.8953
      66       9.5234
      67       9.8573
      68       9.8127
      69       9.8026
      70       9.8342
      71       9.6462
      72      10.0184
      73      10.0253
      74      10.5497
      75       9.8693
      76      10.0099
      77      10.4256
      78      10.1222
      79       9.7598
      80       9.6794
      81       9.7573
      82       9.7567
      83      10.1921
      84      10.1079
      85       9.9910
      86      10.3391
      87      10.1015
      88       9.9811
      89       9.6735
      90      10.0271
      91       9.7634
      92       9.5791
      93      10.1302
      94      10.0204
      95       9.4139
      96       9.9089
      97      10.1621
      98       9.9104
      99       9.7715
     100       9.7247
     101       9.9484
     102       9.9705
     103      10.2356
     104       9.6455
     105      10.0555
     106      10.0505
     107       9.7239
     108      10.2657
     109      10.3489
     110      10.1541
     111      10.2944
     112      10.1219
     113      10.2825
     114      10.1112
     115      10.3187
     116       9.9941
     117      10.1474
     118       9.9769
     119       9.5533
     120       9.8939
     121       9.5617
     122      10.0315
     123       9.7984
     124       9.9052
     125       9.6286
     126       9.9314
     127      10.0056
     128      10.1328
     129      10.1199
     130      10.4539
     131      10.0171
     132      10.6035
     133      10.3607
     134      10.1916
     135       9.6690
     136      10.0769
     137      10.0111
     138      10.1064
     139      10.3322
     140      10.2517
     141       9.8456
     142       9.9503
     143      10.0000
     144       9.9131
     145       9.9922
     146       9.7660
     147       9.8346
     148      10.1118
     149      10.0992
     150       9.8134
     151       9.7617
     152       9.4503
     153      10.1798
     154       9.9180
     155      10.2844
     156       9.7700
     157      10.1669
     158      10.2244
     159      10.1484
     160      10.2764
     161      10.5819
     162      10.3462
     163      10.0197
     164       9.9203
     165      10.0892
     166      10.0975
     167      10.5259
     168      10.4265
     169      10.1439
     170       9.9697
     171      10.1706
     172      10.0102
     173      10.2459
     174       9.9268
     175      10.1139
     176      10.3763
     177       9.9526
     178       9.8820
     179       9.5174
     180      10.0543
     181       9.6269
     182       9.6288
     183      10.1187
     184       9.6740
     185      10.1523
     186       9.8783
     187      10.0518
     188       9.7347
     189      10.1043
     190       9.9088
     191       9.6032
     192       9.6743
     193       9.5772
     194       9.7926
     195       9.8648
     196       9.6503
     197      10.1374
     198       9.4506
     199       9.9275
     200       9.8619
     201       9.6030
     202       9.4147
     203       9.7761
     204      10.1036
     205      10.4743
     206       9.7952
     207      10.0831
     208      10.7111
     209      10.1411
     210       9.6317
     211       9.9912
     212      10.3693
     213       9.7824
     214       9.7688
     215      10.0018
     216       9.6996
     217      10.2367
     218       9.5963
     219      10.1746
     220       9.6286
     221      10.0618
     222       9.7133
     223       9.6012
     224      10.2851
     225       9.8889
     226      10.0260
     227       9.7001
     228       9.9143
     229       9.6536
     230       9.6850
     231       9.7270
     232       9.8528
     233      10.0591
     234      10.2294
     235      10.2587
     236       9.9829
     237      10.3125
     238      10.1110
     239      10.1116
     240       9.9545
     241       9.9197
     242      10.0335
     243       9.5263
     244       9.6803
     245      10.0651
     246      10.0415
     247       9.7007
     248      10.0461
     249       9.8316
     250      10.2067
     251      10.0166
     252       9.9529
     253      10.3074
     254       9.7425
     255       9.8732
     256       9.8559
     257      10.0294
     258      10.4151
     259      10.0976
     260       9.9003
     261      10.0032
     262       9.9237
     263       9.9216
     264       9.7631
     265      10.1090
     266      10.1353
     267      10.2077
     268       9.9668
     269      10.1577
     270       9.8773
     271       9.6669
     272       9.5691
     273      10.1923
     274       9.9980
     275      10.1061
     276       9.2088
     277       9.7263
     278       9.8707
     279      10.3642
     280      10.1181
     281      10.1287
     282      10.3797
     283      10.1789
     284       9.5087
     285      10.1743
     286       9.9727
     287       9.9553
     288      10.0752
     289       9.8498
     290       9.5008
     291       9.6034
     292       9.5114
     293       9.9424
     294       9.8997
     295      10.0639
     296       9.3870
     297       9.1761
     298       9.7296
     299       9.3203
     300       9.7985
     301       9.7797
     302       9.7236
     303       9.8455
     304       9.8016
     305       9.6462
     306       9.9162
     307       9.7807
     308       9.6678
     309       9.9455
     310       9.7889
     311       9.6279
     312       9.7708
     313       9.6329
     314       9.5046
     315       9.8336
     316       9.9773
     317       9.8043
     318       9.7079
     319      10.3830
     320       8.9469
     321       9.8186
     322       9.8012
     323       9.2392
     324       9.9670
     325       9.9773
     326       9.7763
     327       9.8450
     328       9.5801
     329       9.9372
     330      10.0171
     331       9.7983
     332       9.6858
     333       9.9935
     334      10.0124
     335       9.9938
     336       9.5722
     337       9.5493
     338       9.9898
     339       9.5265
     340      10.4616
     341       9.5958
     342       9.9447
     343       9.6993
     344      10.0392
     345       9.9037
     346       9.8720
     347       9.6166
     348       9.3555
     349       9.7878
     350       9.5630
     351       9.1193
     352       9.9461
     353       9.1803
     354       9.8964
     355       9.6758
     356       9.6371
     357       9.3814
     358       9.2848
     359       9.3712
     360       9.6428
     361       9.8963
     362       9.7330
     363      10.1005
     364       9.9696
     365       9.5998
     366       9.5420
     367      10.0669
     368      10.3600
     369      10.0669
     370       9.6201
     371      10.0930
     372       9.5943
     373       9.4967
     374       9.6477
     375       9.5526
     376      10.1687
     377       9.9538
     378       9.4514
     379       9.6889
     380       9.9314
     381       9.9085
     382       9.7614
     383       9.6327
     384       9.7405
     385      10.0068
     386      10.1019
     387       9.9814
     388      10.3651
     389      10.0877
     390       9.8048
     391      10.1604
     392       9.7998
     393      10.3303
     394       9.6710
     395       9.7870
     396      10.0144
     397       9.8589
     398      10.2245
     399      10.0410
     400       9.9299
     401       9.8955
     402       9.7054
     403       9.9571
     404       9.7138
     405       9.9361
     406      10.2733
     407       9.6510
     408      10.1089
     409       9.6615
     410       9.9172
     411      10.0757
     412      10.1324
     413       9.9812
     414      10.2142
     415      10.2475
     416       9.9310
     417       9.8602
     418       9.7557
     419       9.7278
     420      10.0898
     421       9.8882
     422       9.6068
     423       9.9914
     424       9.5991
     425      10.8304
     426       9.8030
     427       9.8473
     428       9.4592
     429      10.0137
     430      10.2086
     431       9.5504
     432       9.9638
     433       9.9447
     434       9.7933
     435       9.8760
     436      10.0799
     437      10.4272
     438      10.1872
     439      10.3934
     440      10.0387
     441       9.6876
     442       9.9437
     443       9.7464
     444       9.2829
     445       9.7756
     446       9.7496
     447       9.5006
     448       9.8147
     449       9.7936
     450      10.0496
     451      10.2055
     452       9.7142
     453       9.6411
     454       9.2974
     455       9.6302
     456       9.4551
     457       9.6899
     458       9.7335
     459       9.7743
     460       9.5752
     461      10.0358
     462       9.8258
     463      10.1734
     464       9.7060
     465       9.8041
     466       9.7452
     467       9.4466
     468       9.6162
     469      10.0835
     470       9.5182
     471       9.9101
     472       9.7861
     473      10.0409
     474       9.9950
     475      10.0291
     476       9.5996
     477       9.9078
     478       9.9904
     479       9.9155
     480       9.8011
     481      10.5419
     482       9.4747
     483       9.7437
     484       9.5774
     485       9.9213
     486      10.3897
     487       9.7335
     488       9.7769
     489       9.7528
     490      10.6923
     491       9.4277
     492      10.1909
     493       9.6529
     494       9.6658
     495       9.8496
     496      10.2446
     497       9.4578
     498      10.3125
     499      10.2822
     500      10.0692
     501       9.8220
     502       9.6283
     503      10.1158
     504      10.3098
     505       9.4524
     506       9.6608
     507       9.7698
     508       9.8406
     509       9.8003
     510       9.9307
     511       9.1403
     512       9.8104
     513       9.4801
     514       9.6112
     515       9.7738
     516       9.7613
     517      10.2914
     518      10.0574
     519       9.8961
     520      10.4202
     521      10.6592
     522      10.2407
     523       9.9112
     524      10.2944
     525       9.6470
     526       9.5585
     527       9.4947
     528       9.6237
     529       9.8541
     530       9.7987
     531      10.0170
     532       9.5075
     533      10.1510
     534       9.8049
     535      10.2752
     536      10.2025
     537       9.8198
     538       9.1343
     539       9.7824
     540       9.9114
     541       9.9247
     542      10.1634
     543       9.9872
     544       9.9182
     545      10.0954
     546       9.7106
     547       9.8434
     548       9.9735
     549       9.9498
     550       9.9578
     551      10.3857
     552       9.6433
     553       9.4860
     554       9.9808
     555      10.0955
     556      10.3698
     557       9.7914
     558       9.9866
     559       9.9931
     560      10.0689
     561       9.8879
     562       9.8986
     563       9.7662
     564       9.8203
     565       9.7628
     566       9.6944
     567       9.8505
     568       9.7022
     569       9.9546
     570       9.5574
     571       9.8676
     572      10.3827
     573       9.8025
     574       9.9684
     575       9.9428
     576       9.5102
     577       9.6419
     578      10.2015
     579       9.7702
     580       9.9740
     581       9.7113
     582       9.5871
     583       9.5952
     584       9.4136
     585       9.8134
     586       9.7551
     587       9.6443
     588      10.0620
     589       9.5929
     590       9.8562
     591       9.7092
     592       9.5688
     593      10.0967
     594       9.6090
     595      10.0470
     596       9.3361
     597       9.7795
     598       9.7323
     599      10.0034
     600       9.9477
     601       9.4395
     602       9.7941
     603      10.0755
     604      10.1810
     605       9.9477
     606       9.8262
     607      10.2554
     608      10.0159
     609       9.8300
     610       9.7417
     611      10.0863
     612       9.8939
     613      10.0169
     614      10.0154
     615      10.0334
     616       9.9034
     617      10.0694
     618       9.8993
     619       9.8333
     620       9.4562
     621       9.9677
     622       9.9845
     623       9.5662
     624       9.9535
     625      10.2805
     626      10.0365
     627      10.0860
     628       9.7400
     629       9.7547
     630       9.8411
     631       9.8755
     632       9.5332
     633       9.4815
     634       9.8910
     635       9.4514
     636       9.8863
     637       9.6545
     638       9.4703
     639       9.7512
     640       9.9847
     641       9.4421
     642       9.4523
     643       9.8916
     644       9.8681
     645       9.8434
     646       9.9581
     647       9.9839
     648       9.9246
     649       9.9456
     650       9.5060
     651       9.4123
     652       9.9191
     653       9.7871
     654       9.7635
     655       9.8960
     656       9.7871
     657       9.9259
     658       9.6087
     659       9.8681
     660       9.9814
     661       9.9879
     662       9.6212
     663      10.3688
     664       9.6164
     665       9.8298
     666       9.6318
     667      10.0107
     668       9.5665
     669       9.4389
     670       9.5145
     671       9.9671
     672       9.7709
     673       9.5521
     674       9.6483
     675       9.6896
     676       9.6819
     677       9.4967
     678       9.7477
     679       9.6651
     680       9.9739
     681       9.8228
     682       9.9396
     683      10.3519
     684      10.2753
     685      10.0401
     686       9.5395
     687       9.6881
     688       9.7924
     689       9.7558
     690       9.9623
     691      10.0601
     692       9.8455
     693       9.9563
     694       9.7750
     695       9.8944
     696       9.9168
     697       9.6877
     698       9.2926
     699       9.6961
     700       9.7148
     701       9.6636
     702       9.6171
     703       9.8489
     704       9.8075
     705       9.4912
     706       9.8777
     707      10.0794
     708       9.8908
     709       9.7206
     710       9.3559
     711      10.0806
     712       9.8336
     713       9.8636
     714       9.6242
     715       9.6657
     716       9.7270
     717       9.9164
     718       9.5716
     719      10.0098
     720       9.4550
     721       9.5520
     722       9.1063
     723      10.0915
     724      10.2679
     725      10.0658
     726      10.0934
     727       9.8169
     728       9.6297
     729      10.2766
     730      10.1410
     731       9.6804
     732       9.7640
     733       9.5382
     734      10.5819
     735      10.0832
     736       9.8898
     737       9.8867
     738      10.0938
     739      10.4799
     740       9.9658
     741       9.4918
     742      10.2689
     743       9.8727
     744       9.9657
     745       9.9857
     746       9.8071
     747       9.9610
     748       9.8670
     749       9.8984
     750       9.8814
     751      10.2445
     752       9.8420
     753       9.7365
     754      10.0437
     755       9.5459
     756      10.0471
     757       9.8661
     758       9.4752
     759       9.6940
     760      10.1626
     761       9.7336
     762       9.6730
     763       9.4773
     764       9.8232
     765       9.9102
     766       9.5919
     767       9.2777
     768       9.9784
     769       9.8606
     770       9.6417
     771       9.5615
     772       9.2727
     773      10.0056
     774       9.8130
     775       9.6808
     776       9.8478
     777       9.8551
     778       9.6642
     779      10.1351
     780       9.3864
     781       9.6608
     782       9.8890
     783       9.7114
     784       9.4580
     785       9.9156
     786      10.5054
     787       9.8737
     788       9.5024
     789       9.3819
     790       9.7496
     791       9.7244
     792      10.1886
     793      10.0941
     794      10.0840
     795       9.3837
     796       9.6800
     797       9.7131
     798      10.0446
     799      10.5153
     800       9.9766
     801       9.5880
     802       9.7614
     803      10.6874
     804      10.4229
     805      10.1142
     806       9.9557
     807       9.8519
     808       9.6459
     809       9.4620
     810       9.5214
     811       9.5006
     812       9.9199
     813       9.8103
     814       9.7992
     815      10.3780
     816       9.5440
     817       9.9862
     818      10.0405
     819      10.0008
     820       9.8894
     821       9.9147
     822      10.0960
     823       9.7150
     824       9.8399
     825       9.7614
     826       9.9251
     827      10.0193
     828       9.8822
     829       9.8519
     830       9.9065
     831       9.4309
     832      10.0707
     833       9.6827
     834      10.5562
     835      10.2319
     836       9.8924
     837       9.6980
     838       9.7328
     839       9.9998
     840       9.5387
     841       9.5035
     842       9.3388
     843       9.5683
     844       9.8495
     845       9.2614
     846       9.5261
     847       9.8211
     848       9.8992
     849      10.0445
     850       9.9891
     851       9.6569
     852       9.6306
     853       9.8046
     854       9.8906
     855      10.0858
     856       9.5879
     857       9.9902
     858       9.9110
     859       9.5865
     860       9.2504
     861       9.6472
     862       9.7875
     863       9.6122
     864       9.2205
     865       9.9174
     866       9.4808
     867      10.2667
     868       9.7651
     869       9.6735
     870      10.1228
     871      10.2843
     872       9.8235
     873       9.4439
     874       9.4949
     875      10.2510
     876      10.3323
     877       9.9754
     878       9.3000
     879       9.5240
     880       9.5993
     881      10.0648
     882       9.7995
     883       9.6504
     884      10.2120
     885       9.5917
     886      10.1203
     887      10.3965
     888       9.7005
     889      10.0074
     890      10.4370
     891      10.3589
     892      10.4078
     893      10.0872
     894      10.1565
     895       9.9213
     896      10.3894
     897       9.2656
     898      10.1362
     899      10.0459
     900      10.1554
     901       9.8909
     902       9.9584
     903       9.8507
     904       9.5997
     905       9.6801
     906       9.5627
     907      10.1648
     908       9.4938
     909       9.9858
     910       9.8979
     911      10.0596
     912       9.5673
     913       9.5797
     914       9.8096
     915      10.1710
     916       9.3521
     917       9.2201
     918       9.5580
     919       9.4757
     920       9.4890
     921      10.0261
     922       8.9089
     923       9.6627
     924       9.3950
     925       9.3643
     926       8.9983
     927       9.2530
     928       9.6490
     929       9.2276
     930      10.2029
     931       9.6899
     932       9.7444
     933       9.7672
     934       9.5950
     935       9.4228
     936       9.9169
     937       9.3205
     938       9.2482
     939      10.4523
     940       9.5311
     941       9.7321
     942       9.8267
     943       9.5188
     944       9.7554
     945       9.9706
     946       9.9055
     947       9.3975
     948      10.3268
     949       9.1712
     950       9.6203
     951       9.8970
     952       9.6847
     953      10.1764
     954       9.9115
     955       9.7605
     956      10.1293
     957       9.7253
     958       9.4520
     959       9.9644
     960       9.7927
     961       9.8123
     962      10.1144
     963       9.8523
     964       9.9243
     965       9.8426
     966       9.7028
     967      10.0538
     968       9.5009
     969       9.6387
     970       9.5719
     971       9.9556
     972       9.6263
     973       8.8966
     974       9.6018
     975       9.0308
     976       9.6266
     977       9.8723
     978       9.1500
     979       9.9498
     980       9.4537
     981       9.0060
     982       8.4821
     983       9.4248
     984       9.5800
     985       9.5398
     986       9.5598
     987       9.5600
     988       9.5784
     989       9.7215
     990      10.1321
     991       9.8389
     992       8.9618
     993       9.8590
     994       9.2237
     995       9.3109
     996       9.9961
     997       9.2632
     998       9.2770
     999       9.1953
    1000       9.6963
