#Frame   M2-E175-Oe_M1-W184-He1
       1                 8.6742
       2                 8.7301
       3                 8.2411
       4                 9.2014
       5                 8.1951
       6                 8.6176
       7                 8.4007
       8                 8.1536
       9                 8.1096
      10                 8.1713
      11                 8.2135
      12                 8.5575
      13                 8.0264
      14                 8.7080
      15                 8.4352
      16                 8.8222
      17                 8.4785
      18                 7.8366
      19                 8.2779
      20                 8.6811
      21                 8.6652
      22                 9.0992
      23                 9.1330
      24                 9.1289
      25                 8.3024
      26                 7.5217
      27                 8.2098
      28                 8.2920
      29                 8.6959
      30                 8.3503
      31                 8.1815
      32                 8.6013
      33                 7.3942
      34                 7.6777
      35                 8.9679
      36                 8.4471
      37                 8.6310
      38                 7.8181
      39                 8.2897
      40                 7.7054
      41                 8.0464
      42                 8.3259
      43                 7.9582
      44                 9.1319
      45                 8.4321
      46                 8.1654
      47                 8.9901
      48                 8.0356
      49                 8.7115
      50                 7.4159
      51                 7.7795
      52                 8.2142
      53                 7.0825
      54                 8.6078
      55                 8.9820
      56                 8.3303
      57                 8.7227
      58                 8.3260
      59                 6.8588
      60                 7.0783
      61                 7.9241
      62                 7.4333
      63                 8.1880
      64                 7.3043
      65                 7.8724
      66                 8.9059
      67                 8.7074
      68                 8.4158
      69                 8.7495
      70                 9.2419
      71                 7.9193
      72                 8.8868
      73                 8.9908
      74                 8.2244
      75                 8.3709
      76                 8.4977
      77                 8.2893
      78                 8.0627
      79                 8.2438
      80                 8.6812
      81                 8.2746
      82                 7.1448
      83                 8.6363
      84                 8.2497
      85                 9.0528
      86                 8.8056
      87                 8.2325
      88                 7.6971
      89                 7.7263
      90                 8.0476
      91                 7.6004
      92                 7.9383
      93                 7.5282
      94                 7.5821
      95                 7.7711
      96                 8.6518
      97                 8.0820
      98                 8.2441
      99                 8.7038
     100                 8.8734
     101                 7.8005
     102                 8.8800
     103                 8.0265
     104                 8.7103
     105                 7.9831
     106                 8.7714
     107                 8.1570
     108                 9.1158
     109                 8.4478
     110                 8.2367
     111                 9.3749
     112                 9.2848
     113                 9.0925
     114                 8.1043
     115                 8.1929
     116                 9.0975
     117                 8.5525
     118                 7.9876
     119                 6.8792
     120                 7.1807
     121                 6.6256
     122                 8.5272
     123                 8.7214
     124                 7.6053
     125                 7.8482
     126                 7.5207
     127                 8.2192
     128                 8.5259
     129                 7.9486
     130                 7.7055
     131                 7.7881
     132                 7.9417
     133                 8.1585
     134                 8.3809
     135                 9.5687
     136                 8.6738
     137                 8.7178
     138                 8.6045
     139                 8.8243
     140                 9.3833
     141                 7.6277
     142                 8.3027
     143                 8.1206
     144                 9.0028
     145                10.4169
     146                 8.3780
     147                 9.2255
     148                 7.4209
     149                 8.1235
     150                 8.7135
     151                 8.3043
     152                 7.6528
     153                 8.8231
     154                 7.6500
     155                 8.1266
     156                 8.3571
     157                 7.7783
     158                 8.9842
     159                 8.4493
     160                 8.5445
     161                 8.2172
     162                 7.8532
     163                 7.9340
     164                 8.4135
     165                 8.3575
     166                 7.8254
     167                 8.3012
     168                 8.6791
     169                 8.8598
     170                 8.6405
     171                 8.6964
     172                 8.9610
     173                 8.4482
     174                 8.3453
     175                 8.5735
     176                 9.0521
     177                 8.0102
     178                 8.1865
     179                 8.8378
     180                 8.6324
     181                 8.0517
     182                 8.8542
     183                 8.7331
     184                 9.6032
     185                 7.9226
     186                 8.0724
     187                 8.8565
     188                 7.9375
     189                 7.5095
     190                 7.9631
     191                 8.4677
     192                 9.4786
     193                 8.6983
     194                 7.9701
     195                 7.6020
     196                 8.0071
     197                 8.5667
     198                 7.3096
     199                 7.8915
     200                 8.7365
     201                 8.4264
     202                 9.6656
     203                 7.9400
     204                 7.5242
     205                 8.7487
     206                 8.5704
     207                 8.9192
     208                 8.6084
     209                 7.7181
     210                 8.0749
     211                 8.1908
     212                 8.4979
     213                 8.2705
     214                 8.1724
     215                 8.0130
     216                 8.0493
     217                 7.1909
     218                 8.2273
     219                 8.7989
     220                 8.0033
     221                 8.0504
     222                 8.7173
     223                 8.5409
     224                 9.0065
     225                 9.1014
     226                 8.5263
     227                 8.0992
     228                 9.1897
     229                 9.2581
     230                 8.6495
     231                 9.8508
     232                 8.8644
     233                 8.8767
     234                 8.9721
     235                 9.7656
     236                 8.2429
     237                 8.3419
     238                 8.2573
     239                 8.5070
     240                 8.3152
     241                 8.4348
     242                 7.7489
     243                 9.4600
     244                 7.5570
     245                 7.4290
     246                 8.1598
     247                 8.1586
     248                 8.0464
     249                 9.1182
     250                 8.0799
     251                 8.5988
     252                 8.5674
     253                 7.8133
     254                 7.6504
     255                 8.8102
     256                 9.2081
     257                 8.7042
     258                 8.6192
     259                 7.7157
     260                 8.1723
     261                 8.9210
     262                 8.6143
     263                 8.3450
     264                 8.3178
     265                 7.0249
     266                 7.9065
     267                 8.0573
     268                 8.0429
     269                 8.4250
     270                 8.4068
     271                 7.4923
     272                 8.8235
     273                 9.7487
     274                 8.8021
     275                 8.4177
     276                 8.3415
     277                 8.1929
     278                 6.8299
     279                 9.7882
     280                 8.7298
     281                 8.5504
     282                 8.5737
     283                 8.8118
     284                 8.1140
     285                 7.4953
     286                 7.5947
     287                 8.6718
     288                 8.2830
     289                 8.6610
     290                 7.2873
     291                 8.7135
     292                 8.3240
     293                 8.8157
     294                 7.7863
     295                 6.8036
     296                 8.4059
     297                 8.4334
     298                 7.9278
     299                 8.3125
     300                 8.1682
     301                 9.1433
     302                 8.0101
     303                 7.8243
     304                 8.1815
     305                 8.2533
     306                 8.0769
     307                 8.5285
     308                 8.0454
     309                 8.8772
     310                 7.2994
     311                 9.4121
     312                 7.8111
     313                 8.2746
     314                 8.2858
     315                 8.9895
     316                 9.0264
     317                 9.4173
     318                 8.5106
     319                 8.7633
     320                 7.6255
     321                 9.1886
     322                 8.3971
     323                 9.2247
     324                 7.6032
     325                 8.1190
     326                 8.6210
     327                 8.8190
     328                 8.4439
     329                 8.7443
     330                 8.7616
     331                 8.6000
     332                 8.0568
     333                 6.7675
     334                 9.2769
     335                 8.5555
     336                 8.8649
     337                 7.9318
     338                 8.8406
     339                 6.8591
     340                 9.1730
     341                 8.9455
     342                 8.7435
     343                 9.0194
     344                 8.9085
     345                 8.0030
     346                10.0177
     347                 9.2481
     348                 8.7146
     349                 8.3235
     350                 8.8176
     351                 9.2456
     352                 8.1620
     353                 7.4720
     354                 7.4257
     355                 8.1379
     356                 8.6101
     357                 9.7636
     358                 8.9704
     359                 8.8712
     360                 9.3737
     361                 8.6410
     362                 9.2486
     363                 8.3769
     364                 8.5619
     365                 8.7596
     366                 9.6203
     367                 9.1370
     368                 8.5447
     369                 8.5175
     370                 8.9943
     371                 9.2352
     372                 9.1264
     373                 8.4595
     374                 8.1057
     375                 8.3145
     376                 9.1867
     377                 7.6781
     378                 8.4908
     379                 8.0041
     380                 8.4529
     381                 8.4979
     382                 9.5845
     383                 8.5790
     384                 8.1121
     385                 8.7765
     386                 8.7679
     387                 8.9722
     388                 8.6308
     389                 8.4765
     390                 7.5303
     391                 9.0568
     392                 7.4361
     393                 8.5290
     394                 7.8229
     395                 7.5845
     396                 8.2918
     397                 8.2697
     398                 7.7346
     399                 8.0278
     400                 7.5374
     401                 7.8260
     402                 8.0613
     403                 8.7830
     404                 8.5361
     405                 8.2956
     406                 8.3372
     407                 8.0831
     408                 8.0886
     409                 8.2303
     410                 8.0006
     411                 8.5589
     412                 9.4185
     413                 7.5050
     414                 8.3583
     415                 9.0618
     416                 8.2651
     417                 8.1682
     418                 8.7758
     419                 8.1807
     420                 7.4854
     421                 7.7698
     422                 8.4681
     423                 7.1091
     424                 8.0799
     425                 9.7530
     426                 8.4606
     427                 7.5121
     428                 7.7523
     429                 8.1673
     430                 8.7418
     431                 9.5503
     432                 9.3394
     433                 8.4202
     434                 7.0861
     435                 7.1439
     436                 8.3288
     437                 7.9021
     438                 8.9403
     439                 9.3583
     440                 8.8912
     441                 8.4377
     442                 8.7692
     443                 9.1577
     444                 8.8778
     445                 8.3699
     446                 8.0514
     447                 8.3916
     448                 8.9962
     449                 8.2607
     450                 7.8459
     451                 8.9186
     452                 8.7485
     453                 8.3441
     454                 8.7667
     455                 8.3897
     456                 8.4703
     457                 8.5488
     458                 8.7743
     459                 7.6251
     460                 7.8398
     461                 7.7304
     462                 7.2781
     463                 9.2698
     464                 8.8221
     465                 8.2541
     466                 8.9224
     467                 8.9196
     468                 8.0735
     469                 7.5896
     470                 9.5430
     471                 7.6240
     472                 8.6462
     473                 8.8531
     474                 9.4772
     475                 7.2833
     476                 8.5794
     477                 9.5508
     478                 8.8927
     479                 9.4264
     480                 8.5457
     481                 8.5497
     482                 9.1947
     483                 7.0461
     484                 8.9299
     485                 7.9964
     486                 8.9635
     487                 8.5799
     488                 8.6898
     489                 8.5830
     490                 8.4017
     491                 8.5047
     492                 8.3458
     493                 7.7487
     494                 8.4156
     495                 8.9991
     496                 8.5511
     497                 7.4947
     498                 6.7433
     499                 8.9816
     500                 7.7834
     501                 8.3229
     502                 8.7034
     503                 7.6281
     504                 7.7839
     505                 7.1829
     506                 7.3784
     507                 7.8402
     508                 7.6453
     509                 8.5682
     510                 7.7900
     511                 8.9976
     512                 7.2034
     513                 7.6077
     514                 9.3675
     515                 7.4863
     516                 9.2916
     517                10.3695
     518                10.1284
     519                 8.8991
     520                 8.7408
     521                 8.4743
     522                 8.8064
     523                 9.2376
     524                 9.1440
     525                 7.5942
     526                 8.5314
     527                 8.2838
     528                 8.9999
     529                 9.0998
     530                 9.5284
     531                 9.0991
     532                 7.7249
     533                 7.6370
     534                 9.0370
     535                 7.7435
     536                 8.7920
     537                 8.5240
     538                 9.9155
     539                 8.6710
     540                 8.1611
     541                 9.0327
     542                 8.7596
     543                 9.3842
     544                 8.7126
     545                 7.2081
     546                 8.1003
     547                 8.6537
     548                 9.4892
     549                 9.1725
     550                 7.4825
     551                 9.0408
     552                 9.5387
     553                 8.6253
     554                 8.5897
     555                 8.5671
     556                 8.7903
     557                 8.4100
     558                 9.3937
     559                 9.0435
     560                 9.5766
     561                 8.8340
     562                 8.5267
     563                 8.8863
     564                 8.2333
     565                 8.7638
     566                 8.3280
     567                 9.1822
     568                 8.0086
     569                 8.8972
     570                10.4744
     571                 8.8023
     572                 9.0690
     573                 8.3999
     574                 8.9640
     575                 8.7767
     576                 8.4196
     577                 9.1126
     578                 8.2673
     579                 8.0380
     580                 9.3912
     581                 8.4114
     582                 8.7785
     583                 8.8880
     584                 9.3881
     585                 8.9572
     586                 9.2878
     587                 9.5249
     588                 8.8795
     589                 8.8398
     590                 9.1193
     591                 8.1656
     592                 9.1774
     593                11.4213
     594                 9.1168
     595                10.1088
     596                 8.8711
     597                 8.7911
     598                 8.8540
     599                 9.6280
     600                 9.3584
     601                 8.6898
     602                 9.9904
     603                 9.5263
     604                 8.2530
     605                 8.7655
     606                 8.2314
     607                 8.2029
     608                 9.4276
     609                 7.8997
     610                 8.7816
     611                 9.0296
     612                 8.7088
     613                 7.6171
     614                 9.0652
     615                 8.4644
     616                 8.1551
     617                 7.6766
     618                 9.0033
     619                 9.1445
     620                 8.7455
     621                 9.0663
     622                 9.1855
     623                 8.9880
     624                 8.1710
     625                 7.4182
     626                 8.8355
     627                 8.5912
     628                 8.2407
     629                 9.2056
     630                 9.1956
     631                 8.8803
     632                 9.2896
     633                 9.3104
     634                 8.8813
     635                 9.2631
     636                 8.9355
     637                 9.1788
     638                 8.0199
     639                10.3941
     640                 9.5766
     641                 9.1856
     642                 8.9584
     643                 8.5795
     644                 8.2488
     645                 8.9635
     646                 7.9061
     647                 8.3742
     648                 9.2977
     649                 7.7518
     650                 7.7762
     651                 7.7552
     652                 8.7876
     653                 9.2654
     654                 9.2239
     655                 9.6894
     656                 8.6832
     657                 8.1431
     658                 8.8010
     659                 8.3352
     660                 8.7150
     661                 8.0681
     662                 9.0131
     663                 8.3964
     664                 7.8739
     665                 8.5027
     666                 8.3252
     667                 9.2005
     668                 7.8151
     669                 8.2573
     670                 8.6686
     671                 8.9936
     672                 8.7022
     673                 7.8713
     674                 8.2616
     675                 8.6187
     676                 8.7971
     677                 8.7233
     678                 8.8287
     679                 8.2838
     680                 9.3296
     681                 9.9292
     682                 9.5761
     683                 9.4041
     684                 9.1022
     685                 8.4074
     686                 8.3671
     687                 8.8431
     688                 9.1896
     689                 8.8000
     690                 8.9309
     691                 9.2713
     692                 8.7866
     693                 7.8187
     694                 8.6435
     695                 9.6276
     696                 8.9307
     697                 8.5582
     698                 9.2664
     699                 9.2331
     700                 8.1386
     701                 9.4371
     702                 7.6910
     703                 9.1146
     704                 9.1105
     705                 7.8902
     706                 9.7657
     707                 8.8333
     708                 8.2745
     709                 8.4294
     710                 9.3470
     711                 8.8083
     712                 9.7478
     713                 9.4598
     714                 9.4796
     715                 9.4959
     716                 7.7742
     717                 9.4956
     718                 9.5215
     719                 9.7405
     720                 8.6690
     721                 8.5014
     722                 8.3211
     723                 9.4831
     724                 9.2638
     725                 8.8999
     726                 8.2700
     727                 8.2321
     728                 7.3772
     729                 7.7745
     730                 8.6979
     731                 8.9124
     732                 8.1254
     733                 8.6108
     734                 8.8204
     735                 8.5756
     736                 8.1418
     737                 8.7542
     738                 8.8403
     739                 8.6295
     740                 9.2277
     741                 7.7065
     742                 8.3491
     743                 8.7258
     744                 9.0916
     745                 8.6572
     746                10.2671
     747                 9.2492
     748                 8.0069
     749                 8.4925
     750                 9.9487
     751                 8.9429
     752                 8.4787
     753                 8.2847
     754                 8.5836
     755                 8.3907
     756                 8.3007
     757                 8.9225
     758                 8.8113
     759                 9.0003
     760                 8.7222
     761                 9.9862
     762                 9.0176
     763                 8.9638
     764                 8.8426
     765                 8.6971
     766                 9.2331
     767                 8.1541
     768                 9.3806
     769                 8.7959
     770                 8.9117
     771                 9.1287
     772                 8.3609
     773                 8.3464
     774                 9.1131
     775                 7.2816
     776                 9.6197
     777                 9.0168
     778                 8.8164
     779                 8.5559
     780                 9.2915
     781                 7.6924
     782                 8.6212
     783                 7.8333
     784                 8.2824
     785                 9.2415
     786                 8.9050
     787                 8.2863
     788                 9.1737
     789                 8.8862
     790                 8.0682
     791                 9.1167
     792                 7.6269
     793                10.3738
     794                 8.9705
     795                 8.0352
     796                10.0093
     797                 7.8658
     798                 8.2156
     799                 7.7693
     800                 7.8749
     801                 9.0082
     802                 8.1489
     803                 8.5384
     804                 8.8521
     805                 8.9148
     806                 9.3726
     807                 8.2307
     808                 8.2955
     809                 8.7584
     810                 8.3376
     811                 8.5964
     812                 8.2191
     813                 8.5275
     814                 8.4801
     815                 9.3971
     816                 9.0750
     817                 8.4343
     818                 8.4293
     819                 8.6676
     820                 9.1983
     821                 8.7684
     822                 8.6688
     823                 8.5931
     824                 8.9528
     825                 8.6437
     826                 9.1898
     827                 7.8029
     828                 8.2732
     829                 8.2737
     830                 7.8206
     831                 8.6359
     832                 9.5869
     833                 8.2953
     834                 9.5133
     835                 9.3221
     836                 8.4683
     837                 8.4855
     838                 8.1376
     839                 8.7541
     840                 8.5174
     841                 8.1349
     842                 8.1843
     843                 8.0198
     844                 8.9779
     845                 8.7890
     846                 9.2300
     847                 8.2555
     848                 7.9748
     849                 8.8091
     850                 8.0156
     851                 8.4085
     852                 7.2428
     853                 7.4153
     854                 9.1265
     855                 8.2159
     856                 8.8506
     857                 9.1954
     858                 7.4618
     859                 8.3759
     860                 8.9854
     861                 9.9946
     862                 8.7446
     863                 8.6717
     864                 7.6206
     865                 7.3388
     866                 8.7381
     867                 7.8713
     868                 8.3363
     869                 8.0231
     870                 7.9583
     871                 9.9871
     872                 9.1188
     873                 8.9853
     874                 9.0626
     875                 8.8577
     876                 9.3637
     877                 9.0022
     878                 8.3701
     879                 8.6549
     880                 8.4687
     881                 9.1461
     882                 9.3373
     883                 8.3662
     884                 8.3455
     885                 8.3919
     886                 7.1006
     887                 7.8131
     888                 8.9196
     889                 9.6233
     890                 7.8654
     891                 8.6431
     892                 8.4900
     893                 8.2640
     894                 8.7801
     895                 9.2707
     896                 8.2464
     897                 7.2962
     898                 8.9448
     899                 7.9802
     900                 7.9871
     901                 8.7660
     902                 8.4003
     903                 9.0328
     904                 9.4403
     905                 9.1342
     906                 7.4336
     907                10.0221
     908                 7.8840
     909                 9.1933
     910                 8.6769
     911                 9.1040
     912                 8.5448
     913                 9.1173
     914                 9.6597
     915                 8.3164
     916                 9.4802
     917                 8.1310
     918                 8.8463
     919                 9.0211
     920                 8.5471
     921                 9.0417
     922                 8.6843
     923                 9.4168
     924                 8.7680
     925                 8.4384
     926                 8.8902
     927                 9.4287
     928                 8.6232
     929                 8.0854
     930                 8.4502
     931                 8.3503
     932                 7.5411
     933                 8.8275
     934                 8.2012
     935                 8.9346
     936                 7.7290
     937                 9.4791
     938                 8.7739
     939                 8.5378
     940                 7.3613
     941                10.1507
     942                 8.5038
     943                 8.5260
     944                 9.3039
     945                 7.9671
     946                 8.8032
     947                 7.8298
     948                 8.4234
     949                 8.5915
     950                 8.1345
     951                 7.7018
     952                 8.5980
     953                 8.6630
     954                 9.7605
     955                 8.2835
     956                 9.5907
     957                 8.5486
     958                 8.3238
     959                 9.0186
     960                 7.5687
     961                 8.6986
     962                 8.8844
     963                 8.0833
     964                 9.0434
     965                 7.9764
     966                 8.7126
     967                 8.3839
     968                 7.6264
     969                 8.2094
     970                 8.6077
     971                 8.0256
     972                 7.9302
     973                 7.4270
     974                 8.2844
     975                 8.3929
     976                 7.8196
     977                 8.0189
     978                 9.2276
     979                 8.2509
     980                 8.5485
     981                 8.8637
     982                 8.3777
     983                 8.5653
     984                 7.9939
     985                 9.0242
     986                 8.3766
     987                 8.7776
     988                 9.4160
     989                 8.7940
     990                 7.6707
     991                 8.5067
     992                 8.8678
     993                 9.4439
     994                 9.3422
     995                 8.5928
     996                 9.2508
     997                 9.4495
     998                 9.7371
     999                 8.3961
    1000                 9.0334
