#Frame        chi1:32      chi2:32      chi3:32
       1    -168.9622      45.3888      74.7198
       2    -171.6640      58.3827      98.3156
       3    -176.3703      57.5497      79.3980
       4    -179.9798      59.7994       7.2834
       5    -178.0967      57.5572     -94.5758
       6    -175.7281      53.8680     -84.2914
       7    -158.4652      36.2908     -96.9566
       8    -168.7013      37.9018    -108.5099
       9    -169.2270      75.3312    -118.1502
      10    -162.4773      44.6689     -84.6131
      11    -168.6402      49.8182     -95.0794
      12     169.1850      71.0745    -107.0538
      13    -156.9942      39.9472    -138.2650
      14    -176.2472      55.4907    -110.9410
      15    -169.6542      64.0435    -107.2685
      16    -173.6017      47.3413    -101.5143
      17    -168.7541      48.3483     -98.4371
      18    -171.7769      59.0405    -135.8113
      19     -67.4136     -63.5295      -6.4463
      20    -173.2094      49.5649    -119.3343
      21     178.5345      41.3579    -112.3621
      22     173.6395      58.0800    -104.0691
      23    -170.3608      73.0003     -91.4216
      24    -174.7684      53.0930     -95.0280
      25    -177.9358      57.0572    -116.3684
      26    -172.0304      54.8366     -97.7648
      27     171.5158      87.4025    -118.4823
      28    -174.0724      59.6539    -118.3431
      29    -174.3316      49.6424     -88.4746
      30    -172.6813      47.1047    -102.7851
      31    -176.8379      63.9225     -94.2739
      32    -167.6321      51.2316    -103.0422
      33    -166.5989      53.2951     -83.7407
      34     -84.9552     -60.9036     -11.5958
      35    -107.1763     -46.5465     -16.8347
      36    -176.8216      55.1946     -97.7359
      37    -167.0368      58.3920     -92.6201
      38    -170.3679      56.2336     -93.5457
      39    -175.8745      58.2818     -86.1978
      40    -163.7814      46.5416    -108.8712
      41    -168.9632      52.5212    -107.7737
      42    -179.2597      59.2111    -107.4339
      43    -171.5261      57.9166     -99.4689
      44    -174.9850      51.6807     -92.1514
      45    -173.2542      61.8198     -98.0505
      46    -168.9776      38.1776     -60.8130
      47    -177.3489      54.6254     -90.2417
      48    -173.7668      55.5070    -129.1137
      49    -168.1501      53.2688     -96.0817
      50    -170.8397      92.3672    -111.7355
      51     -84.9605     -59.4934     -41.1783
      52     -71.8928     -56.3912     -32.1737
      53     -69.0677     -28.5152     -31.1294
      54     -76.3728     -67.6832      -2.0316
      55    -175.4717      56.9115    -113.0751
      56     170.1454      68.0666    -108.1475
      57    -171.1635      34.8444    -103.7271
      58     171.8088      60.5991    -101.9356
      59    -169.1597      76.0636    -104.7273
      60    -169.5992      52.3435    -109.8704
      61     -70.6927     -74.0765     -35.8531
      62     171.5327      56.5775    -109.3358
      63    -169.7536      50.8389    -120.7118
      64    -164.1291      40.7051     -81.8132
      65    -176.4005      54.0104    -131.5581
      66    -177.0287      46.7819     -71.8223
      67    -164.8505      45.5362     -95.6467
      68     -69.4787     -52.7253     -55.8236
      69     173.1017      54.7619     -97.4908
      70    -174.7162      51.8448     -98.7405
      71    -170.6569      53.8655     -92.3069
      72    -172.1767      48.5246    -103.5927
      73     176.0165      64.0423    -125.9572
      74    -170.9154      69.6338    -111.6153
      75    -172.0080      54.1396     -82.2439
      76    -173.8542      47.0801     -98.2367
      77     170.5985      68.0380    -124.2305
      78     178.8469      52.9088     -86.7623
      79     -73.1231     -54.6921     -39.0354
      80    -169.3649      57.7217    -122.3506
      81     173.3490      62.5224     -88.0535
      82    -171.1965      53.7756     -85.4022
      83     -79.5121     -55.7832     -52.4333
      84    -167.2681      41.4131     -77.4994
      85    -177.2052      42.2820    -113.5898
      86     178.9906      69.3285     -90.7405
      87     174.7742      68.1508     -90.0784
      88    -162.1691      51.3463    -130.4378
      89    -176.8282      49.9911    -112.8072
      90    -174.1247      53.1396     -91.7885
      91    -179.4315      53.6469     -80.6101
      92    -164.1512      26.0683     -86.9684
      93    -178.8633      41.7797     -80.7554
      94     178.7068      51.4206     -92.2847
      95    -171.8375      41.5969     -96.9412
      96    -162.2618      44.3636     -84.5938
      97    -169.7002      47.4416    -109.5485
      98    -161.5658      52.8169    -111.7600
      99    -176.4463      66.8559     -76.9644
     100    -168.5730      50.6471    -100.4795
     101    -174.0640      51.6171    -103.1878
     102    -162.2623      43.9182     -86.2745
     103    -175.9955      49.9414     -97.3896
     104     -80.2086     -59.2962     -23.5391
     105     -61.5756     -65.6149     -15.3584
     106     175.5459      61.7839     -94.1307
     107     -73.1279     -56.8804     -22.0018
     108    -146.8532      66.1924     -82.2954
     109     -60.4084     -69.8856     -18.7949
     110    -161.5532      39.3430     -99.9627
     111    -176.3855      57.1309    -107.3151
     112     -69.0908     -62.0878       4.7511
     113     -71.3587     -61.7209     -39.8609
     114    -167.0351      46.2932     -80.7588
     115    -166.3246      34.8836    -126.0924
     116    -171.6710      45.1790     -84.3368
     117    -163.7886      32.7104    -104.1871
     118     176.2521      63.5864     -82.0227
     119    -168.4465      48.5162    -103.0077
     120     178.8706      55.0854     -90.5535
     121     -74.0444     -55.6361     -34.2774
     122     -92.3788     -55.0231     -15.1428
     123    -171.3998      47.7449     -72.1327
     124     -65.0327     -78.8760       0.5685
     125    -169.6636      41.6789     -89.8964
     126    -173.5048      44.5310     -94.6115
     127    -165.8186      55.4894    -120.0889
     128    -178.0940      69.3125    -104.1312
     129     176.1633      63.4953    -106.0509
     130    -173.6085      50.2955    -101.9007
     131    -178.9110      52.4425     -73.7752
     132    -169.5653      53.0055     -84.3255
     133     -97.8559     -67.0085      -5.0784
     134     -76.6256     -76.1694      -0.6460
     135    -164.4806      36.2385     -81.8632
     136    -169.8933      44.4250     -87.3868
     137    -167.7188      47.4615     -88.3515
     138    -174.8013      56.7099     -95.3044
     139    -167.1105      43.9207     -97.0688
     140    -179.4223      57.2532    -103.9034
     141     179.7479      62.7489    -101.9736
     142    -171.4491      58.7194    -101.4149
     143    -172.8699      59.4093    -118.9386
     144     168.4673      54.2570     -94.4590
     145     -70.2411     -62.1803     -22.3738
     146    -179.6173      58.9664    -104.6294
     147    -179.4510      51.8949     -99.8249
     148    -158.9153      55.6627    -119.1310
     149    -164.9956      47.0859     -93.9157
     150    -168.6420      55.6301    -126.9963
     151    -174.3260      60.2152     -99.5131
     152    -171.2922      48.5590     -92.7239
     153    -175.1139      52.0849    -110.6166
     154     175.0487      61.6728     -99.5751
     155    -176.8354      66.7475    -112.5090
     156    -166.4824      34.1692    -113.3816
     157     178.5671      60.1494     -95.4111
     158    -166.2453      45.9257     -83.3426
     159     176.1643      61.1237    -120.6487
     160    -158.9086      46.0679    -102.4606
     161     175.0311      57.4139    -108.1239
     162     -70.3254     -36.3137     -42.1070
     163     -62.0702     -52.4505     -27.3058
     164     169.0050      61.0829     -92.0443
     165    -161.5390      43.4638     -96.3752
     166    -165.0463      43.3715    -110.0389
     167    -176.7335      52.3261     -99.1261
     168     169.9815      67.0511    -108.2324
     169     -88.1684     -70.2996     -30.6375
     170    -168.0192      37.0759     -99.5201
     171    -177.9935      48.9317     -79.9560
     172    -162.1298      37.2453     -93.3831
     173    -178.9738      51.6503     -70.9651
     174    -171.8440      44.1380     -67.9628
     175    -171.7296      45.3973    -109.6172
     176     176.5336      49.7841    -110.3149
     177    -164.7534      42.4959     -88.8247
     178    -177.8649      56.8982     -78.8595
     179    -170.6911      58.3099     -80.9358
     180    -173.3315      61.4153    -126.1507
     181     -68.2971     -73.6468      15.9833
     182     172.0266      59.5710     -99.9806
     183    -166.3104      38.5580     -81.1098
     184    -175.2055      69.1149    -102.3248
     185    -164.5090      44.9497    -101.8326
     186     -63.3326     -62.9675     -25.5244
     187     179.1032      54.5852    -107.6429
     188    -174.0251      71.9255    -102.2471
     189     -74.8057     -62.0341     -30.8801
     190     -80.1943     -57.5612     -24.8133
     191    -175.2020      59.9142    -107.4533
     192    -175.2972      62.0141     -91.2032
     193    -177.9405      49.5341     -99.9945
     194    -170.9463      47.7820     -57.1459
     195    -169.0784      58.4795    -138.5780
     196    -172.0889      58.7997     -82.9558
     197     178.4340      65.5084     -80.0973
     198    -168.8669      49.3187     -99.7532
     199    -166.6234      50.0927      73.7709
     200    -167.9395      46.3471     102.4747
     201    -165.9991      45.7417      94.6111
     202    -166.5274      48.1604      80.0090
     203     -54.6665     -49.4903     142.9774
     204     -75.1009     -56.4329     150.4326
     205     -86.3593     -61.5715     169.5342
     206     -84.9410     -65.4248     150.0302
     207     -80.5256     -60.5137     170.4769
     208     -87.4957     -59.5123     160.0967
     209     -65.2575     -56.3668     147.0027
     210     178.7728      59.0001      78.2693
     211    -169.4640      49.8050      95.0148
     212    -157.9356      57.5717      57.3238
     213    -164.6535      47.9761      86.5363
     214     -92.5507     -69.2261     149.2554
     215     -66.8385     -67.6822     165.5789
     216     -95.2056     -58.9912     163.2736
     217     -67.0862     -59.3639    -162.2845
     218     -67.1002     -65.3922     165.8897
     219    -178.6843      28.0276      70.9666
     220    -168.2082      60.2555      76.3394
     221    -163.5316      32.3743      72.5387
     222    -161.1760      49.5417      95.6549
     223    -178.0295      48.3249      72.1639
     224    -156.0557      19.5276      74.5064
     225    -166.0601      54.2973      60.1255
     226    -163.2730      35.3899      94.0496
     227    -176.2787      57.2328      67.9562
     228    -176.1716      47.8982      96.1226
     229    -164.8283      34.1774      79.3238
     230    -165.1358      27.6240      71.7441
     231    -172.4171      57.5008      86.7912
     232     177.8040      64.9025      66.1228
     233     174.9156      59.8568      65.4419
     234     171.5145      71.2913      64.8576
     235    -163.7404      50.5258      78.8306
     236    -164.5628      53.2413      69.0600
     237     -73.4565     -50.4510     150.8211
     238    -161.1550      54.6001      47.3103
     239    -164.7045      50.7677     104.6208
     240    -176.9356      65.1537      95.0557
     241    -168.1460      44.9949      81.0146
     242     175.5393      57.0905      69.8840
     243    -173.4895      51.1134      73.6470
     244     174.3301      47.8369      86.7586
     245    -176.1392      47.1568      45.4629
     246     -83.3056     -54.1154     160.5523
     247    -174.7282      45.3576      83.5394
     248    -171.1586      56.9936      84.1191
     249    -163.3275      47.2162      89.1378
     250    -163.5727      52.8865      96.8710
     251    -176.2332      54.0212      79.1254
     252    -162.3587      42.1350      84.9870
     253     -95.9416     -75.4526    -174.0498
     254     -81.0511     -59.7918     155.3030
     255    -177.4660      55.9292      77.2850
     256    -178.3158      43.6841     -79.0415
     257    -167.9759      56.3048     -96.8345
     258    -176.9070      47.3151     -91.5044
     259    -169.0979      42.0641    -109.4023
     260    -170.9962      62.1717    -159.5979
     261     174.5816      48.8765     -96.2202
     262     167.9775      51.5314    -126.7168
     263     176.7150      56.0474     -96.0609
     264    -179.4176      44.9841    -102.2478
     265    -168.7301      35.3711    -102.1454
     266    -171.9570      54.6382     -92.6757
     267     -60.0345     -57.0861     -36.3343
     268    -177.5176      58.8373     -93.7601
     269     176.7171      62.8058      65.2694
     270    -171.1646      55.9300      40.9472
     271    -172.7832      66.5362      70.5277
     272     -93.6579     -50.4041     163.2422
     273     179.3322      52.2391      49.8597
     274     179.5354      50.0871      72.5732
     275    -115.6358     -51.4658     147.4464
     276     173.3749      57.4591      89.9481
     277     172.0823      41.4327      56.1142
     278    -168.3089      29.9375      87.8839
     279     179.7328      52.4517     109.1467
     280     -75.2194     -78.8534     163.7258
     281     -95.6170     -57.6698     156.1477
     282    -172.4524      49.1608      85.8474
     283     172.2237      77.4773      78.3503
     284     179.6914      57.6883      71.5500
     285    -173.8026      51.6330      73.9170
     286    -175.1969      66.6759      70.9433
     287    -167.7772      52.9850      91.4056
     288    -167.8403      44.3515     100.6603
     289     165.6937      55.8986      31.1314
     290    -103.1696     -62.0989     158.8713
     291    -159.7437      43.9863      79.1641
     292    -169.9574      47.7966      85.2075
     293    -173.0972      63.1173      65.5817
     294     178.1581      46.6325      73.3278
     295    -172.1986      51.6677      95.5451
     296    -165.9320      36.5138      73.2943
     297    -176.0611      70.3002      54.0996
     298    -176.5847      48.3502      97.6178
     299    -171.9645      52.7671      82.0267
     300    -179.9963      62.2707      89.4542
     301    -178.2643      32.9123      69.4250
     302    -177.2434      40.1678      67.0752
     303    -175.4880      52.1248      87.5401
     304    -176.4956      60.0906      32.6439
     305    -172.6974      49.9656      95.9503
     306    -156.9375      35.7133      72.8796
     307    -166.7358      42.4490      84.0085
     308    -171.5409      59.7629      88.6166
     309     178.8862      57.4634      59.8123
     310    -158.6840      67.0047      50.7549
     311    -179.3526      56.3680      59.9483
     312     178.0347      50.3728      70.8284
     313    -162.4445      35.6387      75.6218
     314     -56.8199     -64.2512     138.9607
     315    -176.0146      58.8558      53.4430
     316     176.6043      57.2374      68.3494
     317    -174.8100      53.0794      82.0160
     318    -173.2440      42.1696      92.8469
     319     -87.3879     -71.0902     160.0664
     320     -87.8952     -66.6928     159.6506
     321     -68.9260     -66.7629     155.4353
     322    -161.0916      57.1689      82.4679
     323    -166.2607      41.7733      76.7496
     324     175.0620      63.8821      72.2556
     325     179.3670      54.3869      71.0157
     326    -177.8510      74.3284      45.8607
     327    -179.7979      74.9455      74.7775
     328    -176.1535      47.4912      61.4363
     329    -162.0151      57.2743      71.7074
     330    -176.5720      45.3200      60.4280
     331     171.1082      66.0858      46.8849
     332    -166.6047      41.5892      85.6751
     333    -164.4532      39.5907      79.3050
     334    -172.4927      50.2639     102.8063
     335    -171.8898      47.7123      68.8894
     336     -62.3902     -56.7550     147.0921
     337    -177.9863      80.9145      59.2721
     338     -77.8774     -70.5427     157.9535
     339    -151.2204      38.8817      83.0878
     340    -151.9085      31.2368      70.6451
     341     177.7672      58.7839      36.1159
     342    -179.4330      58.3851    -109.7799
     343    -171.8669      66.0776     -87.1621
     344    -159.9358      37.0288    -116.0304
     345    -171.2955      54.1872    -121.4443
     346    -170.8155      59.1294     -98.1259
     347     179.1696      61.2331    -111.5511
     348    -167.7311      45.3981    -107.5354
     349    -169.9907      38.6687     -86.4070
     350    -162.1920      38.7921     -97.8862
     351     -65.4940     -61.0726     -24.3999
     352     -57.8085     -64.5626     -10.9192
     353     -62.2258     -68.2297       7.6245
     354     -65.0151     -66.4935      -5.3379
     355     -77.8940     -63.2659     -20.1964
     356    -163.6049      55.4603     -92.5073
     357     174.8162      67.8084     -82.4290
     358    -174.2910      57.9708     -61.4060
     359    -174.3064      51.1655     -71.4678
     360    -166.0094      46.3423     -84.8897
     361    -167.5405      49.7495     -79.0279
     362    -173.5161      59.7247    -103.4462
     363    -178.5537      52.5620     -99.6238
     364     -72.2056     -63.5863     -23.2789
     365     -66.7159     -56.8184     -28.0222
     366    -162.1964      45.6291     -84.9487
     367     178.4181      51.0467     -87.2268
     368     174.9917      40.8723    -115.8341
     369    -179.4865      44.3958    -114.3864
     370    -178.4598      54.5745    -113.2756
     371    -156.8825      36.0350     -74.8495
     372     171.6465      59.5624    -115.3368
     373     176.7450      56.3284     -98.1879
     374    -175.0117      58.1100     -94.9614
     375    -173.6272      51.1986     -92.4338
     376     177.5738      61.7096     -69.7925
     377    -170.9031      50.5708     -90.5059
     378     -89.7789     -48.0649     -25.1148
     379    -167.4528      63.1012      75.8051
     380    -173.0532      44.8499      53.4898
     381    -163.5616      33.4686      91.3363
     382    -166.5333      54.0188     104.2673
     383    -171.7252      56.8779     -74.5119
     384    -168.9326      45.5378     -78.8048
     385    -171.4597      40.1715     -97.7845
     386    -179.6783      66.1560    -116.8649
     387    -169.2448      49.9666     -91.0394
     388    -164.6758      58.9530    -151.3975
     389    -175.8645      65.7347     -96.5293
     390    -176.8585      52.1898    -113.9075
     391    -174.0891      57.2185     -98.6877
     392    -177.7834      65.7663     -96.8269
     393     176.3604      61.1372    -113.6788
     394    -161.9513      42.5732     -90.1879
     395    -167.8060      49.4497     -73.5436
     396    -164.7206      45.6588    -124.1630
     397    -158.6230      34.8085     -97.7986
     398    -170.0717      46.2367     -88.2308
     399     179.8561      48.0829    -106.6160
     400    -173.5859      42.7886     -96.6677
     401    -171.7412      48.5121     -67.8913
     402    -176.1770      57.6564     -65.5383
     403     172.5481      56.0378     -96.1005
     404    -173.0026      48.9447    -100.8608
     405    -171.1330      55.7296     -90.9486
     406    -172.5753      55.9148    -130.4654
     407    -166.8505      38.4387     -84.5424
     408    -168.0819      47.8188     -81.7538
     409    -163.1952      53.9261     -88.7497
     410     -82.8386     -49.0845     -40.6910
     411    -168.6412      49.9161     -97.8987
     412     176.4220      43.0591     -99.9337
     413    -178.0623      43.8368    -105.7724
     414     179.9429      62.2141    -106.3468
     415     -94.5872     -50.8061     -31.0518
     416     -51.7715     -65.2318     -10.6729
     417    -170.5357      48.1393     -98.4937
     418    -173.4666      72.9853    -100.7185
     419    -162.4581      49.3610     -76.3863
     420    -168.1926      48.9346     -94.4995
     421     -76.9513     -69.3549     -23.3181
     422    -176.0384      65.3892      57.2933
     423     173.3232      55.8844      67.1664
     424    -170.7038      45.2060      82.0882
     425    -174.2893      75.8806      77.0403
     426    -178.9807      54.9205      79.1159
     427    -166.8396      47.6138      79.9181
     428    -175.5000      59.3308      56.7618
     429    -167.7178      44.1172     109.2301
     430    -166.8715      63.8483      63.8291
     431    -166.5292      43.0844      78.1235
     432     177.5562      37.1982      52.0818
     433    -171.3495      55.2006      58.5247
     434     176.5119      52.3295      96.1951
     435    -179.3169      46.1822      50.1317
     436     -87.8388     -74.1039     176.3743
     437     -80.5790     -70.8347     161.8446
     438    -163.2223      53.6207      68.8579
     439    -163.0295      34.4539      77.8491
     440    -169.4402      48.9853      66.7700
     441    -158.4838      32.4064      92.2970
     442    -172.2573      51.7792      83.5145
     443    -175.8486      55.0487      49.3984
     444     165.3876      56.4619      60.4764
     445    -165.1383      57.5104      78.9583
     446    -173.0155      66.2044      88.7396
     447    -162.9791      28.9388      77.0089
     448    -167.9507      57.1014      49.5858
     449     175.0742      64.1739      87.3453
     450    -169.3321      33.1322      73.0174
     451    -179.0128      63.3000      68.5245
     452    -171.3234      50.9762      92.1894
     453    -167.4098      32.0814      69.6839
     454    -174.7050      46.5363      70.2252
     455    -178.7932      54.3662     101.3867
     456    -161.8644      44.7305      85.7378
     457    -177.2619      58.5251      42.2127
     458    -168.7554      75.2708      52.6500
     459     -86.6240     -54.1425     131.1061
     460    -174.7884      60.3655      75.1106
     461     175.3052      66.4028      68.5519
     462    -172.9163      47.6803      74.2483
     463     178.3934      68.9980      69.7343
     464    -173.3690      36.6819      52.2802
     465     -99.2425     -58.3120     172.2538
     466    -164.1505      41.0381      82.0342
     467    -174.4919      51.2966      56.6668
     468    -179.2279      69.8635      72.9828
     469     173.7631      71.2531     112.2448
     470     -68.7608     -57.7622     164.3127
     471     -72.1484     -62.0666     145.4353
     472    -174.9073      46.3876      83.7047
     473     -71.4600     -60.6066     153.6704
     474     176.5966      54.7791      88.1404
     475    -174.7303      52.2630      64.8019
     476    -164.5285      63.0063      61.9144
     477    -162.1333      53.5152      59.7310
     478    -174.8662      55.1869      81.0853
     479    -179.9208      54.4574      65.8428
     480    -158.2181      71.8169      69.2761
     481    -167.7950      32.8217      63.5672
     482    -160.0846      59.2002      61.4700
     483    -170.6384      57.8538      66.2781
     484    -177.5780      51.4440     105.7327
     485    -159.9471      51.4827      70.0872
     486    -177.9270      49.3171      56.5583
     487    -175.9962      61.0539      29.5048
     488     173.3304      54.8398      57.4398
     489    -177.6548      61.8173      67.9092
     490    -157.5898      53.7585      88.7785
     491    -163.2798      33.3203     104.2487
     492    -179.6944      48.9769      88.4183
     493    -155.6448      41.0125      83.3456
     494    -173.2794      49.2403     104.7282
     495    -150.2266      29.2437      96.1018
     496    -172.6792      50.5477      98.3175
     497     177.6075      59.7972      84.0087
     498    -161.6568      37.0092      88.2461
     499     175.1126      62.3370      80.8324
     500    -169.2183      33.7891      83.1835
     501    -174.7129      50.7213      88.4150
     502     -83.2537     -75.6210     125.5920
     503     -68.3303     -39.1305     145.8132
     504    -177.7875      61.2208      58.3918
     505    -172.9183      39.1797     101.1289
     506     172.1339      54.3086      54.2498
     507    -174.4608      47.8857     108.2998
     508    -174.5942      44.4765      74.3610
     509    -172.0644      52.3684      80.4092
     510    -176.7413      52.7727      50.4493
     511    -163.2199      47.4762     103.1014
     512     179.5211      56.4467      75.7448
     513    -173.4167      56.9354      65.2769
     514    -164.7697      42.8381      64.0280
     515     170.1687      62.7247      86.2830
     516    -173.0949      43.4679      70.2341
     517    -101.9071     -58.0347     152.1906
     518     176.8256      79.5281      40.7588
     519    -162.5105      53.4616     108.1270
     520    -170.1443      53.4539      72.1805
     521    -177.1408      46.7839      63.6415
     522    -177.5165      56.2584      53.1945
     523     174.2008      52.0328      72.4380
     524    -172.2004      43.4948      70.0875
     525    -174.6289      52.8696      69.1915
     526    -167.5883      49.5405      88.4443
     527    -169.6517      41.6373      71.3010
     528    -166.7559      50.3368     114.7703
     529    -177.4810      57.7476      73.8201
     530     179.4830      53.9984      56.9830
     531    -173.3256      64.9513      73.3591
     532    -169.4073      52.9609     100.6868
     533     179.3502      55.5059      79.6729
     534    -115.2293     -49.3042     -36.2553
     535     -91.3255     -85.9215      13.8120
     536     -99.6549     -60.8270     -19.7112
     537    -162.4582      58.9105    -130.4998
     538    -171.2810      38.9923     -87.5567
     539    -172.9433      53.0357     -86.3851
     540    -178.9019      53.8929     -71.0807
     541    -177.1677      54.1584    -131.0195
     542     -88.8703     -66.6435      -0.4703
     543     172.9375      70.5324     -92.4756
     544    -161.2172      60.3490     -98.9038
     545    -167.6648      44.5122     -99.8669
     546    -176.8844      57.4891     -70.0757
     547    -165.7394      41.5252     -79.3205
     548    -173.0959      39.7664     -73.9890
     549     179.7805      48.8418    -105.8571
     550    -179.6370      55.9686     -95.6988
     551    -173.3544      61.1104     -90.2558
     552     178.2237      64.8312    -109.8184
     553    -175.0119      54.9993     -72.6823
     554    -176.4409      58.7159    -131.4110
     555    -174.5443      39.8598     -90.1422
     556    -174.1297      44.8377     -84.5531
     557    -171.2525      59.2809    -111.6180
     558     179.8011      65.1699    -125.7122
     559    -102.1496     -63.4427      -4.5741
     560     175.3881      50.0519    -104.3064
     561    -170.5656      56.0394    -111.8623
     562     176.0099      67.1776     -89.7005
     563    -163.5714      39.3622     -89.3915
     564    -172.3751      52.9253     -86.6663
     565    -171.0345      55.4201     -89.9031
     566     174.4238      48.6968     -66.1106
     567    -178.5826      56.3914    -105.0778
     568    -164.1143      17.8438    -108.5274
     569    -173.0956      52.7205     -83.9997
     570     175.3963      67.7797    -123.2491
     571     174.2410      56.8816    -107.5190
     572    -172.8489      46.7896     -88.5877
     573    -168.9338      62.0213     -83.4577
     574    -173.0255      49.4176     -89.4539
     575    -170.1978      47.4607     -87.3501
     576     174.9339      64.4776    -108.2318
     577    -169.3700      57.6799    -107.3762
     578    -173.7091      50.1001     -99.5093
     579     -77.2715     -38.7037     -41.4773
     580    -175.3925      42.2869     -99.0698
     581    -172.1495      50.5369    -101.5636
     582     178.2891      59.6167     -88.6295
     583     -80.4061     -56.9207     -25.7234
     584    -175.3989      46.5796     -88.0706
     585    -106.7314     -62.4911     -17.9018
     586    -179.5782      53.9283     -67.2969
     587     -66.4428     -58.6318     -27.7008
     588     166.7875      62.1503    -124.6648
     589    -178.0291      58.1633    -106.9128
     590    -172.0231      56.3861    -126.7568
     591    -168.7351      49.3813     -98.0257
     592     173.1130      61.0535    -103.3105
     593     -90.6898     -67.5189     -38.6086
     594    -178.1934      54.6836     -89.4832
     595    -174.0755      54.9921    -107.6838
     596    -170.9388      46.1733     -78.7006
     597    -165.1867      53.9742    -107.1360
     598    -165.2065      43.0142     -94.0127
     599    -173.2725      64.0284    -117.4364
     600    -168.8807      53.6804     -88.9975
     601    -163.7837      68.7931     -96.4290
     602    -177.5999      57.1552     -97.3570
     603    -179.6509      56.1966     -78.0406
     604    -169.3860      52.9105     -80.6419
     605    -166.5513      42.1925     -91.2041
     606    -178.8936      55.9775    -104.3761
     607    -164.3565      49.5489     -86.3308
     608    -160.9235      47.0479     -92.3074
     609    -177.4094      54.6224     -79.1039
     610    -173.4680      62.4594    -134.1621
     611     171.3592      59.3741    -113.4149
     612    -178.2415      67.9097    -113.7628
     613     -78.2653     -56.1415     158.1863
     614    -157.9530      29.4182     105.9063
     615    -170.8286      47.3439      78.8881
     616     168.2108      64.2744      88.6963
     617     -80.2951     -43.3385     134.1407
     618     -80.6701     -74.9455     171.2510
     619    -163.8244      57.0693      68.5076
     620    -178.6109      51.2401      73.8548
     621    -175.8302      39.1611      86.0128
     622    -174.1038      46.6159      73.3047
     623    -167.4998      45.5026      56.0351
     624    -178.4092      61.1618      73.9640
     625    -171.0757      34.4451      66.6106
     626     177.4700      60.7723      78.1562
     627     178.8307      59.1778      66.8205
     628    -164.2546      61.4748      77.9560
     629    -173.6210      60.0405      99.3573
     630    -179.2045      45.7011      85.0805
     631    -171.3954      52.3327      90.8651
     632    -112.8616     -51.7313     150.9179
     633     -88.0737     -69.7749     153.0993
     634     -66.4021     -81.5963    -151.0757
     635     170.8340      56.6341      55.6359
     636    -174.4089      46.4435      91.4725
     637    -174.6497      58.2585      84.0873
     638    -169.4663      45.2605      79.5935
     639    -170.8392      48.2630      71.6417
     640     178.0007      51.2703      51.5916
     641    -175.0464      62.1823      54.7428
     642    -165.5538      72.1291      61.6399
     643     179.1219      64.4167      89.8822
     644    -178.6940      52.5460      55.1334
     645    -175.3492      61.3112     100.6927
     646    -179.4128      55.6641      70.5961
     647     169.7952      57.5638      26.3258
     648    -177.6642      55.0582     100.2133
     649    -174.0172      64.2342      67.4854
     650    -162.9254      59.5506      47.9362
     651    -170.2416      58.7611      82.3933
     652    -159.5389      40.6135      74.7596
     653     179.3502      49.3189      82.0999
     654    -178.6814      69.7358      84.2325
     655    -170.7793      55.4090      57.6899
     656    -174.9849      65.4498      70.3148
     657    -166.4201      51.8316      95.3495
     658    -166.4632      49.5289      74.4822
     659    -167.7857      48.2620      89.7068
     660    -167.8048      48.1995      87.6567
     661    -165.7788      47.0975      79.0580
     662    -170.8900      58.6109      93.4923
     663    -176.0896      55.5310     -96.9553
     664     179.2820      57.0344     -93.0792
     665    -173.6189      54.7671    -106.4506
     666     -68.8855     -59.9087     -12.7833
     667    -174.2222      56.1934     -77.3853
     668    -165.7624      41.9984     -91.5362
     669    -167.6915      53.1001     -92.6487
     670    -176.2778      56.5582    -111.2483
     671    -167.0852      48.7591     -80.4485
     672    -164.6666      59.1706    -122.3364
     673    -100.7442     -56.6123     -21.9384
     674    -159.9757      55.0981     -94.1699
     675     173.8259      60.1272     -74.1387
     676     176.0860      63.3211     -97.7907
     677    -170.2094      63.8761     -94.5627
     678     178.0019      63.1093    -120.0125
     679    -173.3004      50.8690     -82.6706
     680    -174.2732      43.5932     -86.5178
     681    -160.3163      36.3071     -96.6414
     682    -177.5221      54.3195    -114.8335
     683    -168.7024      68.1628    -103.9452
     684    -167.3390      54.6728    -112.9902
     685    -163.4369      38.5140     -76.6671
     686    -177.4684      53.6424    -124.2198
     687    -173.2008      55.7316    -120.5294
     688    -177.3230      59.5013     -91.7173
     689    -176.8395      69.0023     -90.4729
     690    -171.6485      47.1167     -99.3506
     691     173.5694      44.6886    -106.3105
     692    -170.4623      51.5029     -86.4966
     693    -171.1111      43.1252     -99.6024
     694    -175.8984      54.0982     -95.0882
     695    -158.3295      41.8142     -76.3304
     696    -159.8868      55.5102    -114.6623
     697    -172.9054      58.8538     -99.9113
     698    -175.5698      59.4641    -107.6439
     699    -172.0979      65.2461    -106.1871
     700    -176.1648      51.9156     -71.2804
     701    -170.0035      45.4256     -84.2541
     702    -166.6291      40.4479     -76.2667
     703    -169.7729      46.1249     -80.3221
     704    -170.5620      73.0407    -106.8829
     705    -176.1157      49.3806    -109.2337
     706    -177.3404      51.5627     -94.6397
     707     174.6316      62.6042     -88.5161
     708     -84.1294     -55.0611      -4.9734
     709     -48.2534     -59.0457       5.2293
     710    -178.2696      64.6329     -71.2236
     711    -178.8948      55.4850     -99.3149
     712    -162.8621      47.5857     -83.3573
     713    -178.8765      60.7964     -83.3066
     714    -176.5429      51.1950     -86.1178
     715    -173.2974      55.4025    -123.6579
     716    -169.5004      53.3715     -90.1341
     717    -176.7646      76.1128    -102.4967
     718    -172.3059      62.0973    -110.5223
     719    -166.3924      68.1020    -122.1826
     720    -170.2829      49.3717    -118.1235
     721    -173.8855      62.8663      94.8605
     722    -165.9555      39.4643      96.7368
     723    -179.2442      64.8232      62.9472
     724    -173.9314      64.5012      71.1601
     725     -71.6231     -65.3072     137.1040
     726    -176.2892      59.6490      26.8566
     727    -173.9436      65.8044      66.1215
     728     -94.1157     -59.4624     152.4506
     729     -89.5074     -59.1877     173.5641
     730    -171.3365      46.8646     111.6754
     731    -171.0830      58.8319      79.4867
     732    -168.7058      46.8136      60.9887
     733    -172.7320      45.4133      69.9847
     734    -177.8479      57.6206      91.8067
     735    -167.3465      49.0364      94.7336
     736     177.2493      56.4435      86.9538
     737    -163.1690      62.2928      51.2710
     738    -161.1300      50.0822      61.9211
     739    -166.6714      33.4737      76.0326
     740    -179.4076      55.0519      26.8662
     741    -168.2905      69.7403      43.4907
     742    -175.1346      49.3560      71.1486
     743    -168.2643      44.7064      79.6813
     744    -171.5331      39.1401      97.3815
     745    -167.4525      44.3558      84.4591
     746    -173.2492      79.6052      42.5381
     747    -173.7835      47.8326      59.6363
     748    -159.9818      39.3959      96.4045
     749    -175.7967      46.5422      46.3761
     750    -169.1706      48.5451      95.2167
     751    -168.2401      52.0014     101.3184
     752    -177.7477      55.1812      71.9521
     753    -179.2501      54.7661      74.4875
     754    -171.6098      51.1731      78.4018
     755    -169.0251      29.5422      79.9753
     756    -179.0190      66.5524      80.2840
     757    -177.6369      66.3085      77.3452
     758     176.6744      52.6478      55.6043
     759    -176.7679      44.3418      84.0759
     760     166.8349      62.2108      84.9132
     761    -169.4341      59.1147      60.6481
     762    -170.5355      57.2493      62.3047
     763    -178.0244      49.9466      58.6054
     764    -170.1822      54.4198      93.6576
     765    -176.9622      53.7610      61.8051
     766    -167.1528      48.6615     111.3944
     767    -172.9365      54.3815      70.0805
     768    -175.4767      70.7015      49.0287
     769    -176.2444      52.4558      79.0217
     770    -164.7442      41.4687      53.5089
     771    -176.3935      54.3175      99.4503
     772    -165.8048      48.5316      68.1938
     773    -176.1034      55.0211      81.0567
     774    -174.7942      51.5010      64.3563
     775    -171.9887      66.2486      71.1508
     776     177.0728      55.2038      61.4556
     777     164.2892      47.9166      74.4339
     778     169.5209      57.1039      67.5239
     779    -163.3777      47.8369      67.8490
     780    -176.8639      56.8053      98.4414
     781    -174.9362      55.2975      96.2394
     782    -173.4538      54.1976      71.0718
     783     -80.5056     -64.6704     157.0970
     784     -77.8528     -56.1393     158.0437
     785     179.3285      58.9891      77.6286
     786     -62.9291     -66.2024     154.9501
     787     -92.0189     -63.7212    -172.7613
     788    -172.3631      47.0759     114.0616
     789    -164.3691      38.7904      94.5138
     790    -178.0013      60.5267      92.0547
     791    -169.3867      43.3517      73.4875
     792     172.3472      64.0357      67.4691
     793     174.9946      58.9921      61.7287
     794    -173.7537      58.5074      90.1914
     795    -163.4740      49.4002      92.3929
     796     179.0561      53.2549      79.5096
     797    -179.5887      51.9175      71.6064
     798    -178.1311      59.5121      39.5137
     799    -175.4857      52.8812      75.9134
     800    -178.3121      51.6636      81.8137
     801    -165.6271      43.5103      98.9307
     802    -166.8287      52.4837      88.9606
     803     -94.6049     -53.5064     151.0484
     804    -160.7713      40.1654      72.0039
     805    -179.5786      69.3749      75.7008
     806    -166.8683      51.8728      68.4457
     807    -173.0186      61.5216      75.4891
     808    -178.4332      55.4064      58.2272
     809    -171.7655      49.8524      91.6303
     810     -83.1501     -69.6900     159.7136
     811     -78.9751     -81.1436     172.0217
     812    -158.2324      26.7657     129.4538
     813    -163.8901      47.8116      93.7424
     814    -172.0909      56.5337      69.0725
     815    -156.9393      61.0348      60.8177
     816    -176.3671      47.4228      62.3965
     817    -169.4474      57.7651      40.4085
     818    -166.2929      31.8543      78.0200
     819    -155.8685      37.9494      89.4609
     820    -174.9409      53.3603      74.4630
     821    -173.2785      51.6260      90.5086
     822    -155.7565      35.0511      79.2771
     823    -173.1406      51.6926      60.7097
     824    -147.1356      22.8501      87.5719
     825     -87.4941     -60.5502     157.1144
     826    -172.8205      48.7822      95.2835
     827     177.9107      62.5287      89.2578
     828    -174.3178      48.9666      84.3825
     829    -169.8749      52.9738      93.1819
     830    -174.6469      65.8035      79.6450
     831    -173.0229      60.5671      88.0932
     832    -171.4823      66.5694      27.3520
     833    -171.2703      47.8313      72.6804
     834    -170.6118      65.5472      81.8211
     835    -173.3338      48.0156      95.2661
     836     176.8957      68.4477      34.5413
     837    -172.1223      51.6670      80.8764
     838    -178.0062      54.0345      91.3197
     839    -170.7756      48.0805      85.1187
     840     -62.1650     -67.8576     171.2966
     841    -174.0989      54.6292      85.9041
     842    -172.1737      62.1943      60.9963
     843    -168.0957      57.8521      78.4841
     844     176.8323      65.8782      52.1433
     845    -155.1559      78.7837      32.7303
     846    -160.5363      49.5031     101.8153
     847    -169.8806      42.4258      96.5734
     848    -172.4869      53.0496      91.0273
     849    -165.5571      50.5746      54.4024
     850    -172.5111      44.9269      74.5693
     851     172.9502      74.1596      78.3002
     852    -170.6067      56.3584    -111.2993
     853    -176.8290      56.5879    -121.6321
     854    -174.8876      59.3867     -95.6401
     855     -83.6253     -60.1185     -34.0783
     856     -84.4577     -64.2337     -19.9654
     857     -71.4827     -71.4932      -4.0847
     858     -73.6898     -71.6662     -11.6378
     859    -169.3492      55.5837     -96.6805
     860     -92.2674     -75.7327       2.5410
     861    -174.2273      57.5236    -106.6436
     862    -176.0957      63.6271     -80.9205
     863    -179.2618      59.3798     -91.4019
     864    -167.2373      53.1926    -114.6739
     865     174.6876      58.1420     -91.7527
     866    -173.7890      33.5901     -95.2973
     867    -166.8108      58.3619     -70.6509
     868     -84.4352     -61.5699     -49.0532
     869    -173.7811      57.9945     -87.7007
     870    -171.2543      52.0187     -95.9130
     871    -167.7210      57.6912     -86.7260
     872     175.2167      61.3612    -107.1663
     873     -62.9939     -52.4200     -29.2243
     874     -72.0561     -76.7365     -24.9258
     875    -172.2561      52.5543     -95.3310
     876     178.3984      64.1700    -116.4742
     877    -168.4002      46.3195      80.3540
     878    -170.1715      43.7448      76.6257
     879    -173.3234      49.2228     103.9958
     880    -174.7536      62.7395      88.2335
     881    -171.2055      45.8381      73.9729
     882     171.9431      57.9037      54.6659
     883     -85.6867     -52.4410     136.9953
     884     -72.1322     -50.5161     135.4711
     885     -57.9248     -63.3809     152.6428
     886     -49.9277     -67.8353     160.2614
     887     -57.9945     -49.6707     148.7992
     888     -88.5333     -64.7693      -7.7146
     889     175.3076      70.7561    -113.7651
     890    -160.0159      34.9425     -87.9761
     891    -164.5255      55.5097    -104.1500
     892    -166.3635      45.6975     -97.6095
     893    -164.8899      45.9765     -83.1967
     894    -168.9668      50.9854     -87.4610
     895    -170.2809      45.9540     -99.4202
     896    -173.0941      57.5753    -110.9703
     897    -177.0988      61.3818    -103.3674
     898    -166.5618      42.8098    -106.8871
     899    -177.6282      47.6082    -103.2820
     900    -179.4089      48.2878     -97.2073
     901    -179.9978      40.6399    -114.6254
     902    -167.8941      48.1637     -90.3384
     903    -175.5139      59.6117    -110.4126
     904    -174.7511      55.3523     -95.8815
     905     177.2111      58.8506     -92.7326
     906    -171.2832      42.6032    -100.3182
     907     -88.4976     -57.2878     -29.0204
     908    -172.9054      50.7136     -86.6669
     909     178.9649      57.3543     -97.6403
     910    -164.2015      49.5286     -95.8876
     911     176.4633      68.5671     -89.1218
     912    -170.3562      73.0464    -125.1821
     913     178.7598      56.3327     -96.5864
     914    -172.2799      61.2270    -112.0769
     915    -175.7083      51.0900     -95.5297
     916    -169.9706      45.7404    -101.1966
     917    -159.9717      38.3570     -74.2194
     918    -168.7155      56.7651    -115.2856
     919     -53.9665     -59.7867     -25.7163
     920     -69.6409     -47.5736     -23.6575
     921     -55.8719     -66.1279       7.9267
     922     -76.5977     -61.8882     -30.2292
     923     -61.1726     -57.3184     -25.0739
     924     -76.0838     -52.1067     -25.7114
     925     -76.4194     -39.8223     -37.1494
     926    -171.8175      53.8573     -84.6067
     927    -171.0797      52.2253     -79.1244
     928    -163.8500      46.4105     -99.7280
     929    -171.2019      54.6262     -99.0584
     930    -164.2486      42.2706     -78.4219
     931    -176.6869      63.6680     -75.5303
     932     175.7833      59.9435     -80.4927
     933    -163.0624      40.7096    -105.1673
     934     -95.4177     -66.5710     -17.0284
     935    -174.8881      56.2104    -106.3145
     936    -174.3778      40.9911    -115.6075
     937    -169.1878      54.3480    -132.5654
     938    -164.6946      36.5034    -110.2530
     939    -178.6784      54.9886     -77.7487
     940    -155.7435      48.7246     -94.9703
     941    -170.9048      60.0416     -99.0662
     942    -163.9540      75.1310    -108.3888
     943    -167.4032      61.6237    -123.5076
     944    -166.1789      54.7195    -104.1171
     945    -175.8111      72.6190    -103.5301
     946    -165.6586      58.8612    -105.1931
     947    -171.0372      45.9182     -90.0646
     948    -175.6189      64.2820    -109.6871
     949    -172.8553      48.2332     -96.5388
     950     -83.5401     -67.4479     -14.3567
     951    -174.3282      45.1832    -113.3300
     952    -178.7782      54.6748     -94.2948
     953    -173.8766      42.8632    -102.4073
     954    -163.5041      50.8181     -88.7710
     955     178.2833      48.5067     -94.8917
     956     177.8876      66.3273    -100.2561
     957    -165.5235      55.8036     -79.9393
     958    -160.6101      37.6426    -109.1759
     959    -150.0260      31.9207    -101.6658
     960    -166.9329      60.9797     -89.2533
     961    -179.0918      48.6540     -87.6173
     962    -167.4042      47.3129    -110.7785
     963    -172.4598      47.8007     -80.2385
     964    -167.2730      47.5916     -75.0961
     965    -171.8688      58.1188     -88.8408
     966    -173.2608      46.9078     -89.3294
     967    -178.7585      55.1646    -113.1122
     968    -175.3234      67.1818    -124.5254
     969    -170.6133      59.0106    -105.5669
     970    -178.1474      57.1863     -87.0920
     971    -152.1929      26.3231     -53.4388
     972    -168.2701      36.9321     -90.4221
     973    -177.4851      59.4852     -96.7585
     974    -170.0073      43.7848     -95.6565
     975    -178.0429      55.5381     -96.7585
     976    -173.2215      60.3975    -116.1064
     977    -168.8734      58.2949    -103.2743
     978    -171.1980      49.7025     -89.1070
     979    -172.0313      48.9010     -86.6677
     980    -168.5384      53.4557      88.1894
     981    -173.1463      36.7109      62.5982
     982    -161.4187      31.7954     125.2870
     983    -159.2483      40.8820      80.3182
     984    -159.8338      38.9937      96.3779
     985    -167.2883      60.0276      60.9078
     986    -176.7750      60.2946      66.2364
     987    -163.0513      43.5301      79.2964
     988     -91.4059     -55.7659     153.9124
     989     -65.8316     -87.7206    -176.4435
     990     169.4917      51.5910      62.7647
     991    -169.7385      74.2780      76.6777
     992    -172.0014      59.3767      82.7867
     993     -59.9603     -46.0953     165.3734
     994     -69.6581     -44.1963     124.9380
     995    -172.9426      45.5760      68.4077
     996     -66.3301     -54.8552     163.2997
     997     -73.2817     -71.0962     167.5551
     998     -83.7361     -65.6851     159.6110
     999     175.6322      68.3970      62.1046
    1000    -159.1947      36.9011     111.3833
