#Frame         psi:32
       1     137.9927
       2     143.3100
       3     117.7697
       4     143.9227
       5     155.5096
       6     153.5475
       7     148.1445
       8     144.4067
       9     122.1697
      10     159.7427
      11     117.8568
      12     134.7495
      13     156.6147
      14     127.3982
      15     131.9244
      16     147.1209
      17     154.8160
      18     133.4577
      19     138.5698
      20     151.4731
      21     121.5398
      22     158.2236
      23     129.4115
      24     158.6884
      25     153.7335
      26     135.4733
      27     135.0112
      28     165.3231
      29     116.4545
      30     139.8432
      31     111.9990
      32     153.1197
      33     135.6861
      34     125.3010
      35     137.1588
      36     130.9219
      37     131.8988
      38     143.2042
      39     157.1894
      40     133.6115
      41     122.7589
      42     155.0958
      43     146.7989
      44     153.1739
      45     138.1036
      46     154.1633
      47     143.1225
      48     142.2280
      49     158.6350
      50     133.0829
      51     130.9027
      52     122.2867
      53     113.8430
      54     151.9090
      55     138.9226
      56     140.3484
      57     164.5591
      58     122.4510
      59     115.9598
      60     127.8835
      61     153.7207
      62     128.2550
      63     132.3055
      64     158.8687
      65     149.8901
      66     153.2444
      67     154.9639
      68     151.4862
      69     123.2858
      70     135.5786
      71     124.0843
      72     133.7891
      73     125.3215
      74     116.9263
      75     141.1200
      76     137.1860
      77     166.1316
      78     155.1678
      79     157.0095
      80     135.0458
      81     145.9411
      82     164.3191
      83     120.4839
      84     137.9768
      85     133.1412
      86     127.0750
      87     135.5954
      88     144.7108
      89     158.8669
      90     149.3635
      91     150.6268
      92     111.2776
      93     132.3021
      94     165.7225
      95     121.6685
      96     122.0666
      97     120.2264
      98     151.1955
      99     146.6576
     100     140.2622
     101     134.8752
     102     146.7489
     103     147.6999
     104     126.9014
     105     136.4360
     106     129.6244
     107     120.8318
     108     141.6181
     109     154.8788
     110     154.1928
     111     141.6361
     112     158.3374
     113     165.2688
     114     159.9778
     115     138.8545
     116     136.7412
     117     138.1204
     118     137.9272
     119     143.8308
     120     136.8870
     121     133.5106
     122     139.8073
     123     129.0054
     124     138.8371
     125     148.9220
     126     126.1313
     127     149.5352
     128     123.4972
     129     137.3419
     130     152.9445
     131     168.5340
     132     165.9499
     133     132.5192
     134     155.9196
     135     149.8495
     136     156.2132
     137     144.1546
     138     138.8223
     139     115.1409
     140     148.2005
     141     123.5819
     142     149.2248
     143     144.8283
     144     151.5142
     145     113.3315
     146     150.2536
     147     138.7453
     148     115.0644
     149     134.0690
     150     122.7861
     151     148.5566
     152     126.2796
     153     142.0476
     154     142.7981
     155     132.9544
     156     157.4305
     157     110.6052
     158     135.8327
     159     133.1267
     160     129.3891
     161     122.4710
     162     127.8604
     163     166.3567
     164     137.8433
     165     131.9502
     166     112.8826
     167     141.3265
     168     147.3800
     169     137.0296
     170     158.9232
     171     142.7509
     172     148.2191
     173     129.3567
     174     141.7272
     175     157.8429
     176     140.6399
     177     162.1866
     178     160.3101
     179     145.0600
     180     130.1188
     181     115.8683
     182     171.3415
     183     135.0853
     184     122.2797
     185     131.1748
     186     128.4774
     187     140.9476
     188     130.6938
     189     138.6715
     190     133.8945
     191     140.3700
     192     135.6929
     193     131.6628
     194     138.6858
     195     121.7388
     196     152.4455
     197     156.6814
     198     142.5107
     199     134.9050
     200     156.1488
     201     140.2899
     202     137.5342
     203     143.8566
     204     157.6872
     205     137.7818
     206     141.6669
     207     137.2911
     208     160.3027
     209     147.7832
     210     118.6088
     211     140.7262
     212     130.1067
     213     156.0968
     214     148.9115
     215     139.1057
     216     138.8295
     217     146.2236
     218     122.4135
     219     132.7205
     220     135.2237
     221     153.1893
     222     132.7370
     223     145.9855
     224     145.6788
     225     126.1264
     226     148.6781
     227     119.1518
     228     119.9635
     229     151.3559
     230     134.0737
     231     128.4107
     232     155.9686
     233     163.0819
     234     131.6984
     235     136.3353
     236     158.6594
     237     142.1548
     238     142.9511
     239     135.8832
     240     146.1427
     241     153.5320
     242     145.1513
     243     157.2010
     244     132.4337
     245     128.4838
     246     130.0400
     247     140.9700
     248     144.3062
     249     163.0156
     250     136.8615
     251     136.2383
     252     118.4047
     253     146.8465
     254     118.9016
     255     161.0357
     256     134.2192
     257     146.4082
     258     111.2545
     259     142.7322
     260     127.0834
     261     126.3548
     262     155.6955
     263     146.2817
     264     147.8320
     265     135.9096
     266     130.2198
     267     112.9192
     268     147.9372
     269     149.6163
     270     118.3012
     271     112.5263
     272     103.9171
     273     113.3386
     274     141.6010
     275     148.2271
     276     138.2315
     277     147.3567
     278     106.5822
     279     144.8379
     280     145.7510
     281     115.4478
     282     164.1329
     283     119.8955
     284     142.9182
     285     144.7492
     286     123.8677
     287     134.1706
     288     144.4299
     289     127.2953
     290     145.4881
     291     149.0895
     292     161.4952
     293     131.4033
     294     147.6929
     295     149.1642
     296     155.4772
     297     154.2485
     298     132.0004
     299     154.6975
     300     135.5362
     301     127.1930
     302     152.1010
     303     154.0964
     304     118.8673
     305     126.8040
     306     155.5954
     307     130.4665
     308     143.7297
     309     133.5967
     310     147.0304
     311     133.1969
     312     109.7456
     313     139.3495
     314     124.4689
     315     141.9874
     316     124.1711
     317     124.6003
     318     108.3486
     319     131.7836
     320     130.4206
     321     148.2024
     322     141.1203
     323     139.5203
     324     142.5967
     325     123.1715
     326     112.8682
     327     142.3112
     328     150.1222
     329     118.2655
     330     146.6296
     331     153.1553
     332     154.0317
     333     128.4659
     334     158.4538
     335     149.4591
     336     128.7062
     337     121.2059
     338     134.9159
     339     136.5445
     340     143.9843
     341     161.1292
     342     142.3531
     343     133.1829
     344     150.5818
     345     125.0989
     346     106.9439
     347     150.9777
     348     149.5426
     349     146.1736
     350     145.9498
     351     143.7652
     352     154.7510
     353     146.1171
     354     162.4090
     355     129.3713
     356     134.8203
     357     131.5807
     358     139.6763
     359     146.4258
     360     107.2469
     361     135.5315
     362     128.3908
     363     132.9001
     364     138.0497
     365     103.6255
     366     123.6234
     367     134.3699
     368     107.5254
     369     111.8149
     370     141.7868
     371     151.1769
     372     149.3040
     373     148.1461
     374     144.8148
     375     140.2526
     376     142.2414
     377     148.3310
     378     160.2263
     379     138.1871
     380     138.3867
     381     156.0689
     382     143.0085
     383     156.0680
     384     146.4887
     385     166.7252
     386     132.7154
     387     127.5440
     388     143.9970
     389     102.0112
     390     158.0808
     391     111.2616
     392     121.0511
     393     144.8244
     394     139.5433
     395     147.2272
     396     149.9254
     397     156.1314
     398     136.2624
     399     127.4609
     400     127.3434
     401     130.5027
     402     155.9904
     403     148.4661
     404     147.9501
     405     134.6597
     406     114.4809
     407     131.9701
     408     139.6672
     409     153.6787
     410     116.7578
     411     139.8043
     412     119.1080
     413     138.5093
     414     133.0546
     415     134.1565
     416     148.6763
     417     163.1135
     418     137.5978
     419     148.2832
     420     135.8199
     421     146.6302
     422     137.9133
     423     159.0953
     424     129.7129
     425     134.2520
     426     144.0894
     427     150.3049
     428     161.9206
     429     155.0311
     430     132.0572
     431     155.5970
     432     134.7214
     433     128.1574
     434     152.9048
     435     126.7025
     436     133.3578
     437     150.8653
     438     107.8323
     439     162.9079
     440     157.0430
     441     159.0694
     442     125.2618
     443     126.9432
     444     135.0135
     445     122.8570
     446     131.1453
     447     143.4710
     448     132.5825
     449     126.0363
     450     122.5317
     451     143.7151
     452     140.0929
     453     136.0271
     454     118.3786
     455     155.7140
     456     144.2652
     457     123.6035
     458     116.0284
     459     141.7573
     460     112.4492
     461     124.5398
     462     133.7619
     463     151.4594
     464     153.6963
     465     143.2878
     466     147.5264
     467     139.3718
     468     117.6878
     469     150.7568
     470     152.4273
     471     145.4150
     472     146.8300
     473     160.2282
     474     137.4641
     475     133.0603
     476     131.9036
     477     100.1409
     478     127.9506
     479     127.9909
     480     133.2197
     481     137.8515
     482     130.4277
     483     100.9888
     484     136.0158
     485     120.1758
     486     128.5978
     487     131.9356
     488     157.7725
     489     118.8777
     490     125.5508
     491     127.7632
     492     142.2283
     493     147.0309
     494     131.2095
     495     149.6667
     496     142.0845
     497     168.7884
     498     145.5897
     499     130.1251
     500     138.3740
     501     128.3272
     502     138.6036
     503     159.4724
     504     142.2451
     505     160.6107
     506     151.9056
     507     150.8257
     508     170.1152
     509     172.4629
     510     156.2626
     511     169.1299
     512     145.4101
     513     147.9218
     514     143.3240
     515     157.1545
     516     151.4638
     517     144.1004
     518     132.7236
     519     159.9404
     520     152.3977
     521     147.5829
     522     150.5956
     523     120.4626
     524     157.4011
     525     155.6143
     526     121.3201
     527     130.8848
     528     131.9327
     529     126.5682
     530     136.3251
     531     119.9858
     532     139.7240
     533     140.0008
     534     149.2161
     535     128.8270
     536     159.8032
     537     133.1728
     538     148.8200
     539     150.1687
     540     140.7932
     541     120.0587
     542     139.0109
     543     126.6256
     544     132.0253
     545     141.0340
     546     148.1615
     547     176.6775
     548     153.2256
     549     146.5295
     550     150.5499
     551     135.2377
     552     152.6702
     553     149.5705
     554     128.5511
     555     121.4713
     556     152.0345
     557     153.4838
     558     121.3636
     559     144.3073
     560     139.6435
     561     161.3499
     562     142.1151
     563     121.9448
     564     137.6626
     565     148.6491
     566     126.6058
     567     139.1502
     568     135.2457
     569     146.9009
     570     141.7001
     571     145.5320
     572     128.6359
     573     141.6107
     574     145.1004
     575     117.7963
     576     150.9775
     577     142.4009
     578     144.3147
     579     142.0000
     580     151.0738
     581     155.4428
     582     114.4722
     583     125.6211
     584     142.9761
     585     149.2096
     586     139.2157
     587     150.6247
     588     149.9344
     589     126.6528
     590     117.8125
     591     117.7406
     592     129.6900
     593     149.9937
     594     119.4574
     595     143.9053
     596     162.6571
     597     137.4914
     598     152.5044
     599     140.0018
     600     153.4204
     601     119.7180
     602     135.7012
     603     126.0812
     604     139.2114
     605     120.9479
     606     124.0719
     607     149.5448
     608     137.0593
     609     145.8763
     610     146.7588
     611     124.0565
     612     134.7259
     613     149.4600
     614     141.2907
     615     164.2707
     616     143.8721
     617     116.4310
     618     141.5443
     619     127.6900
     620     126.8864
     621     145.4000
     622     107.5055
     623     143.5703
     624     162.4408
     625     161.9520
     626     140.8898
     627     121.2980
     628     110.0655
     629     138.0754
     630     149.7888
     631     144.5615
     632     167.7660
     633     168.2677
     634     144.2930
     635     136.4497
     636     130.1008
     637     157.0366
     638     150.8721
     639     155.5863
     640     122.9236
     641     106.4832
     642     130.1944
     643     131.6610
     644     144.4999
     645     142.7129
     646     154.9892
     647     151.4460
     648     114.3491
     649     121.6763
     650     112.2089
     651     132.7134
     652     129.0482
     653     124.5871
     654     153.5034
     655     136.1240
     656     140.9636
     657     114.6732
     658     134.4040
     659     140.4812
     660     138.3424
     661     150.4251
     662     147.4952
     663     123.3216
     664     135.3151
     665     146.7066
     666     148.6931
     667     131.0501
     668     144.8753
     669     127.4035
     670     129.4992
     671     155.4793
     672     144.3250
     673     162.8296
     674     159.8512
     675     137.0360
     676     149.3389
     677     123.7252
     678     126.9744
     679     139.9356
     680     144.9837
     681     162.1857
     682     151.6701
     683     137.3287
     684     137.6100
     685     143.3547
     686     127.1928
     687     122.4046
     688     106.8678
     689     129.5626
     690     127.9211
     691     140.6001
     692     127.8454
     693     152.9223
     694     126.7750
     695     141.4783
     696     108.4177
     697     142.7860
     698     143.2547
     699     129.7386
     700     158.0021
     701     145.6989
     702     141.5493
     703     142.4167
     704     136.2475
     705     151.4690
     706     135.9342
     707     128.5479
     708     106.7258
     709     142.6739
     710     149.7086
     711     146.6641
     712     145.2016
     713     148.2104
     714     138.7123
     715     108.0213
     716     128.3436
     717     129.3915
     718     130.8505
     719     115.6466
     720     140.5807
     721     130.9471
     722     146.6104
     723     131.8614
     724     135.1693
     725     131.4363
     726     125.4588
     727     118.1304
     728     114.2564
     729     132.5343
     730     125.7388
     731     133.1403
     732     159.9773
     733     155.4490
     734     138.0758
     735     136.0033
     736     108.5162
     737     126.6158
     738     120.6487
     739     138.8587
     740     138.3898
     741     122.5215
     742     139.5652
     743     158.6857
     744     157.2768
     745     148.9794
     746     134.0063
     747     148.1469
     748     155.6109
     749     150.2876
     750     138.1173
     751     138.5970
     752     151.0134
     753     139.0436
     754     138.2405
     755     154.6347
     756     137.7784
     757     147.0716
     758     140.3169
     759     138.7592
     760     142.2570
     761     146.0181
     762     142.8936
     763     130.1292
     764     131.7064
     765     151.6498
     766     148.7436
     767     156.2937
     768     113.0327
     769     127.9917
     770     151.5420
     771     172.6031
     772     139.6396
     773     151.0130
     774     151.0203
     775     119.8383
     776     137.4100
     777     115.9375
     778     121.6524
     779     120.0168
     780     144.0286
     781     140.3249
     782     142.5908
     783     125.4189
     784     119.5467
     785     137.1274
     786     156.2575
     787     155.7014
     788     142.1433
     789     147.0476
     790     144.0258
     791     135.2596
     792     141.9804
     793     113.5783
     794     142.6974
     795     163.7822
     796     141.2455
     797     156.0345
     798     116.1273
     799     147.8967
     800     158.1130
     801     133.0676
     802     116.6389
     803     137.5206
     804     127.4450
     805     118.3186
     806     121.8747
     807     140.9797
     808     121.8202
     809     148.0847
     810     145.8605
     811     129.8488
     812     127.6678
     813     150.6211
     814     144.7581
     815     137.3317
     816     144.9914
     817     137.6252
     818     145.5602
     819     142.6043
     820     134.7201
     821     158.3960
     822     151.9515
     823     139.1782
     824     146.1759
     825     130.6533
     826     153.6733
     827     134.4775
     828     133.6228
     829     136.3033
     830     151.9385
     831     136.6869
     832     141.6152
     833     133.5606
     834     123.4709
     835     136.7462
     836     131.0114
     837     142.7778
     838     143.7932
     839     128.0118
     840     163.1891
     841     156.4964
     842     122.2963
     843     129.0081
     844     121.0785
     845     129.9226
     846     140.2363
     847     151.2817
     848     141.5746
     849     106.1223
     850     137.2149
     851     115.1048
     852     146.8130
     853     151.6055
     854     144.2414
     855     127.8889
     856     144.5434
     857     150.3021
     858     158.5509
     859     130.7651
     860     169.2587
     861     139.1284
     862     153.6976
     863     131.1797
     864     134.7940
     865     144.1235
     866     146.6721
     867     126.3184
     868     160.4417
     869     115.4090
     870     132.5580
     871     153.6509
     872     148.1562
     873     147.5029
     874     142.8262
     875     146.6053
     876     138.9401
     877     136.6488
     878     169.1880
     879     146.2964
     880     137.8461
     881     168.7240
     882     159.8073
     883     128.2226
     884     157.8840
     885     146.0421
     886     160.8056
     887     171.8489
     888     160.5021
     889     138.9306
     890     156.3032
     891     152.0147
     892     151.1722
     893     145.9871
     894     150.2293
     895     165.4297
     896     145.9107
     897     135.5830
     898     173.9393
     899     153.2306
     900     134.3560
     901     143.4193
     902     152.4636
     903     144.5296
     904     127.9132
     905     146.2018
     906     157.1600
     907     152.9838
     908     140.1890
     909     157.7087
     910     166.0943
     911     137.5891
     912     123.2598
     913     146.5095
     914     142.3621
     915     160.4915
     916     132.5180
     917     148.1918
     918     146.9147
     919     131.8969
     920     154.0208
     921     154.3158
     922     149.8827
     923     142.1440
     924     164.5175
     925     145.3900
     926     157.4747
     927     139.5786
     928     157.8216
     929     141.4301
     930     137.2842
     931     155.6594
     932     131.8665
     933     161.4738
     934     129.2389
     935     132.0608
     936     143.2250
     937     139.8148
     938     138.6077
     939     119.7849
     940     131.4099
     941     149.5881
     942     128.3838
     943     141.4949
     944     137.5595
     945     138.2167
     946     130.4438
     947     147.5876
     948     120.7447
     949     131.5918
     950     150.6681
     951     147.5206
     952     117.8652
     953     140.2687
     954     151.8357
     955     156.3147
     956     122.6769
     957     138.1156
     958     154.1775
     959     139.8188
     960     125.5999
     961     133.9455
     962     139.8599
     963     134.3014
     964     150.4662
     965     149.8711
     966     158.9344
     967     145.3227
     968     126.6359
     969     148.3165
     970     127.8502
     971     166.2465
     972     150.8083
     973     165.0657
     974     177.2076
     975     146.7911
     976     125.8777
     977     142.1029
     978     141.7315
     979     130.6720
     980     136.2855
     981     122.8570
     982     160.9395
     983     143.8814
     984     139.1350
     985     114.8422
     986     133.1009
     987     141.3153
     988     143.7053
     989     109.8563
     990     166.8032
     991     145.2660
     992     136.4540
     993     140.4032
     994     154.2733
     995     149.7692
     996     139.7599
     997     149.8586
     998     146.7547
     999     119.6867
    1000     141.0831
