#Frame        psi:120
       1     144.3537
       2     141.5509
       3     130.3353
       4     133.1364
       5     163.9203
       6     134.2391
       7     134.9982
       8     159.5355
       9     146.3531
      10     155.2264
      11     113.5209
      12     142.8057
      13     137.7793
      14     152.8509
      15     116.6936
      16     154.2037
      17     134.1061
      18     139.1508
      19     133.2035
      20     138.6365
      21     140.2371
      22     116.8571
      23     133.8528
      24     157.0868
      25     134.8475
      26     120.0809
      27     149.8591
      28     134.4389
      29     133.7412
      30     145.8176
      31     142.1652
      32     140.3788
      33     146.1853
      34     143.9741
      35     135.1376
      36     110.9782
      37     129.9624
      38     118.4322
      39     132.3257
      40     134.7189
      41     157.4383
      42     127.3407
      43     140.3639
      44     149.2690
      45     166.7428
      46     158.4701
      47     153.3253
      48     150.6272
      49     142.9650
      50     154.3983
      51     153.0566
      52     128.1376
      53     133.7652
      54     138.9036
      55     103.6571
      56     147.4825
      57     146.8138
      58     160.6440
      59     149.0980
      60     123.7424
      61     143.9717
      62     121.3504
      63     159.4836
      64     129.4295
      65     158.6925
      66     168.7698
      67     146.1993
      68     135.4884
      69     139.3075
      70     141.1062
      71     132.1514
      72     139.0575
      73     129.8555
      74     148.2958
      75     146.4480
      76     132.0626
      77     119.3365
      78     120.4851
      79     160.1437
      80     130.3166
      81     110.8222
      82     143.7573
      83     151.5965
      84     155.5953
      85     143.7929
      86     146.8330
      87     139.3810
      88     145.0558
      89     140.0357
      90     146.7311
      91     108.8038
      92     130.3243
      93     142.6969
      94     126.0896
      95     137.7878
      96     132.4412
      97     147.1480
      98     121.9020
      99     122.5872
     100     145.4266
     101     150.5259
     102     153.1238
     103     133.8788
     104     116.4160
     105     130.2068
     106     146.4470
     107     129.1643
     108     143.5342
     109     133.1487
     110     131.2886
     111     146.9045
     112     150.9187
     113     145.2073
     114     158.7934
     115     121.9466
     116     125.5057
     117     129.4272
     118      94.3440
     119     135.8850
     120     122.3123
     121     146.5295
     122     130.5255
     123     146.0979
     124     126.1455
     125     139.2412
     126     156.6531
     127     143.8288
     128     130.7468
     129     103.3146
     130     153.6178
     131     154.2252
     132     154.6072
     133     143.0084
     134     124.4549
     135     143.0874
     136     117.4153
     137     128.6064
     138     150.5352
     139     138.3941
     140     142.8539
     141     108.3857
     142     136.9100
     143     144.3260
     144     134.6702
     145     117.0181
     146     139.1312
     147     151.6726
     148     107.1543
     149     132.0311
     150     144.4577
     151     149.2749
     152     131.6880
     153     131.9935
     154     133.2348
     155     139.6440
     156     121.9226
     157     126.2684
     158     123.0847
     159     109.5601
     160     127.4796
     161     119.6633
     162     147.0558
     163     117.7438
     164     120.0500
     165     128.0055
     166     137.5596
     167     135.5672
     168     122.5222
     169     142.5523
     170     147.4225
     171     124.9140
     172     129.0883
     173     156.9765
     174     111.8896
     175     128.6745
     176     149.2556
     177     128.2649
     178     147.9928
     179     149.1897
     180     151.1778
     181     140.1512
     182     145.2342
     183     138.6923
     184     114.0314
     185     116.2367
     186     145.1096
     187     126.6114
     188     135.8217
     189     153.8129
     190     126.8659
     191     165.1738
     192     146.5964
     193     127.4891
     194     148.8549
     195     161.0364
     196     123.4154
     197     134.4761
     198     132.6000
     199     141.4135
     200     152.4274
     201     148.3833
     202     140.4801
     203     174.8606
     204     137.3080
     205     151.1872
     206     148.9464
     207     156.6413
     208     141.2597
     209     146.9402
     210     148.8947
     211     132.8431
     212     133.6703
     213     145.6451
     214     156.2292
     215     125.0499
     216     154.1759
     217     138.4787
     218     147.3899
     219     139.9124
     220     133.8536
     221     134.3054
     222     139.0362
     223     139.7043
     224     119.7274
     225     144.6140
     226     124.6700
     227     136.5213
     228     146.8578
     229     140.6157
     230     144.4592
     231     148.1436
     232     159.8936
     233     154.7737
     234     133.5489
     235     128.2787
     236     146.2962
     237     124.6275
     238     146.4574
     239     145.8060
     240     153.4224
     241     146.9559
     242     166.5422
     243     133.1332
     244     117.7601
     245     124.6838
     246     119.0969
     247     154.7767
     248     132.6637
     249     163.4287
     250     151.0625
     251     155.5984
     252     146.9961
     253     150.1785
     254     162.8248
     255     150.2319
     256     140.7930
     257     139.9429
     258     148.5909
     259     136.8318
     260     137.8814
     261     135.9458
     262     131.6348
     263     148.2706
     264     147.2635
     265     133.7115
     266     110.6606
     267     137.6016
     268     119.4299
     269     155.7539
     270     130.5335
     271     151.9618
     272     155.4285
     273     135.6389
     274     156.4071
     275     164.2406
     276     137.9710
     277     151.1367
     278     129.0696
     279     140.1717
     280     145.9214
     281     132.6334
     282     120.9753
     283     127.8105
     284     122.8975
     285     128.4901
     286     133.5586
     287     134.3229
     288     149.7072
     289     130.5863
     290     116.0909
     291     141.2004
     292     113.6707
     293     143.0420
     294     150.1402
     295     138.2079
     296     146.9210
     297     105.3197
     298     162.2622
     299     147.4816
     300     143.3440
     301     150.4574
     302     153.9106
     303     138.2304
     304     127.4292
     305     163.0585
     306     133.7336
     307     132.2264
     308     131.5320
     309     139.0796
     310     155.4010
     311     159.8762
     312     143.1012
     313     153.0356
     314     160.8572
     315     154.0943
     316     146.9837
     317     157.7353
     318     145.7970
     319     132.7001
     320     142.7131
     321     154.0137
     322     127.8071
     323     140.3241
     324     123.1559
     325     149.1076
     326     143.8331
     327     167.5549
     328     162.9750
     329     150.1286
     330      97.0873
     331     150.0359
     332     138.0382
     333     159.2708
     334     162.5825
     335     157.7661
     336     119.3635
     337     139.5198
     338     152.7432
     339     142.0898
     340     150.0182
     341     156.5970
     342     151.6065
     343     158.5752
     344     152.2245
     345     145.5579
     346     166.0519
     347     132.2674
     348     146.7781
     349     154.7722
     350     144.1339
     351     137.3639
     352     159.6889
     353     155.0136
     354     154.2359
     355     149.8743
     356     145.7300
     357     159.1398
     358     147.2372
     359     163.9791
     360     155.6281
     361     152.9729
     362     143.2887
     363     161.5694
     364     156.7540
     365     150.8118
     366     143.2524
     367     166.6484
     368     141.6237
     369     134.6849
     370     150.4123
     371     111.0792
     372     127.7534
     373     155.7678
     374     154.9142
     375     145.3793
     376     128.2152
     377     144.0288
     378     152.6209
     379     137.8555
     380     129.0690
     381     127.9942
     382     124.7236
     383     151.9173
     384     121.8979
     385     150.9968
     386     167.3184
     387     159.2229
     388     148.7998
     389     154.4750
     390     134.7718
     391     149.9732
     392     142.4013
     393     152.5552
     394     117.9798
     395     139.0970
     396     142.0631
     397     139.1728
     398     142.0745
     399     136.0072
     400     142.2689
     401     156.1373
     402     113.7082
     403     143.1339
     404     142.3163
     405     125.2939
     406     113.4601
     407     147.9534
     408     146.5596
     409     150.1198
     410     154.5972
     411     128.9029
     412     146.4220
     413     132.8762
     414     149.1287
     415     150.3766
     416     144.3862
     417     133.9979
     418     130.1121
     419     147.5492
     420     144.4545
     421     153.2075
     422     147.6970
     423     148.5290
     424     149.4065
     425     155.1061
     426     160.5140
     427     141.1389
     428     148.2915
     429     168.7856
     430     150.5462
     431     152.9149
     432     150.6531
     433     133.7316
     434     155.3017
     435     138.7343
     436     140.4431
     437     137.3262
     438     133.5102
     439     127.3567
     440     128.8172
     441     159.7770
     442     142.0831
     443     156.2880
     444     148.7798
     445     159.5535
     446     149.0856
     447     143.5817
     448     145.4160
     449     140.7461
     450     130.2217
     451     155.5854
     452     164.7646
     453     138.4078
     454     149.5551
     455     148.3659
     456     114.8511
     457     147.9796
     458     134.7815
     459     153.2956
     460     145.2525
     461     151.3399
     462     155.8960
     463     145.3090
     464     146.0935
     465     148.3567
     466     151.9670
     467     146.8180
     468     144.3210
     469     152.4893
     470     159.3456
     471     165.2586
     472     138.4092
     473     144.9796
     474     149.6696
     475     146.7884
     476     129.1336
     477     115.1772
     478     133.9898
     479     130.9135
     480     151.9596
     481     125.7465
     482     117.8789
     483     140.4313
     484     136.9847
     485     156.2653
     486     142.5563
     487     124.3700
     488     145.3782
     489     156.3927
     490     113.9502
     491     152.1029
     492     140.6354
     493     145.6303
     494     146.3024
     495     125.9236
     496     127.7583
     497     137.7542
     498     131.4573
     499     145.3799
     500     134.3724
     501     141.3316
     502     145.5791
     503     124.3664
     504     135.5902
     505     154.5367
     506     138.4799
     507     127.8589
     508     159.4713
     509     136.1777
     510     120.8667
     511     150.1975
     512     163.4834
     513     156.4762
     514     167.4541
     515     148.4234
     516     150.5963
     517     152.7196
     518     159.8865
     519     158.1382
     520    -171.2288
     521     141.8294
     522     142.1258
     523     159.0507
     524     133.8193
     525     117.1022
     526     140.8691
     527     148.7760
     528     133.2663
     529     132.4064
     530     144.2197
     531     128.1990
     532     131.1042
     533     111.4999
     534     159.0007
     535     147.2766
     536     151.4212
     537     141.8016
     538     170.6143
     539     122.4190
     540     122.5077
     541     117.4897
     542     142.7893
     543     112.3080
     544     136.4351
     545     138.7103
     546     123.7735
     547     147.0741
     548     150.2809
     549     157.9070
     550     159.7651
     551     144.3624
     552     129.1514
     553     130.9881
     554     125.4285
     555     130.7906
     556     118.2871
     557     125.1273
     558     129.2326
     559     146.7435
     560     153.4197
     561     130.4240
     562     153.0467
     563     157.5265
     564     137.1799
     565     157.3999
     566     141.2036
     567     133.1838
     568     159.3852
     569     156.8724
     570    -178.9685
     571     154.5381
     572     144.4432
     573     152.8862
     574     132.5796
     575     132.6544
     576     116.6993
     577     153.7225
     578     161.4708
     579     159.0325
     580     148.7341
     581     138.8675
     582     110.9525
     583     136.8790
     584     139.4525
     585     157.4813
     586     145.2075
     587     137.6439
     588     150.6164
     589     145.8226
     590     138.5319
     591     128.2589
     592     150.1956
     593     152.2382
     594     127.3148
     595     150.4213
     596     107.0722
     597     155.3738
     598     165.1032
     599     131.4318
     600     120.7581
     601     140.5506
     602     157.9880
     603     163.7795
     604     139.2062
     605     137.0592
     606     148.6539
     607     160.9074
     608     156.6353
     609     113.7808
     610     165.7792
     611     166.1100
     612     152.8681
     613     150.7471
     614     144.3396
     615     142.7867
     616     154.8934
     617     156.4342
     618     162.5856
     619     172.3371
     620     162.7704
     621     149.8717
     622     140.4264
     623     146.4779
     624     144.3770
     625     152.3316
     626     153.9046
     627     158.8660
     628     150.9334
     629     167.5764
     630     151.7259
     631     145.5113
     632     161.9169
     633     168.6384
     634     141.5441
     635    -179.0510
     636     159.5351
     637     155.1381
     638     149.7879
     639     159.8648
     640     151.9339
     641     154.1969
     642     150.3702
     643     149.0413
     644     154.5842
     645     151.2055
     646     152.1587
     647     144.1205
     648     162.4455
     649     144.0070
     650     155.5238
     651     153.2925
     652     149.3191
     653     152.0722
     654     159.1809
     655     151.7854
     656     154.8246
     657     153.9004
     658     151.9644
     659     165.4086
     660      93.8913
     661     133.0101
     662     143.4158
     663     147.5013
     664     146.5940
     665     141.0549
     666     127.9120
     667     123.8821
     668     137.6470
     669     129.8661
     670     126.6319
     671     149.5616
     672     150.0016
     673     148.8191
     674     135.7774
     675     125.3671
     676     134.5040
     677     159.7259
     678     139.5302
     679     163.0904
     680     145.2479
     681     147.0406
     682     145.6805
     683     159.1726
     684     149.9083
     685     126.7019
     686     135.7392
     687     137.4542
     688     123.9238
     689     158.6160
     690     152.6378
     691     155.1456
     692     160.5321
     693     141.3194
     694     158.8956
     695     168.7372
     696     147.6060
     697     163.3873
     698     155.1954
     699     154.9375
     700     151.4949
     701     154.4869
     702     154.9942
     703     155.9742
     704     159.0368
     705     152.6458
     706     144.9550
     707     138.7259
     708     139.3275
     709     128.2635
     710     152.1076
     711     144.7813
     712     152.9011
     713     116.0695
     714     148.6625
     715     130.1594
     716     114.8609
     717     163.5426
     718     178.6281
     719     168.0780
     720     151.4528
     721     150.2388
     722     166.2785
     723     139.0950
     724     148.7282
     725     154.7884
     726     120.3354
     727     129.0150
     728     137.9891
     729     140.2374
     730     139.0896
     731     136.9651
     732      99.6880
     733     129.0709
     734     157.2718
     735     147.9943
     736     150.6363
     737     146.2932
     738     166.3390
     739     165.1592
     740     158.3694
     741     149.7464
     742     166.1371
     743     167.6307
     744     153.9569
     745     170.2191
     746    -169.7962
     747     150.8525
     748     169.2049
     749     157.0934
     750     157.3844
     751     153.8355
     752     139.6869
     753     146.6764
     754     151.7226
     755     158.9293
     756     109.9700
     757     125.9246
     758     138.8772
     759     139.0919
     760     150.9109
     761     132.8243
     762     160.5245
     763     119.1532
     764     153.8847
     765     139.9454
     766     144.0240
     767     140.0699
     768     120.1981
     769     129.7070
     770     160.2901
     771     104.5731
     772     140.0284
     773     135.3035
     774     134.9331
     775     128.6024
     776     150.0535
     777     129.7390
     778     121.0222
     779     119.4963
     780     143.7457
     781     157.2981
     782     121.7812
     783     126.5937
     784     121.3183
     785     121.4096
     786     156.6695
     787     177.8349
     788     143.8939
     789     177.4851
     790     169.7834
     791     167.4249
     792     150.3761
     793     152.8292
     794     163.5261
     795     155.4532
     796     158.2647
     797     150.6033
     798     141.1136
     799     167.6737
     800     160.1594
     801     171.0765
     802     170.4288
     803     164.9781
     804     161.1141
     805     164.1329
     806     152.4873
     807     128.1627
     808     154.9377
     809     151.1911
     810     158.0583
     811     130.5736
     812     158.0865
     813     142.8474
     814     142.8598
     815     162.7295
     816     147.9977
     817     163.1830
     818     162.4209
     819     131.6620
     820     133.6277
     821     146.9956
     822     155.7377
     823     148.8611
     824     171.1667
     825     159.6311
     826     138.3453
     827     156.0820
     828     135.9876
     829     142.4913
     830     167.5926
     831     148.3936
     832     149.7323
     833     149.4329
     834     158.5518
     835     125.9047
     836     117.3104
     837     128.7218
     838     133.4267
     839     124.0001
     840     150.0970
     841     145.9977
     842     136.5709
     843     162.2241
     844     116.8189
     845     161.9437
     846     144.0464
     847     124.3039
     848     104.6158
     849     150.3315
     850     143.9459
     851     142.0145
     852     126.8919
     853     142.7543
     854     112.8592
     855     154.9859
     856     152.4312
     857     147.6529
     858     142.1255
     859     154.6757
     860     161.7447
     861     137.1476
     862     137.9793
     863     130.5788
     864     143.8380
     865     154.3619
     866     147.5070
     867     146.1695
     868     141.4914
     869     121.5205
     870     119.9577
     871     145.7868
     872     155.9145
     873     151.4310
     874     172.3019
     875     109.8260
     876     148.4642
     877     160.2913
     878     168.6769
     879     157.5675
     880     157.9282
     881     151.9569
     882     144.5949
     883     116.6018
     884     145.2719
     885     136.3890
     886     148.7843
     887     151.8586
     888     159.8354
     889     165.8858
     890     141.9386
     891     175.7910
     892     146.9330
     893     158.8841
     894     163.0869
     895     156.0088
     896     178.0690
     897     175.1565
     898     172.1689
     899     150.3501
     900     150.7808
     901     158.6726
     902     172.9684
     903     146.1420
     904     163.8438
     905     167.1904
     906     165.1117
     907     162.3539
     908     136.6843
     909     148.8507
     910     158.7453
     911     159.3885
     912     141.2634
     913     169.7657
     914     166.6356
     915     167.6246
     916     157.1584
     917     159.9544
     918     164.1268
     919     137.0640
     920     153.1109
     921     157.1815
     922     168.6363
     923     151.5072
     924     173.1664
     925     147.7960
     926     153.9832
     927     127.5313
     928     152.6135
     929     121.4856
     930     150.5485
     931     139.8317
     932     129.7087
     933     159.2568
     934     158.7043
     935    -173.4155
     936     154.2731
     937     179.4679
     938     150.9028
     939     137.8838
     940     160.9271
     941     160.0306
     942     160.3660
     943     161.9469
     944     165.1340
     945     157.9883
     946     153.4936
     947     155.8697
     948     156.6363
     949     173.3155
     950     165.7086
     951     159.3604
     952     172.0225
     953     162.1353
     954     160.6199
     955     171.8192
     956     165.3556
     957     152.2758
     958     154.8589
     959     161.0366
     960     133.4054
     961     159.4807
     962     161.5582
     963     163.7330
     964     146.2015
     965     161.3490
     966     159.9841
     967     163.1720
     968     167.1941
     969     162.6825
     970     149.4690
     971     168.0334
     972     151.2213
     973     160.7822
     974     149.2813
     975     165.2939
     976     154.2639
     977     155.6525
     978     160.3428
     979     163.3754
     980     156.6988
     981    -179.1138
     982     151.8769
     983     170.6668
     984     129.9160
     985     172.3958
     986     136.4475
     987     175.4902
     988     148.7265
     989     146.7873
     990     157.9953
     991     142.5435
     992     145.1131
     993     163.2124
     994     170.0687
     995     146.8193
     996     169.1735
     997     170.8063
     998     161.2967
     999     170.8106
    1000     161.5861
