#Frame        phi:120
       1     -62.9865
       2     -43.1812
       3     -64.3168
       4     -70.5994
       5     -68.4927
       6     -63.0750
       7     -64.2501
       8     -76.9638
       9     -42.6768
      10     -79.8297
      11     -71.3195
      12     -56.1410
      13     -73.6874
      14     -89.8839
      15     -55.4235
      16     -60.8632
      17     -65.4397
      18     -56.6339
      19     -62.0533
      20     -51.5395
      21     -74.4462
      22     -58.4120
      23     -63.5468
      24     -81.4260
      25     -80.9131
      26     -52.0365
      27     -63.6389
      28     -73.8964
      29     -77.3798
      30     -91.2244
      31     -65.8911
      32     -60.9049
      33     -57.1926
      34     -49.6259
      35     -77.2188
      36     -64.8009
      37     -63.9257
      38     -54.4258
      39     -56.4254
      40     -62.9363
      41     -76.6097
      42     -78.5974
      43     -50.2165
      44     -40.3293
      45     -91.5317
      46     -66.2774
      47     -85.7083
      48     -57.0989
      49     -74.8537
      50     -54.2494
      51     -67.5802
      52     -68.9737
      53     -59.5898
      54     -71.4770
      55     -74.0828
      56     -49.3897
      57     -75.9396
      58     -58.7750
      59     -62.7631
      60     -65.1421
      61     -57.9650
      62     -62.8710
      63     -71.8256
      64     -46.1559
      65     -70.8528
      66     -86.9734
      67     -78.6773
      68     -70.8948
      69     -58.4846
      70    -128.9551
      71     -60.0955
      72     -43.8894
      73     -72.7172
      74     -79.9113
      75     -74.9610
      76     -59.7800
      77     -54.3641
      78     -59.6198
      79     -68.8214
      80     -58.4357
      81     -86.1880
      82     -59.6242
      83     -66.3079
      84     -59.6000
      85     -63.1893
      86     -71.5813
      87     -66.6479
      88     -46.9433
      89     -76.5762
      90     -75.3785
      91     -68.5760
      92     -66.3385
      93     -89.5790
      94     -76.3055
      95     -77.3307
      96     -60.9981
      97     -68.0159
      98     -68.5897
      99     -81.8773
     100     -73.8999
     101     -83.8371
     102     -84.9067
     103     -78.1645
     104     -66.7090
     105     -75.2190
     106     -97.9805
     107     -69.0286
     108     -52.5500
     109     -65.5967
     110     -67.2277
     111     -70.5819
     112     -51.1432
     113     -73.3961
     114     -56.7392
     115     -75.1308
     116     -84.6520
     117     -76.7071
     118     -81.7961
     119     -63.4553
     120     -63.7249
     121     -57.1268
     122     -65.9740
     123     -55.9751
     124     -76.2610
     125     -52.3078
     126     -75.3615
     127     -55.9589
     128     -73.5646
     129     -77.0634
     130     -71.1942
     131     -63.5215
     132     -65.8324
     133     -73.9696
     134     -54.8122
     135     -69.8865
     136     -67.8235
     137     -88.9103
     138     -57.7139
     139     -76.5968
     140     -69.9842
     141     -77.9712
     142     -76.7527
     143     -85.4097
     144     -69.7670
     145     -79.5825
     146     -75.7487
     147     -54.4578
     148     -83.6630
     149     -90.5060
     150     -78.4088
     151     -88.7222
     152    -102.8928
     153     -66.2395
     154     -70.7682
     155     -44.2002
     156     -90.8967
     157     -63.6211
     158     -72.2375
     159     -82.5478
     160     -67.2386
     161     -79.4232
     162     -69.1229
     163     -70.2271
     164     -62.2459
     165     -64.4461
     166     -52.9880
     167     -73.7770
     168     -70.5669
     169     -65.5010
     170     -78.3754
     171     -65.9158
     172     -64.3870
     173     -64.7812
     174     -76.1709
     175     -78.3502
     176     -68.1354
     177     -60.9244
     178     -72.4312
     179     -66.1607
     180     -55.0200
     181     -67.6503
     182     -67.5216
     183     -58.2406
     184     -91.2997
     185     -60.0256
     186     -70.8169
     187     -64.1415
     188     -70.0905
     189     -82.8002
     190     -56.4516
     191     -81.1648
     192     -59.0965
     193     -91.4997
     194     -75.7408
     195     -69.0721
     196     -55.8647
     197     -71.8379
     198     -71.1298
     199     -53.5390
     200     -64.9758
     201     -73.2595
     202     -80.7374
     203     -67.3348
     204     -61.2059
     205     -68.3843
     206     -81.1720
     207     -68.1951
     208     -78.3184
     209     -70.7868
     210     -71.7436
     211     -74.4042
     212     -61.9532
     213     -70.8522
     214     -73.4953
     215     -49.7364
     216     -77.4404
     217     -75.1855
     218     -53.2005
     219     -75.9076
     220     -86.5867
     221     -63.4907
     222     -82.1894
     223     -66.2830
     224     -65.0965
     225     -59.3964
     226     -72.8358
     227     -70.1598
     228     -81.4492
     229     -96.1088
     230     -95.5397
     231     -51.4117
     232     -57.8120
     233     -76.1180
     234     -66.7133
     235     -70.9786
     236     -62.6350
     237     -65.1564
     238     -62.4935
     239     -70.6836
     240     -52.0453
     241     -75.2101
     242     -66.9640
     243     -75.1691
     244     -58.2431
     245     -61.1283
     246     -56.9772
     247     -62.4716
     248     -62.4865
     249    -108.9651
     250     -81.9589
     251     -73.8326
     252     -65.7307
     253     -64.3811
     254     -72.2489
     255     -60.6899
     256     -74.0239
     257     -66.0576
     258     -67.7487
     259     -54.3236
     260     -55.5293
     261    -103.1375
     262     -55.4317
     263     -62.5518
     264     -70.5626
     265     -76.1524
     266     -66.0579
     267     -63.2921
     268     -78.2524
     269     -62.0357
     270     -58.9104
     271     -66.8334
     272     -78.5160
     273     -53.7312
     274     -68.9590
     275     -74.3177
     276     -75.4229
     277     -92.0938
     278     -67.1014
     279     -65.0735
     280     -76.5147
     281     -54.3765
     282     -67.9048
     283     -62.9019
     284     -63.0894
     285     -81.8247
     286     -82.6098
     287     -69.1006
     288     -62.7919
     289     -64.7677
     290     -81.0101
     291     -49.9936
     292     -49.9449
     293     -58.4549
     294     -74.4369
     295     -68.1733
     296     -82.1253
     297     -86.0684
     298     -70.6457
     299     -77.0282
     300     -62.5923
     301     -65.1561
     302     -90.4602
     303     -77.5054
     304     -74.4501
     305     -75.2090
     306     -60.8783
     307     -61.2722
     308     -69.5271
     309     -64.4858
     310     -76.4262
     311     -77.3874
     312     -89.0600
     313     -61.1592
     314     -52.9591
     315     -76.0939
     316     -70.4345
     317     -52.7486
     318     -83.9712
     319     -83.3556
     320     -76.7600
     321     -75.5122
     322     -71.5068
     323     -64.4929
     324     -73.0014
     325     -81.4222
     326     -48.5075
     327     -67.5833
     328     -60.9550
     329     -73.3233
     330     -72.1622
     331     -60.2261
     332     -62.8788
     333     -80.5448
     334     -74.3079
     335     -80.0052
     336     -76.9038
     337     -57.5740
     338     -70.9579
     339     -67.8325
     340     -82.1593
     341     -77.7166
     342     -99.4779
     343     -68.2020
     344     -69.2750
     345     -67.1758
     346     -67.3372
     347     -81.3596
     348     -68.0073
     349     -62.2597
     350     -80.9685
     351     -79.2752
     352     -51.7337
     353     -43.9993
     354     -88.1392
     355     -89.1070
     356     -64.2964
     357     -73.7869
     358     -62.1973
     359     -87.2967
     360     -86.9288
     361     -81.7097
     362     -65.2059
     363     -70.6794
     364     -73.6793
     365     -51.2280
     366     -60.0170
     367    -140.9832
     368     -52.0315
     369     -71.0774
     370     -87.5792
     371     -74.0446
     372     -61.6758
     373     -66.1596
     374     -78.2020
     375     -97.5405
     376     -87.8642
     377    -101.6593
     378     -71.2675
     379     -62.6255
     380     -73.0962
     381     -64.3175
     382     -80.1320
     383     -74.5256
     384     -55.2053
     385    -106.6562
     386     -72.0136
     387     -64.8919
     388     -70.6606
     389     -75.6427
     390     -79.1247
     391     -69.6460
     392     -48.8073
     393     -65.0792
     394     -80.5529
     395     -63.4933
     396     -62.6740
     397     -68.4805
     398     -59.5438
     399     -58.0866
     400     -69.8194
     401     -61.3395
     402     -68.0235
     403     -73.1393
     404     -80.4588
     405     -71.9353
     406     -69.0180
     407     -67.3714
     408     -63.8802
     409     -64.8979
     410     -56.4350
     411     -64.5824
     412     -60.8653
     413     -88.0034
     414     -92.4403
     415     -86.3776
     416     -63.6002
     417     -68.0921
     418     -79.8643
     419     -77.5837
     420     -59.7901
     421     -37.0371
     422     -85.2665
     423     -78.0496
     424     -70.3161
     425     -89.2330
     426     -64.6392
     427     -45.8313
     428     -56.7358
     429     -75.9649
     430     -72.2626
     431     -46.9034
     432    -102.7719
     433     -59.2433
     434     -61.2110
     435     -75.4613
     436     -62.6285
     437     -64.0053
     438     -65.2102
     439     -93.0478
     440     -69.1906
     441     -71.8840
     442     -69.2602
     443     -87.4520
     444     -59.6821
     445     -67.7696
     446     -55.8056
     447     -71.4204
     448     -52.1255
     449     -77.4784
     450     -67.7058
     451     -62.1809
     452     -77.9246
     453     -55.7988
     454     -79.1825
     455     -76.8742
     456     -83.2514
     457     -75.0422
     458     -69.0804
     459     -71.8977
     460     -79.2173
     461     -71.9883
     462     -68.5282
     463     -70.3402
     464     -75.2009
     465     -64.4712
     466     -59.4612
     467     -82.3452
     468     -60.7833
     469     -57.3937
     470     -69.7274
     471     -82.6596
     472     -85.3835
     473     -83.9932
     474     -65.2680
     475     -57.2467
     476     -69.0129
     477     -53.4145
     478     -70.7864
     479     -87.2452
     480     -60.0575
     481     -77.5567
     482     -56.2180
     483     -59.0523
     484     -60.1367
     485     -71.1030
     486     -85.5304
     487     -54.3381
     488     -76.0380
     489     -67.2327
     490     -73.7048
     491     -72.9479
     492     -70.3473
     493     -93.2938
     494     -78.3666
     495     -81.6753
     496     -73.6176
     497     -45.6580
     498     -64.8272
     499     -80.8095
     500     -60.7381
     501     -49.4976
     502     -74.7073
     503     -56.2938
     504     -53.4155
     505     -69.8153
     506     -66.4685
     507     -70.7635
     508     -65.7338
     509     -83.9405
     510     -72.5469
     511     -80.6180
     512     -80.7077
     513     -72.5343
     514     -67.5900
     515     -71.3206
     516     -72.3976
     517     -83.8518
     518     -63.5507
     519     -53.8073
     520     -72.1268
     521     -53.1114
     522     -64.4818
     523     -68.4622
     524     -71.9796
     525     -42.3316
     526     -83.3478
     527     -58.9714
     528     -64.2475
     529     -55.1331
     530     -79.0474
     531     -72.9210
     532     -69.5192
     533     -65.6886
     534    -145.4382
     535     -68.7980
     536     -60.3994
     537     -67.3318
     538     -68.6047
     539     -72.8966
     540     -57.7221
     541     -66.6099
     542     -58.3669
     543     -74.3516
     544     -52.3040
     545     -51.6657
     546     -56.6540
     547     -51.3041
     548     -97.6543
     549     -95.6780
     550     -74.9530
     551     -77.4629
     552     -69.9109
     553     -93.5430
     554     -62.7504
     555     -47.6211
     556     -59.1636
     557     -78.5580
     558     -66.7207
     559     -74.7709
     560     -57.5798
     561     -66.5502
     562     -73.5890
     563     -60.2377
     564     -48.8973
     565     -65.5406
     566     -54.1918
     567     -50.7009
     568     -55.8004
     569     -61.6891
     570     -83.6432
     571     -58.2117
     572     -85.2384
     573     -65.7153
     574     -70.0314
     575     -65.0261
     576     -41.9927
     577     -77.5341
     578     -72.3891
     579     -72.5661
     580     -83.5617
     581     -70.4568
     582     -80.2075
     583     -72.8485
     584     -83.0788
     585     -87.8408
     586     -66.5931
     587     -71.7932
     588     -63.1316
     589     -70.9422
     590     -61.1042
     591     -78.0855
     592     -72.4971
     593     -80.4477
     594     -70.3198
     595     -85.7550
     596     -68.7011
     597     -58.0935
     598     -70.0542
     599     -62.7439
     600     -57.3311
     601     -57.9226
     602     -62.8333
     603     -61.9681
     604     -70.6832
     605     -55.9236
     606     -72.6920
     607    -101.0514
     608     -88.8522
     609     -79.5271
     610     -75.5384
     611     -76.9609
     612     -86.8956
     613     -71.6230
     614     -69.2096
     615    -107.9608
     616     -64.1255
     617     -71.6656
     618    -102.3282
     619     -84.4392
     620     -97.3064
     621     -51.1324
     622     -72.3829
     623     -69.2777
     624     -66.7826
     625     -63.5181
     626     -91.4856
     627     -73.1579
     628     -81.1151
     629     -61.6227
     630     -52.6006
     631     -67.6542
     632     -82.8056
     633     -82.0512
     634     -71.9078
     635     -93.9331
     636     -51.7854
     637     -70.0945
     638     -71.7228
     639     -55.0506
     640     -80.5758
     641     -65.7290
     642     -94.9968
     643     -34.3338
     644     -60.7979
     645     -71.7936
     646     -63.5320
     647     -63.4196
     648     -82.2641
     649     -60.9135
     650     -73.6335
     651     -68.2712
     652     -68.0515
     653     -88.3305
     654     -68.6839
     655     -90.4836
     656     -53.8688
     657     -64.7479
     658     -62.5273
     659     -68.9654
     660     -51.3170
     661     -62.1406
     662     -83.7453
     663     -80.4574
     664     -72.9758
     665     -69.6094
     666     -53.5476
     667     -81.8573
     668     -52.9836
     669     -75.5567
     670     -64.5187
     671     -71.2244
     672     -66.9633
     673     -64.0669
     674     -59.2172
     675     -64.6380
     676     -43.7356
     677     -62.4557
     678     -88.0539
     679     -68.2793
     680     -74.1130
     681     -72.4887
     682     -69.6579
     683     -86.4027
     684     -79.8545
     685     -80.8536
     686     -77.1122
     687     -50.4598
     688     -88.0697
     689     -38.7639
     690     -80.0479
     691     -67.4971
     692     -70.0179
     693     -50.6038
     694     -63.8574
     695    -116.6292
     696     -58.2879
     697     -78.1585
     698     -67.4874
     699     -79.0239
     700     -71.1848
     701     -74.1677
     702     -65.0143
     703     -69.7103
     704     -85.6191
     705     -52.9089
     706     -61.2308
     707     -83.3792
     708     -67.3013
     709     -73.9410
     710     -75.9959
     711     -74.3280
     712     -64.4929
     713     -82.0651
     714     -67.8593
     715     -61.7030
     716     -66.7747
     717     -93.4237
     718     -95.5928
     719     -86.0859
     720     -69.4421
     721     -82.3635
     722     -94.1384
     723     -79.2645
     724     -62.3327
     725     -72.4159
     726     -79.9523
     727     -59.6859
     728     -76.1487
     729     -85.6078
     730     -78.4012
     731     -62.9860
     732     -76.4665
     733     -57.2440
     734     -86.1865
     735     -53.0536
     736     -82.0530
     737     -78.9453
     738     -69.2565
     739     -73.8290
     740     -93.0141
     741     -57.0433
     742     -54.1469
     743     -76.1146
     744     -75.1794
     745     -89.1522
     746     -85.4322
     747     -72.4468
     748     -79.6598
     749     -68.7852
     750     -76.3872
     751     -57.1737
     752     -74.8678
     753     -90.9396
     754     -84.7534
     755     -67.6766
     756     -82.2555
     757     -79.1295
     758     -55.5622
     759     -63.6565
     760     -63.9706
     761     -79.0609
     762    -106.7861
     763     -69.1540
     764     -67.9113
     765     -73.8309
     766     -77.4047
     767     -61.1582
     768     -83.2448
     769     -67.2062
     770     -79.2668
     771     -65.2308
     772     -51.3596
     773     -67.2736
     774     -92.6746
     775     -83.6575
     776     -82.2550
     777     -84.0717
     778     -57.5985
     779     -75.2300
     780     -69.7306
     781     -67.9908
     782     -86.0995
     783     -71.0895
     784     -67.7255
     785     -70.0433
     786    -107.0783
     787     -65.5379
     788     -77.6768
     789     -90.0855
     790     -53.5033
     791     -55.0039
     792     -70.4296
     793    -123.2668
     794     -76.3193
     795     -80.1610
     796    -121.7537
     797     -75.6092
     798     -71.3756
     799     -78.5839
     800     -86.7070
     801     -64.8328
     802     -62.1317
     803     -70.7442
     804     -47.1374
     805     -72.1905
     806     -85.2177
     807     -67.9412
     808     -65.0944
     809     -76.7673
     810     -58.4506
     811     -97.1046
     812     -66.9503
     813     -65.1093
     814     -75.3771
     815     -78.7010
     816     -67.3181
     817     -96.8375
     818     -77.2699
     819     -59.3750
     820     -55.5565
     821     -67.5139
     822     -66.6850
     823     -76.7702
     824     -85.8263
     825     -64.0055
     826     -79.5282
     827     -78.6157
     828     -64.1859
     829     -87.4172
     830     -62.5884
     831     -57.1324
     832     -72.2944
     833     -57.5114
     834     -70.5847
     835     -52.7358
     836     -62.4950
     837     -59.8066
     838     -90.6268
     839     -60.2253
     840     -75.4671
     841     -65.4866
     842     -99.7812
     843     -70.7034
     844     -87.9414
     845     -90.6177
     846     -60.5995
     847     -81.5354
     848     -72.5952
     849     -63.4043
     850     -75.0308
     851     -70.3692
     852     -75.1703
     853     -58.4665
     854     -91.0099
     855     -70.1905
     856     -89.0374
     857     -73.3226
     858     -67.7471
     859     -80.5963
     860     -93.5126
     861     -66.7829
     862     -49.1155
     863     -78.4012
     864     -78.0491
     865    -104.4158
     866     -72.2291
     867     -77.6906
     868     -73.5687
     869     -70.4876
     870     -73.2309
     871     -62.9051
     872     -85.9800
     873     -75.8197
     874     -80.1289
     875     -68.3675
     876     -49.0664
     877     -83.9351
     878     -80.5264
     879     -60.3527
     880     -78.4663
     881     -67.1832
     882     -43.8403
     883     -47.6391
     884     -60.8848
     885     -53.8756
     886     -73.7674
     887     -55.6893
     888     -81.2461
     889     -59.1311
     890     -64.4613
     891     -73.6254
     892     -79.9987
     893     -58.5131
     894     -74.7491
     895     -73.8677
     896     -68.8457
     897     -72.5153
     898     -62.9364
     899     -62.9222
     900     -90.2834
     901     -58.2481
     902     -62.7697
     903     -54.2470
     904    -105.0112
     905     -77.7268
     906     -67.4578
     907     -77.2953
     908     -71.7723
     909     -60.4278
     910     -70.9456
     911     -72.4447
     912     -60.0724
     913     -78.3900
     914     -74.1598
     915     -64.0126
     916     -62.4381
     917     -71.6103
     918     -71.0678
     919     -50.4761
     920     -73.3319
     921     -76.9160
     922     -63.8463
     923     -67.5080
     924     -87.4654
     925     -76.0828
     926     -92.3982
     927     -66.6530
     928     -70.7975
     929     -65.0213
     930     -80.1991
     931     -64.7041
     932     -61.2238
     933     -85.8026
     934     -65.7404
     935     -93.4849
     936     -54.5985
     937    -105.3827
     938     -76.3560
     939     -64.2385
     940     -75.3770
     941     -74.2115
     942     -79.7513
     943     -75.6096
     944     -70.1630
     945     -67.5089
     946     -71.3603
     947     -69.5162
     948     -69.0942
     949     -64.9335
     950     -91.3876
     951     -55.0482
     952     -70.7789
     953     -77.0721
     954     -81.0846
     955     -74.3394
     956     -78.4546
     957     -64.1783
     958     -63.0411
     959     -71.9856
     960     -60.2349
     961     -66.0628
     962     -68.1797
     963     -76.9018
     964     -70.4337
     965     -66.5266
     966    -108.7900
     967     -80.9430
     968     -73.2054
     969     -60.6000
     970     -88.1143
     971     -75.8790
     972     -51.1458
     973     -62.3347
     974     -61.1838
     975    -100.9783
     976     -74.5817
     977     -72.7054
     978     -58.4919
     979     -89.2715
     980     -66.2741
     981     -85.1767
     982     -69.6243
     983     -93.4100
     984     -26.2494
     985     -59.4376
     986     -50.7634
     987     -62.7290
     988     -67.1211
     989     -52.0192
     990     -84.6111
     991     -61.7397
     992     -93.9000
     993     -94.0446
     994    -167.6561
     995     -62.2864
     996     -90.3710
     997     -53.9262
     998     -84.7409
     999     -81.7770
    1000     -71.4487
