#Frame       T45-T133
       1       2.5172
       2       2.4607
       3       2.5585
       4       2.5743
       5       2.4700
       6       2.4092
       7       2.4650
       8       2.4451
       9       2.4066
      10       2.3119
      11       2.4897
      12       2.4553
      13       2.4551
      14       2.3568
      15       2.3564
      16       2.5301
      17       2.5451
      18       2.4166
      19       2.3828
      20       2.2849
      21       2.4845
      22       2.4290
      23       2.5388
      24       2.5415
      25       2.2994
      26       2.4072
      27       2.4440
      28       2.4109
      29       2.5049
      30       2.3778
      31       2.3961
      32       2.4125
      33       2.3917
      34       2.5021
      35       2.4831
      36       2.5027
      37       2.4453
      38       2.4951
      39       2.4439
      40       2.4172
      41       2.3419
      42       2.4418
      43       2.4174
      44       2.4205
      45       2.3105
      46       2.4441
      47       2.4145
      48       2.3435
      49       2.4741
      50       2.3783
      51       2.4844
      52       2.3550
      53       2.4267
      54       2.5241
      55       2.4166
      56       2.4998
      57       2.5126
      58       2.4994
      59       2.4419
      60       2.4417
      61       2.4202
      62       2.5771
      63       2.5025
      64       2.4013
      65       2.3982
      66       2.3339
      67       2.4582
      68       2.4034
      69       2.3742
      70       2.4552
      71       2.4611
      72       2.4235
      73       2.4749
      74       2.5153
      75       2.3775
      76       2.4953
      77       2.5453
      78       2.4826
      79       2.4705
      80       2.4241
      81       2.3289
      82       2.3802
      83       2.4595
      84       2.5394
      85       2.5091
      86       2.4355
      87       2.4243
      88       2.4799
      89       2.4151
      90       2.4986
      91       2.4834
      92       2.4701
      93       2.5365
      94       2.4955
      95       2.3009
      96       2.4368
      97       2.5089
      98       2.4117
      99       2.4168
     100       2.4824
     101       2.4183
     102       2.4244
     103       2.4589
     104       2.5308
     105       2.4030
     106       2.3642
     107       2.4583
     108       2.4813
     109       2.4169
     110       2.3975
     111       2.5136
     112       2.4151
     113       2.5601
     114       2.4556
     115       2.5301
     116       2.5270
     117       2.5091
     118       2.4077
     119       2.3197
     120       2.3853
     121       2.3298
     122       2.3973
     123       2.3591
     124       2.3847
     125       2.4517
     126       2.4039
     127       2.3222
     128       2.4255
     129       2.5227
     130       2.4482
     131       2.4128
     132       2.5477
     133       2.4796
     134       2.4387
     135       2.3371
     136       2.4270
     137       2.3752
     138       2.4462
     139       2.5660
     140       2.3884
     141       2.4759
     142       2.5133
     143       2.4177
     144       2.4023
     145       2.4172
     146       2.3631
     147       2.4280
     148       2.3494
     149       2.4613
     150       2.4271
     151       2.3885
     152       2.3182
     153       2.4329
     154       2.3468
     155       2.4775
     156       2.4632
     157       2.4372
     158       2.4199
     159       2.5147
     160       2.5449
     161       2.4319
     162       2.4558
     163       2.4207
     164       2.4392
     165       2.3796
     166       2.4260
     167       2.4400
     168       2.4466
     169       2.5214
     170       2.4170
     171       2.4142
     172       2.4235
     173       2.4846
     174       2.4370
     175       2.3718
     176       2.4374
     177       2.4862
     178       2.4770
     179       2.3706
     180       2.3767
     181       2.4500
     182       2.4040
     183       2.4057
     184       2.3674
     185       2.5458
     186       2.4538
     187       2.3903
     188       2.4617
     189       2.5103
     190       2.4698
     191       2.3859
     192       2.2938
     193       2.4084
     194       2.3891
     195       2.4715
     196       2.3589
     197       2.5288
     198       2.4520
     199       2.4815
     200       2.3457
     201       2.3981
     202       2.4429
     203       2.3970
     204       2.4645
     205       2.4416
     206       2.3669
     207       2.3246
     208       2.5719
     209       2.5109
     210       2.4272
     211       2.4694
     212       2.5928
     213       2.4064
     214       2.4331
     215       2.4354
     216       2.4757
     217       2.3913
     218       2.4006
     219       2.4399
     220       2.3684
     221       2.4459
     222       2.4354
     223       2.4081
     224       2.4693
     225       2.4427
     226       2.4384
     227       2.4111
     228       2.5387
     229       2.4939
     230       2.3557
     231       2.3444
     232       2.4266
     233       2.5632
     234       2.4113
     235       2.4375
     236       2.4503
     237       2.5454
     238       2.3922
     239       2.5142
     240       2.4905
     241       2.4238
     242       2.3699
     243       2.3816
     244       2.3418
     245       2.3822
     246       2.4687
     247       2.4592
     248       2.4210
     249       2.4223
     250       2.5150
     251       2.5141
     252       2.2905
     253       2.5169
     254       2.4086
     255       2.5118
     256       2.3477
     257       2.3593
     258       2.5338
     259       2.4056
     260       2.5083
     261       2.4971
     262       2.5416
     263       2.5325
     264       2.4238
     265       2.4640
     266       2.4622
     267       2.4371
     268       2.5537
     269       2.3371
     270       2.4767
     271       2.4429
     272       2.4029
     273       2.5508
     274       2.4127
     275       2.4244
     276       2.3997
     277       2.4396
     278       2.4708
     279       2.4378
     280       2.4463
     281       2.4156
     282       2.5162
     283       2.4099
     284       2.2820
     285       2.4091
     286       2.4062
     287       2.3486
     288       2.4291
     289       2.4508
     290       2.3451
     291       2.3474
     292       2.4070
     293       2.4614
     294       2.4634
     295       2.4119
     296       2.3676
     297       2.4570
     298       2.4047
     299       2.4130
     300       2.4784
     301       2.4494
     302       2.3973
     303       2.3617
     304       2.4455
     305       2.3247
     306       2.4364
     307       2.4145
     308       2.4021
     309       2.4078
     310       2.3978
     311       2.5187
     312       2.4126
     313       2.3663
     314       2.4474
     315       2.4606
     316       2.4506
     317       2.3656
     318       2.4823
     319       2.4792
     320       2.4383
     321       2.5406
     322       2.3695
     323       2.3508
     324       2.3847
     325       2.3542
     326       2.3737
     327       2.4136
     328       2.3588
     329       2.4899
     330       2.4416
     331       2.4359
     332       2.3753
     333       2.4413
     334       2.4601
     335       2.4036
     336       2.3213
     337       2.3881
     338       2.4539
     339       2.4018
     340       2.4992
     341       2.3669
     342       2.3888
     343       2.4282
     344       2.5262
     345       2.3802
     346       2.4001
     347       2.4329
     348       2.3534
     349       2.4735
     350       2.4680
     351       2.3845
     352       2.4557
     353       2.3449
     354       2.4186
     355       2.4818
     356       2.4147
     357       2.3598
     358       2.3699
     359       2.3977
     360       2.4497
     361       2.4120
     362       2.3975
     363       2.4418
     364       2.4236
     365       2.4721
     366       2.4570
     367       2.5532
     368       2.5977
     369       2.3449
     370       2.4530
     371       2.4279
     372       2.3996
     373       2.3753
     374       2.3669
     375       2.4453
     376       2.4704
     377       2.2748
     378       2.3833
     379       2.4307
     380       2.4470
     381       2.4030
     382       2.4432
     383       2.3994
     384       2.3979
     385       2.4754
     386       2.4705
     387       2.4723
     388       2.4371
     389       2.4303
     390       2.5112
     391       2.4762
     392       2.3993
     393       2.4772
     394       2.5286
     395       2.4761
     396       2.4231
     397       2.4381
     398       2.5546
     399       2.4291
     400       2.4871
     401       2.5560
     402       2.4262
     403       2.4693
     404       2.4065
     405       2.4155
     406       2.4217
     407       2.4713
     408       2.5078
     409       2.4224
     410       2.4155
     411       2.6583
     412       2.4997
     413       2.4690
     414       2.4847
     415       2.4093
     416       2.4933
     417       2.3679
     418       2.4142
     419       2.4221
     420       2.4829
     421       2.4202
     422       2.3956
     423       2.4785
     424       2.2886
     425       2.6636
     426       2.4201
     427       2.3101
     428       2.3704
     429       2.4138
     430       2.4811
     431       2.3429
     432       2.5543
     433       2.4614
     434       2.4878
     435       2.4630
     436       2.4589
     437       2.5729
     438       2.4602
     439       2.4915
     440       2.4450
     441       2.4947
     442       2.4212
     443       2.4383
     444       2.4232
     445       2.4246
     446       2.3456
     447       2.4932
     448       2.4397
     449       2.4490
     450       2.4733
     451       2.4748
     452       2.4556
     453       2.4669
     454       2.2864
     455       2.3349
     456       2.3721
     457       2.4364
     458       2.4781
     459       2.4381
     460       2.3414
     461       2.4150
     462       2.4277
     463       2.5212
     464       2.4482
     465       2.4043
     466       2.3926
     467       2.3480
     468       2.3839
     469       2.3980
     470       2.3585
     471       2.4739
     472       2.4906
     473       2.3773
     474       2.4643
     475       2.3510
     476       2.3415
     477       2.5416
     478       2.4575
     479       2.3729
     480       2.4741
     481       2.4947
     482       2.4029
     483       2.4039
     484       2.3885
     485       2.3615
     486       2.4250
     487       2.4761
     488       2.3394
     489       2.4162
     490       2.5366
     491       2.3910
     492       2.5001
     493       2.3918
     494       2.3988
     495       2.3810
     496       2.3990
     497       2.3465
     498       2.4534
     499       2.5287
     500       2.3965
     501       2.4629
     502       2.3913
     503       2.4423
     504       2.4863
     505       2.4154
     506       2.4683
     507       2.4449
     508       2.4825
     509       2.4045
     510       2.5077
     511       2.3424
     512       2.3379
     513       2.3282
     514       2.3977
     515       2.3767
     516       2.4121
     517       2.4105
     518       2.4374
     519       2.4060
     520       2.4506
     521       2.4886
     522       2.5448
     523       2.4283
     524       2.5445
     525       2.3711
     526       2.4250
     527       2.4668
     528       2.4610
     529       2.3750
     530       2.3490
     531       2.4057
     532       2.4028
     533       2.4881
     534       2.4758
     535       2.5189
     536       2.5185
     537       2.5013
     538       2.4206
     539       2.4803
     540       2.4019
     541       2.4331
     542       2.5017
     543       2.4182
     544       2.3881
     545       2.4205
     546       2.3441
     547       2.4402
     548       2.4868
     549       2.4183
     550       2.4160
     551       2.3522
     552       2.3827
     553       2.3657
     554       2.3917
     555       2.3883
     556       2.5781
     557       2.2694
     558       2.4551
     559       2.3625
     560       2.3775
     561       2.4327
     562       2.5076
     563       2.3754
     564       2.4879
     565       2.4430
     566       2.4477
     567       2.4383
     568       2.3718
     569       2.4300
     570       2.3473
     571       2.3732
     572       2.5482
     573       2.4726
     574       2.4723
     575       2.3527
     576       2.3917
     577       2.4685
     578       2.5726
     579       2.4063
     580       2.4782
     581       2.4230
     582       2.4649
     583       2.3524
     584       2.3169
     585       2.4286
     586       2.3699
     587       2.4709
     588       2.5726
     589       2.3697
     590       2.3693
     591       2.4040
     592       2.4228
     593       2.4346
     594       2.4151
     595       2.5120
     596       2.3250
     597       2.2911
     598       2.3889
     599       2.5332
     600       2.4542
     601       2.4009
     602       2.4865
     603       2.4119
     604       2.3669
     605       2.4803
     606       2.4897
     607       2.4843
     608       2.3795
     609       2.4021
     610       2.4277
     611       2.4032
     612       2.5419
     613       2.4034
     614       2.4881
     615       2.4150
     616       2.4172
     617       2.5547
     618       2.3793
     619       2.4233
     620       2.3918
     621       2.4267
     622       2.3744
     623       2.4339
     624       2.5262
     625       2.3399
     626       2.4958
     627       2.4327
     628       2.3907
     629       2.3521
     630       2.4773
     631       2.4099
     632       2.2748
     633       2.4577
     634       2.4589
     635       2.3756
     636       2.3283
     637       2.4369
     638       2.3868
     639       2.4371
     640       2.4856
     641       2.4423
     642       2.3647
     643       2.4674
     644       2.4104
     645       2.3789
     646       2.4443
     647       2.4263
     648       2.4766
     649       2.4703
     650       2.3926
     651       2.3270
     652       2.4555
     653       2.3764
     654       2.3666
     655       2.4800
     656       2.5331
     657       2.5062
     658       2.3977
     659       2.3913
     660       2.4213
     661       2.4858
     662       2.3873
     663       2.6247
     664       2.4624
     665       2.4774
     666       2.3566
     667       2.4847
     668       2.3735
     669       2.3359
     670       2.3832
     671       2.4008
     672       2.4520
     673       2.4092
     674       2.4078
     675       2.4117
     676       2.4452
     677       2.3508
     678       2.4307
     679       2.3789
     680       2.4283
     681       2.4846
     682       2.4359
     683       2.5162
     684       2.4106
     685       2.4640
     686       2.4865
     687       2.3821
     688       2.4284
     689       2.4439
     690       2.5295
     691       2.5322
     692       2.3889
     693       2.5402
     694       2.4902
     695       2.5565
     696       2.4337
     697       2.4243
     698       2.3829
     699       2.4154
     700       2.4401
     701       2.3811
     702       2.3492
     703       2.4520
     704       2.4594
     705       2.3589
     706       2.4762
     707       2.4805
     708       2.4668
     709       2.4322
     710       2.4774
     711       2.4685
     712       2.4143
     713       2.4866
     714       2.4372
     715       2.5488
     716       2.4430
     717       2.4125
     718       2.3506
     719       2.4230
     720       2.4501
     721       2.3955
     722       2.3723
     723       2.3846
     724       2.4620
     725       2.4994
     726       2.4142
     727       2.5184
     728       2.4317
     729       2.4641
     730       2.4706
     731       2.3846
     732       2.3979
     733       2.4010
     734       2.4894
     735       2.5127
     736       2.4135
     737       2.3363
     738       2.4009
     739       2.5171
     740       2.4169
     741       2.4359
     742       2.4359
     743       2.3548
     744       2.3840
     745       2.4153
     746       2.4593
     747       2.4134
     748       2.3999
     749       2.4654
     750       2.4014
     751       2.5008
     752       2.4237
     753       2.4892
     754       2.5010
     755       2.3725
     756       2.3881
     757       2.3922
     758       2.3629
     759       2.4728
     760       2.4640
     761       2.5092
     762       2.3563
     763       2.3540
     764       2.4079
     765       2.5379
     766       2.4806
     767       2.3457
     768       2.4612
     769       2.3844
     770       2.5055
     771       2.4173
     772       2.3552
     773       2.3942
     774       2.3901
     775       2.4222
     776       2.3469
     777       2.3666
     778       2.4698
     779       2.4394
     780       2.3182
     781       2.4111
     782       2.3567
     783       2.3679
     784       2.4642
     785       2.3307
     786       2.5192
     787       2.3011
     788       2.4363
     789       2.3783
     790       2.4649
     791       2.4483
     792       2.4813
     793       2.5223
     794       2.4686
     795       2.3284
     796       2.5120
     797       2.4511
     798       2.4258
     799       2.4382
     800       2.4825
     801       2.4046
     802       2.4164
     803       2.5492
     804       2.4389
     805       2.3984
     806       2.5709
     807       2.4059
     808       2.4926
     809       2.4219
     810       2.3548
     811       2.4140
     812       2.4072
     813       2.3843
     814       2.4429
     815       2.4168
     816       2.3378
     817       2.5474
     818       2.4514
     819       2.5035
     820       2.4477
     821       2.4042
     822       2.4704
     823       2.3151
     824       2.4391
     825       2.3952
     826       2.4808
     827       2.4110
     828       2.5132
     829       2.4563
     830       2.4277
     831       2.3231
     832       2.5350
     833       2.4844
     834       2.4942
     835       2.4807
     836       2.4148
     837       2.4440
     838       2.4569
     839       2.3998
     840       2.4803
     841       2.4128
     842       2.3735
     843       2.4292
     844       2.4563
     845       2.5264
     846       2.4360
     847       2.4416
     848       2.5676
     849       2.6028
     850       2.4175
     851       2.3880
     852       2.5150
     853       2.4688
     854       2.4758
     855       2.4653
     856       2.4805
     857       2.4886
     858       2.4907
     859       2.3573
     860       2.4357
     861       2.4202
     862       2.4360
     863       2.4625
     864       2.3158
     865       2.4610
     866       2.5050
     867       2.4732
     868       2.3959
     869       2.3994
     870       2.4699
     871       2.4312
     872       2.3446
     873       2.4888
     874       2.3076
     875       2.4498
     876       2.4804
     877       2.5156
     878       2.4503
     879       2.4437
     880       2.3722
     881       2.4934
     882       2.5150
     883       2.4512
     884       2.6427
     885       2.3589
     886       2.5529
     887       2.4134
     888       2.4352
     889       2.4956
     890       2.4752
     891       2.4492
     892       2.4568
     893       2.4384
     894       2.4276
     895       2.4703
     896       2.4857
     897       2.4713
     898       2.4231
     899       2.4390
     900       2.4284
     901       2.5427
     902       2.4209
     903       2.4963
     904       2.4205
     905       2.3797
     906       2.4745
     907       2.4909
     908       2.4479
     909       2.4457
     910       2.4354
     911       2.5218
     912       2.4693
     913       2.4985
     914       2.4963
     915       2.4451
     916       2.3810
     917       2.4874
     918       2.4091
     919       2.6083
     920       2.4840
     921       2.4365
     922       2.3381
     923       2.4567
     924       2.4018
     925       2.5617
     926       2.2819
     927       2.3800
     928       2.4766
     929       2.3856
     930       2.5614
     931       2.4927
     932       2.4326
     933       2.5077
     934       2.3531
     935       2.4488
     936       2.3646
     937       2.2684
     938       2.3963
     939       2.4895
     940       2.4729
     941       2.4908
     942       2.4023
     943       2.3978
     944       2.3576
     945       2.4718
     946       2.4966
     947       2.2888
     948       2.4150
     949       2.3685
     950       2.4272
     951       2.4770
     952       2.4960
     953       2.4541
     954       2.4263
     955       2.4279
     956       2.5187
     957       2.3485
     958       2.3911
     959       2.5455
     960       2.4443
     961       2.3652
     962       2.4045
     963       2.4519
     964       2.4806
     965       2.4012
     966       2.4597
     967       2.4528
     968       2.4357
     969       2.4104
     970       2.3632
     971       2.4162
     972       2.4204
     973       2.3324
     974       2.4305
     975       2.3903
     976       2.4236
     977       2.4367
     978       2.3654
     979       2.4485
     980       2.4379
     981       2.2830
     982       2.3388
     983       2.3872
     984       2.4003
     985       2.4301
     986       2.4893
     987       2.4723
     988       2.4586
     989       2.4336
     990       2.4634
     991       2.5550
     992       2.3900
     993       2.4584
     994       2.4170
     995       2.3855
     996       2.5264
     997       2.4248
     998       2.4535
     999       2.4364
    1000       2.4545
