Using WEST data from '/ix/lchong/dty7/d1d2/1a43/3d_oamax_1_2_ss_v01/west.h5'
# successful (recycled) segments
# column 0:    iteration
# column 1:    seg_id
# column 2:    weight
# column>2:    final progress coordinate value
     243          64     1.4829661387191e-26           45.5617           45.3826           45.5617
     245          59     9.2685383669941e-28           47.9124           47.9124           45.5963
     246           8     4.6342691834971e-28           46.5257            45.853           46.5257
     246          11     4.6342691834971e-28           45.9851           45.4907           45.9851
     247           9     5.7928364793713e-29           46.6017           46.4525           46.6017
     247          56     5.7928364793713e-29           46.1695           46.1695           45.4946
     248           9     1.4482091198428e-29           48.6168            45.881           48.6168
     248          10     1.4482091198428e-29           45.8739           45.8739           45.2108
     248          13     2.8964182396857e-29            47.755            47.755            46.745
     249          60     3.6205227996071e-30           45.2465           45.0858           45.2465
     249          62     3.6205227996071e-30           46.4747           46.4747           46.3067
     261          11     4.7142223953217e-33           45.8462           45.8366           45.8462
     290           4     1.1956883851468e-34           49.5454            46.902           49.5454
     306          11     1.2958191477654e-35           54.4038           45.3711           54.4038
     312           9     3.5982598296493e-36           47.5019           46.3322           47.5019
     313          56     2.1400224811506e-37           45.8443           45.7004           45.8443
     323           6     4.2800449623013e-37           52.6952           48.1558           52.6952
     326           9     4.2800449623013e-37           49.3822           45.8348           49.3822
     326          10     1.5520735963554e-37            50.003           47.0426            50.003
     331           6     5.2850381587444e-38           48.6214           46.7238           48.6214
     333          65      1.272496006587e-38           47.5741           46.1458           47.5741
     341           5     4.4537360230544e-38           47.5877           45.5184           47.5877
     341          64      1.272496006587e-38            47.699           45.3328            47.699
     343           6     5.2850381587444e-38           47.8324           45.6755           47.8324
     345           7      5.567170028818e-39           46.4548           46.1864           46.4548
     356          50     2.0980796343652e-40           50.0084           45.1382           50.0084
     367          74     2.8012385254968e-45           47.7171           47.7171           46.1567
     369          68     1.7507740784355e-46           46.3322           46.1495           46.3322
     375          68     4.2743507774304e-50           47.4915            45.438           47.4915
     382          56     2.6088566756777e-54           47.4929           45.3303           47.4929
     405           5     5.4426327747084e-39           53.8934           45.4257           53.8934
     408           8     1.3012735231239e-21           46.5604           46.5604           45.4382
     479          67     5.0987989176893e-60           46.3327           45.2139           46.3327
     483          69     1.5933746617779e-61           46.6054           46.6054           45.7419
     583          10     1.271451835172e-106           47.6032           45.0892           47.6032
     599          61    5.3838700258057e-108           46.5074            45.447           46.5074
     601          60    5.3838577031334e-109           47.7954           45.2034           47.7954
     610          12    3.5594623283927e-108           47.2293           45.3601           47.2293
     610          15    3.5594623283927e-108           49.2431           46.0827           49.2431
     617          60     1.150453034557e-111           49.9634           45.4454           49.9634
     630          12    1.1557748078604e-108           47.0549           46.2922           47.0549
     635          59    1.4917377012561e-109           47.1993            45.714           47.1993
     639          13    2.1942519717917e-109           48.2429           45.1741           48.2429
     640          12    6.6926158637823e-110           45.5094           45.4729           45.5094
     640          57    5.8271003955318e-112           45.6322           45.2297           45.6322
     642          68    3.6419377472074e-113           49.9155           45.7094           49.9155
     649          48    7.6616618652678e-111             48.52           46.1805             48.52
     652           9    8.2623692092425e-111           49.0762           47.8208           49.0762
     654          12     1.915415466317e-111           49.7007           45.3643           49.7007
     670          12    6.5416378187431e-112           49.6106           45.3316           49.6106
     687          60    2.6578468590127e-114           48.4518           45.7795           48.4518
     688          62    6.6446171475317e-115            49.245           45.7938            49.245
     691          68    1.0382214293018e-116           49.3497            45.712           49.3497
     696          11    1.7010219897681e-112           49.4273           46.6187           49.4273
     703          44    3.8687210075009e-115           46.2047           46.1413           46.2047
     718           1    1.5230819152065e-113           47.8256           45.7236           47.8256
     726           8    1.1105805631714e-113           50.4843           46.0345           50.4843
     737           1    6.0623320697226e-114           50.2433           45.2806           50.2433
     755          10    4.2836678865183e-114           51.8648           45.5346           51.8648
     785           6    3.0172218034598e-114           49.6173           45.0106           49.6173
     789           0    4.0059447985688e-114           49.6697           46.0547           49.6697
     795           0    2.5795278733595e-114           48.1997             45.65           48.1997
     811           6    1.2897639366798e-114           51.7209           45.7881           51.7209
     825           6    1.9917863077609e-114           49.7948           45.9166           49.7948
     828           7    1.0203109120341e-114           52.8549           45.5661           52.8549
     914          11    5.1015545601707e-115           52.8274           45.0737           52.8274
     917           4    6.8334472675475e-115           55.1498           45.8847           55.1498
     922           8    2.5978390610652e-115           47.6608           45.0179           47.6608
     939           4    1.7318927073768e-115           55.6012             46.62           55.6012
     955           7    2.5978390610652e-115           50.2898           45.5253           50.2898
     971           1    8.6594635368839e-116           51.2356           45.4278           51.2356
