#Frame     C45N-C133N
       1       5.8603
       2       5.7407
       3       5.7832
       4       5.3655
       5       5.4457
       6       5.6319
       7       5.8321
       8       5.4589
       9       5.9942
      10       5.2200
      11       5.8546
      12       5.5927
      13       5.5706
      14       5.5357
      15       5.9347
      16       5.8118
      17       5.7558
      18       5.6125
      19       5.6081
      20       5.7326
      21       5.5343
      22       5.5180
      23       5.3784
      24       6.3056
      25       5.6583
      26       5.6934
      27       5.8769
      28       5.8049
      29       6.0167
      30       5.9145
      31       5.8388
      32       5.7849
      33       6.0804
      34       5.7719
      35       5.9557
      36       6.1124
      37       6.1709
      38       5.8666
      39       6.1554
      40       5.7205
      41       5.9191
      42       6.1022
      43       5.7962
      44       5.8053
      45       6.0146
      46       5.7921
      47       5.9129
      48       5.7721
      49       5.7281
      50       5.7480
      51       6.0361
      52       5.7614
      53       5.7988
      54       5.6203
      55       6.2507
      56       5.7977
      57       5.8699
      58       6.2194
      59       5.9452
      60       5.5363
      61       5.7208
      62       5.6940
      63       5.5143
      64       5.8669
      65       6.1027
      66       5.7833
      67       5.7627
      68       5.9981
      69       6.2467
      70       6.0723
      71       5.8200
      72       5.9225
      73       6.0351
      74       6.2272
      75       5.5529
      76       5.6700
      77       6.2999
      78       6.3636
      79       6.0805
      80       6.0903
      81       5.7281
      82       5.7741
      83       6.0326
      84       5.6730
      85       6.0496
      86       5.9877
      87       5.9686
      88       6.0271
      89       6.0202
      90       5.8382
      91       5.8172
      92       5.9816
      93       5.9763
      94       6.0635
      95       5.5082
      96       6.0714
      97       5.5223
      98       6.1565
      99       5.7581
     100       5.7235
     101       5.7229
     102       5.6906
     103       5.7337
     104       5.8711
     105       5.6701
     106       5.7336
     107       5.8449
     108       6.0025
     109       6.3602
     110       5.5010
     111       5.8516
     112       5.8010
     113       5.8799
     114       6.0686
     115       5.9410
     116       4.6649
     117       5.8732
     118       6.0001
     119       5.7801
     120       5.8468
     121       6.0664
     122       5.7900
     123       5.7298
     124       5.7024
     125       5.7301
     126       5.8100
     127       5.5354
     128       5.5851
     129       5.4502
     130       6.2336
     131       5.4847
     132       6.0558
     133       6.0128
     134       5.8859
     135       5.9565
     136       5.7563
     137       6.2352
     138       5.9584
     139       5.4840
     140       5.4291
     141       5.9668
     142       6.2189
     143       5.7142
     144       5.8048
     145       6.0668
     146       6.0037
     147       5.6638
     148       5.8459
     149       5.6406
     150       6.0497
     151       5.8690
     152       6.0522
     153       6.0780
     154       6.1089
     155       6.0729
     156       5.7853
     157       6.0256
     158       5.9127
     159       5.8418
     160       5.7498
     161       6.2389
     162       5.8709
     163       5.9419
     164       6.0015
     165       5.8441
     166       5.7653
     167       5.8766
     168       6.0507
     169       6.1324
     170       6.0026
     171       6.0320
     172       6.1032
     173       5.7977
     174       5.5933
     175       5.8251
     176       6.1862
     177       5.8613
     178       5.8314
     179       5.8562
     180       5.8561
     181       5.7830
     182       5.8639
     183       5.5289
     184       5.6675
     185       5.5362
     186       5.7468
     187       5.8475
     188       6.0775
     189       6.0431
     190       5.7497
     191       6.0847
     192       5.6616
     193       5.7383
     194       6.0524
     195       5.7825
     196       5.7023
     197       5.9155
     198       5.8871
     199       5.9307
     200       6.2581
     201       5.8456
     202       5.6019
     203       6.1361
     204       5.9330
     205       5.8888
     206       5.5027
     207       6.2057
     208       5.6068
     209       6.0106
     210       5.8511
     211       6.2335
     212       5.9153
     213       5.5982
     214       5.6785
     215       5.7116
     216       5.8681
     217       5.8386
     218       5.9489
     219       5.8265
     220       6.0545
     221       6.0996
     222       5.6618
     223       5.7139
     224       5.8682
     225       5.8109
     226       6.0766
     227       5.7591
     228       5.8523
     229       5.8234
     230       5.8730
     231       6.1972
     232       5.5612
     233       5.9295
     234       5.9151
     235       5.5961
     236       5.4723
     237       6.0758
     238       5.6785
     239       6.0331
     240       5.8631
     241       5.8966
     242       5.7041
     243       5.9930
     244       5.9590
     245       5.6302
     246       5.4827
     247       5.4410
     248       5.9300
     249       6.0637
     250       5.7878
     251       5.8423
     252       6.1139
     253       6.1441
     254       6.1329
     255       5.6280
     256       5.5545
     257       5.8846
     258       6.0243
     259       5.6496
     260       5.5389
     261       5.6894
     262       4.7202
     263       5.8295
     264       5.8069
     265       5.9814
     266       5.9793
     267       6.2423
     268       5.6962
     269       5.7259
     270       5.9756
     271       5.8358
     272       6.1345
     273       5.9507
     274       5.8255
     275       5.9404
     276       5.6845
     277       6.0786
     278       5.9207
     279       5.6679
     280       5.2936
     281       5.7743
     282       5.6122
     283       5.7613
     284       5.5073
     285       5.9313
     286       5.8225
     287       5.6999
     288       5.8393
     289       5.9929
     290       5.5920
     291       6.0722
     292       5.6209
     293       5.9130
     294       5.6120
     295       5.8170
     296       5.4932
     297       6.2085
     298       5.8346
     299       5.5882
     300       6.0100
     301       5.7432
     302       6.0862
     303       5.8966
     304       5.8737
     305       5.9884
     306       6.0721
     307       5.7556
     308       5.9525
     309       5.9534
     310       5.9218
     311       5.7430
     312       6.0008
     313       5.7824
     314       5.5811
     315       5.9656
     316       5.8599
     317       5.6585
     318       5.5414
     319       5.6403
     320       6.0293
     321       5.8229
     322       5.8955
     323       5.7265
     324       5.9470
     325       5.5866
     326       6.1255
     327       5.9927
     328       5.7477
     329       5.7519
     330       5.4480
     331       5.6772
     332       6.0716
     333       5.9666
     334       5.8813
     335       5.5912
     336       5.6371
     337       5.7560
     338       6.0061
     339       5.9215
     340       5.6223
     341       6.1992
     342       5.8850
     343       5.7591
     344       5.6667
     345       5.7022
     346       5.8024
     347       5.7400
     348       5.6872
     349       5.7939
     350       6.1135
     351       5.7637
     352       6.2646
     353       5.9687
     354       6.0695
     355       5.7446
     356       6.3192
     357       6.0244
     358       6.2788
     359       6.3625
     360       5.7308
     361       5.8654
     362       5.9828
     363       5.9426
     364       6.1045
     365       6.0191
     366       5.5457
     367       5.7642
     368       5.6040
     369       5.9458
     370       5.6568
     371       5.9735
     372       5.8073
     373       5.8476
     374       5.9380
     375       6.1598
     376       5.4003
     377       5.9437
     378       5.5740
     379       5.9853
     380       5.8162
     381       5.7877
     382       5.7012
     383       5.8306
     384       5.9068
     385       6.2447
     386       5.7327
     387       5.5917
     388       5.8544
     389       5.7697
     390       6.1460
     391       6.0497
     392       5.8181
     393       5.8376
     394       5.7729
     395       5.9701
     396       6.0827
     397       6.0097
     398       5.6762
     399       6.0313
     400       6.2928
     401       6.1167
     402       5.7496
     403       5.5307
     404       5.8185
     405       5.7191
     406       5.9869
     407       5.5717
     408       5.6284
     409       6.0376
     410       5.9150
     411       6.1392
     412       5.8142
     413       5.8204
     414       5.4560
     415       5.5674
     416       5.3401
     417       6.1737
     418       5.5877
     419       5.6803
     420       5.5834
     421       5.8429
     422       5.6378
     423       5.3746
     424       5.6566
     425       5.6986
     426       5.8658
     427       5.8790
     428       6.0175
     429       5.9764
     430       5.6869
     431       5.6568
     432       6.0193
     433       5.6501
     434       6.1354
     435       5.6264
     436       5.8393
     437       5.7180
     438       5.9881
     439       5.5295
     440       5.9830
     441       5.9938
     442       6.0481
     443       5.8724
     444       5.9963
     445       5.9436
     446       5.7182
     447       5.8539
     448       5.7363
     449       5.9055
     450       6.2003
     451       6.1339
     452       5.7885
     453       5.7601
     454       5.2339
     455       5.7705
     456       6.1971
     457       5.9662
     458       6.0403
     459       5.9991
     460       5.9964
     461       6.1284
     462       5.1740
     463       5.7583
     464       6.1086
     465       5.8976
     466       5.9460
     467       6.1769
     468       5.7591
     469       5.9281
     470       5.4534
     471       5.5640
     472       6.3482
     473       5.9101
     474       6.1575
     475       5.8537
     476       6.0497
     477       5.8395
     478       6.2811
     479       5.4158
     480       5.7086
     481       5.9465
     482       5.9442
     483       5.7292
     484       5.8719
     485       5.5313
     486       5.6125
     487       6.2893
     488       5.4195
     489       6.4354
     490       5.9956
     491       5.6033
     492       5.7408
     493       5.7985
     494       5.8226
     495       5.9991
     496       6.2156
     497       6.0277
     498       5.8907
     499       5.7306
     500       5.7835
     501       6.0183
     502       5.7894
     503       6.0083
     504       5.5440
     505       5.8536
     506       5.9366
     507       5.8907
     508       6.0173
     509       5.8252
     510       6.3510
     511       6.4142
     512       5.5777
     513       6.0295
     514       5.9603
     515       5.6945
     516       6.1535
     517       6.3387
     518       6.4064
     519       6.0122
     520       5.7358
     521       6.2723
     522       5.3851
     523       5.8488
     524       5.5031
     525       6.1175
     526       5.9318
     527       5.7338
     528       5.7742
     529       5.6885
     530       5.8252
     531       5.9222
     532       6.2373
     533       5.8244
     534       5.9968
     535       5.9655
     536       5.6589
     537       5.8386
     538       5.7884
     539       6.0793
     540       5.9373
     541       5.9836
     542       5.8954
     543       5.8424
     544       5.6063
     545       5.7728
     546       5.8145
     547       5.8849
     548       5.7266
     549       5.6770
     550       5.8822
     551       5.7654
     552       5.8500
     553       5.7656
     554       5.7556
     555       5.7897
     556       5.8128
     557       6.2103
     558       5.6650
     559       5.8629
     560       5.7494
     561       5.6906
     562       6.0344
     563       5.7605
     564       5.7727
     565       6.1625
     566       5.9166
     567       6.0069
     568       4.6206
     569       6.0442
     570       5.8296
     571       5.8729
     572       5.5416
     573       5.8791
     574       6.1362
     575       5.7706
     576       5.5473
     577       5.9473
     578       6.0202
     579       6.1134
     580       5.6489
     581       5.8698
     582       5.6329
     583       5.9262
     584       5.8257
     585       5.6595
     586       5.6442
     587       6.0389
     588       5.4192
     589       6.2884
     590       6.0686
     591       5.9588
     592       5.5037
     593       5.8942
     594       6.0078
     595       5.8250
     596       5.9786
     597       5.7325
     598       5.7581
     599       6.0305
     600       5.8369
     601       5.5592
     602       5.8613
     603       5.8642
     604       5.5825
     605       6.1264
     606       6.1290
     607       6.3828
     608       5.6683
     609       6.2239
     610       6.0517
     611       5.5774
     612       5.9902
     613       5.6612
     614       5.9040
     615       5.7726
     616       6.1185
     617       5.6822
     618       5.5433
     619       5.6322
     620       5.6840
     621       5.6884
     622       5.9934
     623       5.6069
     624       5.8958
     625       5.5102
     626       5.3624
     627       5.8330
     628       5.9406
     629       5.7052
     630       5.4890
     631       6.0550
     632       5.5606
     633       5.7706
     634       6.3190
     635       5.6546
     636       5.9624
     637       5.9963
     638       6.0478
     639       6.0477
     640       6.0455
     641       5.7242
     642       6.1347
     643       5.7876
     644       5.6519
     645       5.8037
     646       5.8602
     647       5.9020
     648       5.7342
     649       5.5832
     650       5.9406
     651       5.8198
     652       5.8007
     653       5.9481
     654       5.6229
     655       5.9642
     656       6.0161
     657       6.0535
     658       5.8906
     659       5.8231
     660       5.8564
     661       6.1709
     662       5.7714
     663       5.8725
     664       6.0333
     665       6.3527
     666       6.2112
     667       5.9794
     668       5.8934
     669       5.7736
     670       6.0745
     671       5.6932
     672       5.8812
     673       5.9365
     674       5.7474
     675       5.8518
     676       5.8731
     677       5.8562
     678       6.3190
     679       5.5918
     680       6.0622
     681       6.2578
     682       5.4451
     683       5.7768
     684       5.8927
     685       5.9017
     686       6.3158
     687       6.0231
     688       6.2336
     689       5.8009
     690       5.8523
     691       5.3903
     692       6.1486
     693       5.8423
     694       5.7779
     695       5.8264
     696       5.9549
     697       5.7704
     698       5.9876
     699       5.7730
     700       6.1162
     701       5.6066
     702       6.2665
     703       5.9734
     704       5.7747
     705       6.0841
     706       6.0955
     707       5.9059
     708       5.8320
     709       5.7178
     710       5.8922
     711       5.7776
     712       5.8021
     713       6.1107
     714       5.8745
     715       5.8150
     716       6.0774
     717       5.9104
     718       6.0133
     719       5.6723
     720       5.6800
     721       6.0552
     722       5.5543
     723       5.7520
     724       5.8893
     725       5.9800
     726       5.9775
     727       5.9251
     728       5.8380
     729       5.4155
     730       5.7990
     731       5.5524
     732       5.8656
     733       5.7276
     734       5.9286
     735       5.8902
     736       5.6256
     737       6.0987
     738       6.0201
     739       5.8124
     740       5.6857
     741       5.7411
     742       5.6582
     743       6.1408
     744       5.9909
     745       5.9077
     746       6.0637
     747       6.1384
     748       5.8027
     749       6.1490
     750       6.0871
     751       6.0077
     752       5.7952
     753       5.6916
     754       5.6549
     755       5.9345
     756       5.6817
     757       6.1443
     758       5.8035
     759       5.6073
     760       5.4952
     761       5.8626
     762       5.5455
     763       5.3860
     764       5.8112
     765       6.1243
     766       5.6874
     767       5.8346
     768       5.6680
     769       5.3522
     770       6.2762
     771       6.2171
     772       6.0214
     773       6.3777
     774       6.0611
     775       5.6623
     776       5.6928
     777       6.1385
     778       6.2545
     779       6.0418
     780       5.8011
     781       6.1658
     782       5.8346
     783       6.0529
     784       5.7585
     785       6.0453
     786       6.2525
     787       5.9460
     788       5.7884
     789       6.1651
     790       5.8488
     791       6.1684
     792       5.6606
     793       5.9641
     794       5.8250
     795       6.1491
     796       5.8434
     797       6.5325
     798       6.0242
     799       5.8346
     800       6.3243
     801       5.9897
     802       5.5812
     803       5.8430
     804       5.9664
     805       5.7610
     806       5.7863
     807       6.1829
     808       5.8271
     809       5.9502
     810       5.9081
     811       5.8425
     812       5.9060
     813       6.0054
     814       5.9281
     815       5.7466
     816       5.9082
     817       6.2941
     818       5.9593
     819       6.0078
     820       6.1031
     821       5.9490
     822       5.7763
     823       5.7551
     824       5.8673
     825       6.0122
     826       5.5579
     827       5.3443
     828       5.5103
     829       5.7972
     830       5.4850
     831       5.9768
     832       5.8416
     833       5.6552
     834       6.0524
     835       5.7108
     836       5.7422
     837       5.7556
     838       5.7497
     839       5.7429
     840       6.0159
     841       6.0506
     842       5.9503
     843       5.8908
     844       5.8983
     845       5.6520
     846       6.2099
     847       6.0056
     848       5.9530
     849       6.4493
     850       5.8908
     851       5.7423
     852       5.9591
     853       5.6960
     854       5.6168
     855       5.7939
     856       5.9966
     857       5.7383
     858       6.2078
     859       5.9996
     860       5.6316
     861       5.7258
     862       5.8996
     863       5.7691
     864       5.6294
     865       5.9969
     866       6.2098
     867       5.9657
     868       5.9049
     869       5.7582
     870       5.8084
     871       6.0099
     872       5.7625
     873       5.9499
     874       6.0828
     875       5.9772
     876       5.6520
     877       5.9420
     878       5.8637
     879       5.6837
     880       6.0361
     881       6.0715
     882       5.7375
     883       5.7821
     884       6.2616
     885       5.9402
     886       6.0513
     887       5.6087
     888       5.5758
     889       5.3981
     890       6.0959
     891       5.7401
     892       5.8740
     893       5.7126
     894       5.9971
     895       5.9995
     896       5.9706
     897       6.0776
     898       5.5231
     899       5.6277
     900       5.9062
     901       6.0669
     902       5.9837
     903       5.6564
     904       5.8283
     905       5.3754
     906       5.8585
     907       5.5936
     908       5.8363
     909       5.8775
     910       5.7784
     911       5.5338
     912       5.5359
     913       5.6162
     914       5.7242
     915       5.8439
     916       5.4490
     917       6.1394
     918       5.9658
     919       6.0793
     920       6.0001
     921       6.2245
     922       6.1736
     923       5.8947
     924       6.3574
     925       6.2379
     926       5.6680
     927       5.9628
     928       6.3559
     929       5.8579
     930       6.0929
     931       5.8736
     932       6.2829
     933       5.9757
     934       5.9081
     935       6.0027
     936       5.7691
     937       5.8264
     938       5.8066
     939       5.7665
     940       5.8006
     941       5.9963
     942       5.8719
     943       5.9322
     944       5.7595
     945       5.8344
     946       5.7617
     947       5.5122
     948       6.0298
     949       5.7978
     950       5.8310
     951       5.5457
     952       6.0321
     953       6.4163
     954       5.7691
     955       5.5404
     956       5.9104
     957       5.9026
     958       6.1399
     959       5.8437
     960       5.9339
     961       5.9432
     962       5.7450
     963       5.7286
     964       5.8154
     965       6.0681
     966       6.1371
     967       5.5917
     968       6.1504
     969       6.0763
     970       5.8171
     971       5.9468
     972       6.0378
     973       6.0642
     974       5.9750
     975       5.7746
     976       6.2307
     977       5.8459
     978       5.9482
     979       6.1128
     980       5.8655
     981       6.2782
     982       5.8562
     983       5.8576
     984       5.8975
     985       5.9577
     986       5.9322
     987       5.8841
     988       5.9591
     989       5.7308
     990       5.4630
     991       6.0680
     992       6.0944
     993       5.9501
     994       5.9747
     995       5.9319
     996       5.7847
     997       5.4172
     998       5.6643
     999       6.1149
    1000       6.1381
