#Frame     C45N-C133N
       1       8.0143
       2       7.8815
       3       7.6967
       4       7.4212
       5       7.6908
       6       7.4949
       7       7.7727
       8       7.3571
       9       8.0992
      10       7.2511
      11       7.8572
      12       7.4867
      13       7.4966
      14       7.5817
      15       8.0255
      16       7.8923
      17       8.0219
      18       7.7940
      19       7.6483
      20       7.7984
      21       7.6551
      22       7.6171
      23       7.6777
      24       8.0454
      25       7.6973
      26       7.7812
      27       8.0235
      28       7.8101
      29       7.9809
      30       7.9244
      31       7.9937
      32       7.9297
      33       8.0136
      34       7.9026
      35       7.9582
      36       8.2262
      37       8.2410
      38       7.9714
      39       8.1350
      40       7.7775
      41       7.9455
      42       8.2420
      43       7.8870
      44       7.8458
      45       8.0165
      46       7.9226
      47       7.9481
      48       7.7053
      49       7.6978
      50       7.7465
      51       8.0605
      52       7.9655
      53       7.9547
      54       7.8117
      55       8.4528
      56       7.9022
      57       7.9691
      58       8.0579
      59       7.9921
      60       7.7814
      61       7.7683
      62       7.7664
      63       7.5620
      64       7.9454
      65       8.1400
      66       7.8931
      67       8.0242
      68       8.1982
      69       8.2909
      70       7.9440
      71       7.7584
      72       7.9865
      73       8.0944
      74       8.1891
      75       7.7540
      76       7.8245
      77       8.2172
      78       8.3821
      79       7.9678
      80       8.1492
      81       7.9165
      82       8.0000
      83       7.9626
      84       7.7400
      85       8.1216
      86       8.0946
      87       8.0767
      88       7.9784
      89       8.1494
      90       7.9134
      91       7.7962
      92       7.8137
      93       8.2255
      94       8.0171
      95       7.6536
      96       8.2336
      97       7.5467
      98       8.0938
      99       7.6427
     100       7.7798
     101       7.9296
     102       7.7139
     103       7.8995
     104       7.8822
     105       7.6544
     106       8.0076
     107       7.7967
     108       7.9980
     109       8.0910
     110       7.6523
     111       7.8118
     112       7.9000
     113       8.1265
     114       8.1536
     115       8.0163
     116       6.2243
     117       8.0351
     118       7.9467
     119       7.9662
     120       7.8406
     121       8.1419
     122       7.7098
     123       7.7701
     124       7.7705
     125       7.5441
     126       7.9108
     127       7.6975
     128       7.5879
     129       7.6951
     130       8.4068
     131       7.5608
     132       8.0925
     133       8.1209
     134       7.9234
     135       8.0179
     136       7.9463
     137       8.2404
     138       8.1035
     139       7.4520
     140       7.6400
     141       7.9787
     142       8.2238
     143       7.8867
     144       7.6141
     145       8.2003
     146       7.9226
     147       7.7127
     148       7.8068
     149       7.8537
     150       8.0966
     151       8.0101
     152       7.9788
     153       8.0306
     154       8.1108
     155       8.1523
     156       7.8190
     157       8.0524
     158       7.7435
     159       7.8405
     160       7.7835
     161       8.2581
     162       8.0776
     163       8.0261
     164       7.9652
     165       7.9622
     166       7.8309
     167       7.9248
     168       8.1053
     169       8.0843
     170       7.7902
     171       7.9543
     172       8.3567
     173       7.8041
     174       7.5203
     175       8.0112
     176       8.2247
     177       7.9943
     178       7.9453
     179       8.0497
     180       8.0225
     181       7.8457
     182       7.8718
     183       7.7043
     184       7.6701
     185       7.8541
     186       7.7776
     187       7.7369
     188       8.1556
     189       8.1336
     190       7.8875
     191       8.0931
     192       7.7267
     193       7.7727
     194       8.1959
     195       7.9833
     196       7.8878
     197       7.9823
     198       7.9347
     199       8.1902
     200       8.3677
     201       7.9972
     202       7.7744
     203       8.1764
     204       7.9950
     205       8.0221
     206       7.5741
     207       8.1626
     208       7.8138
     209       7.9688
     210       7.8629
     211       8.2004
     212       7.7736
     213       7.7347
     214       7.8086
     215       7.6538
     216       7.8995
     217       7.9615
     218       7.8402
     219       7.9443
     220       8.1010
     221       8.1222
     222       7.5457
     223       7.8095
     224       7.9509
     225       7.7712
     226       8.3292
     227       7.7186
     228       7.6058
     229       7.9216
     230       8.1399
     231       8.2835
     232       7.6789
     233       8.0736
     234       8.0178
     235       7.5442
     236       7.6483
     237       8.1818
     238       7.5657
     239       7.9652
     240       7.8710
     241       7.9448
     242       7.8369
     243       7.9932
     244       8.0712
     245       7.6032
     246       7.6000
     247       7.5141
     248       8.0022
     249       8.0478
     250       7.8362
     251       7.7463
     252       8.1728
     253       8.1254
     254       8.0760
     255       7.5379
     256       7.6656
     257       7.9034
     258       8.0712
     259       7.6983
     260       7.7309
     261       7.7140
     262       6.0383
     263       8.0237
     264       7.8968
     265       8.0297
     266       8.0529
     267       8.0877
     268       7.8029
     269       7.8346
     270       8.0165
     271       7.9373
     272       8.2509
     273       8.0012
     274       7.7996
     275       8.0242
     276       7.5562
     277       8.1193
     278       8.0801
     279       7.7204
     280       7.5532
     281       7.7999
     282       7.6716
     283       7.8453
     284       7.5318
     285       8.1358
     286       7.9237
     287       7.9077
     288       7.9495
     289       8.1718
     290       7.6749
     291       8.0440
     292       7.8050
     293       7.9828
     294       7.6905
     295       7.9334
     296       7.5809
     297       8.1919
     298       8.0354
     299       7.7579
     300       8.0436
     301       7.7506
     302       8.1375
     303       8.0548
     304       7.9052
     305       8.1889
     306       8.0398
     307       7.7967
     308       7.9365
     309       8.0227
     310       7.9210
     311       7.7382
     312       7.9760
     313       7.8375
     314       7.8005
     315       8.0591
     316       7.8497
     317       7.7569
     318       7.7577
     319       7.7364
     320       7.9281
     321       7.8988
     322       7.9491
     323       7.9726
     324       7.8610
     325       7.6247
     326       7.9188
     327       8.0016
     328       8.0746
     329       7.8402
     330       7.8137
     331       7.6505
     332       8.0302
     333       8.0541
     334       7.9552
     335       7.7700
     336       7.7201
     337       7.8440
     338       8.0446
     339       7.8909
     340       7.6531
     341       8.1828
     342       8.0376
     343       7.8220
     344       7.8833
     345       7.6579
     346       8.1475
     347       8.0021
     348       7.7400
     349       7.9255
     350       8.1640
     351       7.8454
     352       8.3274
     353       8.0116
     354       8.2920
     355       7.8832
     356       8.2975
     357       7.9062
     358       8.2576
     359       8.2886
     360       7.7829
     361       7.9774
     362       8.1704
     363       7.8321
     364       8.3515
     365       8.0366
     366       7.6178
     367       7.7846
     368       7.6793
     369       7.9928
     370       7.8292
     371       8.1573
     372       7.9950
     373       7.9424
     374       7.9915
     375       8.1760
     376       7.5434
     377       8.0261
     378       7.7816
     379       8.1149
     380       7.9347
     381       7.8240
     382       7.8215
     383       7.9535
     384       7.9864
     385       8.1407
     386       7.8568
     387       7.6906
     388       7.8520
     389       7.8771
     390       8.1297
     391       8.1181
     392       7.9570
     393       7.8383
     394       7.7991
     395       7.8707
     396       8.2460
     397       7.9699
     398       7.7263
     399       7.9753
     400       8.3134
     401       8.0459
     402       7.8777
     403       7.6485
     404       7.8408
     405       7.8873
     406       8.2387
     407       7.6447
     408       7.6770
     409       7.8529
     410       7.8732
     411       8.1901
     412       7.8881
     413       7.9635
     414       7.6058
     415       7.6631
     416       7.4297
     417       8.2511
     418       7.6540
     419       7.8889
     420       7.7144
     421       7.8155
     422       7.7593
     423       7.4465
     424       7.7947
     425       7.8660
     426       8.0218
     427       8.0797
     428       8.2007
     429       8.1691
     430       7.7747
     431       7.7430
     432       7.9583
     433       7.7233
     434       8.2011
     435       7.7977
     436       7.8858
     437       7.6616
     438       7.9920
     439       7.7442
     440       8.1879
     441       8.0159
     442       8.0121
     443       7.9296
     444       8.0998
     445       8.0000
     446       7.9234
     447       7.8465
     448       7.8180
     449       7.9231
     450       8.2829
     451       8.1510
     452       7.9645
     453       8.0068
     454       7.5149
     455       7.8924
     456       8.2990
     457       8.1669
     458       8.0937
     459       8.1500
     460       7.9818
     461       8.1888
     462       7.2858
     463       7.8432
     464       8.0814
     465       8.0046
     466       7.9245
     467       8.1308
     468       7.8327
     469       7.9205
     470       7.7734
     471       7.6630
     472       8.2880
     473       8.0048
     474       8.1077
     475       7.9932
     476       8.0088
     477       7.7749
     478       8.2730
     479       7.5191
     480       7.7982
     481       7.8522
     482       7.8532
     483       7.9009
     484       7.7572
     485       7.6544
     486       7.5588
     487       8.3153
     488       7.4704
     489       8.4851
     490       7.9763
     491       7.6516
     492       7.8036
     493       7.7121
     494       7.9242
     495       7.9487
     496       8.2931
     497       8.1040
     498       7.8710
     499       8.0412
     500       7.8669
     501       7.9643
     502       7.8966
     503       8.0174
     504       7.7231
     505       8.1149
     506       7.9352
     507       7.9094
     508       8.1750
     509       7.9542
     510       8.3516
     511       8.3852
     512       7.7430
     513       8.0278
     514       8.1039
     515       7.8036
     516       8.2348
     517       8.2189
     518       8.3892
     519       8.0548
     520       7.7959
     521       8.2772
     522       7.6974
     523       7.7874
     524       7.6955
     525       8.2733
     526       8.0161
     527       7.8429
     528       8.1187
     529       7.8152
     530       8.0411
     531       8.0518
     532       8.4026
     533       7.8792
     534       8.1207
     535       8.0665
     536       7.7439
     537       7.7342
     538       7.7928
     539       8.0655
     540       7.9076
     541       8.2060
     542       8.1648
     543       7.9316
     544       7.7551
     545       7.8697
     546       7.9828
     547       7.9862
     548       7.9297
     549       7.7694
     550       8.0960
     551       7.8736
     552       7.8388
     553       7.9169
     554       7.7937
     555       7.9344
     556       7.7758
     557       8.3120
     558       7.6693
     559       7.9134
     560       7.8947
     561       7.7436
     562       8.1824
     563       7.8768
     564       7.9060
     565       8.1626
     566       7.7979
     567       8.1307
     568       6.1015
     569       8.1271
     570       7.8863
     571       8.0377
     572       7.7986
     573       8.0288
     574       7.9869
     575       7.9107
     576       7.5376
     577       8.1437
     578       8.1084
     579       8.0651
     580       7.6534
     581       7.9496
     582       7.8285
     583       7.9520
     584       7.9293
     585       7.7183
     586       7.8156
     587       8.0825
     588       7.6132
     589       8.1072
     590       8.0460
     591       8.1072
     592       7.7636
     593       7.8972
     594       8.1501
     595       7.8967
     596       7.8922
     597       8.0188
     598       7.8904
     599       8.1277
     600       7.9268
     601       7.6685
     602       8.0600
     603       7.9239
     604       7.7835
     605       7.9441
     606       8.1009
     607       8.3993
     608       7.8038
     609       8.1154
     610       8.2093
     611       7.5714
     612       7.9754
     613       7.7515
     614       8.1648
     615       7.8804
     616       8.0941
     617       7.8385
     618       7.4850
     619       7.6621
     620       7.7859
     621       7.8796
     622       8.0106
     623       7.7360
     624       7.8934
     625       7.6940
     626       7.7033
     627       7.8875
     628       7.9025
     629       7.5454
     630       7.4934
     631       8.0820
     632       7.6808
     633       7.6285
     634       8.2369
     635       7.8295
     636       7.8993
     637       8.1750
     638       8.0334
     639       8.2409
     640       8.0838
     641       7.7127
     642       8.2406
     643       7.9688
     644       7.6416
     645       7.8621
     646       7.7690
     647       8.0334
     648       7.8185
     649       7.7473
     650       8.0033
     651       7.7397
     652       7.9612
     653       8.0069
     654       7.8152
     655       7.8577
     656       8.0139
     657       8.0154
     658       7.8195
     659       7.9465
     660       7.8569
     661       8.0760
     662       7.7937
     663       8.0225
     664       8.1112
     665       8.2836
     666       8.1317
     667       7.9232
     668       8.0308
     669       7.7677
     670       8.0710
     671       7.8929
     672       7.9619
     673       8.0819
     674       7.8098
     675       8.1429
     676       7.9865
     677       7.8558
     678       8.2761
     679       7.8126
     680       8.0103
     681       8.3218
     682       7.5916
     683       7.8154
     684       8.0209
     685       8.2380
     686       8.3738
     687       8.0270
     688       8.1896
     689       8.1574
     690       7.8369
     691       7.5453
     692       8.1227
     693       7.8110
     694       7.7389
     695       7.9603
     696       7.8922
     697       7.9494
     698       8.0480
     699       7.7793
     700       7.9578
     701       7.7809
     702       8.3171
     703       8.0645
     704       7.9133
     705       8.1590
     706       8.2042
     707       7.9848
     708       7.9484
     709       7.6952
     710       7.9672
     711       7.7560
     712       7.9900
     713       7.9964
     714       7.9525
     715       7.7372
     716       7.8295
     717       7.9595
     718       8.0680
     719       7.8578
     720       7.8426
     721       8.1823
     722       7.6837
     723       7.7457
     724       8.0803
     725       8.0411
     726       7.8612
     727       8.0247
     728       7.9090
     729       7.4735
     730       7.8385
     731       7.5792
     732       8.0760
     733       7.8421
     734       8.1612
     735       7.8241
     736       7.7384
     737       8.2244
     738       7.8367
     739       7.7987
     740       7.8842
     741       7.9206
     742       7.7910
     743       7.9980
     744       8.1113
     745       7.9181
     746       7.9035
     747       8.1439
     748       7.8661
     749       8.1628
     750       8.0468
     751       8.0844
     752       7.7136
     753       7.7111
     754       7.7151
     755       8.1410
     756       7.9180
     757       8.1168
     758       8.0075
     759       7.8771
     760       7.6132
     761       7.9087
     762       7.6651
     763       7.5620
     764       7.8426
     765       8.3193
     766       7.9196
     767       8.0439
     768       7.7471
     769       7.5269
     770       8.2061
     771       8.3268
     772       8.0839
     773       8.2719
     774       8.2574
     775       7.8743
     776       7.7917
     777       8.2281
     778       8.2685
     779       7.9554
     780       7.7693
     781       8.0578
     782       8.0714
     783       8.1616
     784       7.9155
     785       8.0727
     786       8.4058
     787       8.1369
     788       7.9089
     789       8.1833
     790       7.9196
     791       8.1531
     792       7.8103
     793       7.6846
     794       7.9759
     795       8.2227
     796       7.6943
     797       8.5037
     798       7.9821
     799       7.8582
     800       8.2635
     801       8.1145
     802       7.6691
     803       8.0150
     804       8.0159
     805       7.9349
     806       7.9887
     807       8.2387
     808       8.0672
     809       7.9479
     810       7.7941
     811       7.7892
     812       8.1548
     813       8.0501
     814       7.8874
     815       7.8962
     816       7.8511
     817       8.2693
     818       8.1448
     819       8.0579
     820       8.1830
     821       7.9733
     822       7.8703
     823       7.8688
     824       7.9136
     825       7.9666
     826       7.6603
     827       7.4088
     828       7.2987
     829       7.9211
     830       7.4379
     831       7.9876
     832       8.0964
     833       7.7774
     834       8.0202
     835       7.8451
     836       7.6908
     837       7.7443
     838       7.7242
     839       7.7706
     840       8.0717
     841       8.0833
     842       7.8787
     843       8.0130
     844       7.9354
     845       7.7538
     846       8.3361
     847       8.2586
     848       8.1647
     849       8.5625
     850       7.9605
     851       7.7426
     852       8.0270
     853       7.8564
     854       7.7582
     855       7.7162
     856       7.9607
     857       7.7664
     858       8.2476
     859       8.0776
     860       7.7997
     861       7.8014
     862       8.1450
     863       7.9544
     864       7.9615
     865       8.1445
     866       8.4448
     867       7.9613
     868       7.9952
     869       7.8798
     870       7.8175
     871       8.0718
     872       7.9643
     873       7.9001
     874       8.1915
     875       8.2042
     876       7.7445
     877       8.0816
     878       7.9881
     879       7.7536
     880       7.8762
     881       8.2038
     882       7.8663
     883       7.7305
     884       8.2445
     885       7.9792
     886       8.2564
     887       7.7770
     888       7.7564
     889       7.7049
     890       8.2899
     891       7.8846
     892       8.0421
     893       7.7336
     894       7.9171
     895       8.1653
     896       8.1123
     897       8.0727
     898       7.8429
     899       7.7726
     900       7.9371
     901       8.0117
     902       8.1241
     903       8.0444
     904       7.9683
     905       7.5937
     906       7.9553
     907       7.8444
     908       7.8415
     909       8.0796
     910       7.9866
     911       7.9106
     912       7.7929
     913       7.8132
     914       7.7823
     915       8.0263
     916       7.6225
     917       8.2037
     918       8.0469
     919       8.3825
     920       8.1080
     921       8.2061
     922       8.0807
     923       7.9816
     924       8.3896
     925       8.0783
     926       7.7264
     927       8.0370
     928       8.2339
     929       7.8516
     930       8.0207
     931       7.9148
     932       8.2886
     933       8.1060
     934       7.9577
     935       7.9956
     936       7.9239
     937       7.9980
     938       7.7602
     939       7.6965
     940       7.8545
     941       8.1481
     942       7.9730
     943       7.9913
     944       7.8355
     945       7.8771
     946       7.8189
     947       7.6242
     948       8.0128
     949       7.8322
     950       7.9467
     951       7.5338
     952       8.1075
     953       8.4444
     954       7.8090
     955       7.6734
     956       7.9548
     957       8.1707
     958       8.0072
     959       7.8233
     960       8.0184
     961       8.0836
     962       7.7836
     963       7.9536
     964       7.7976
     965       8.0574
     966       8.0838
     967       7.6549
     968       8.1101
     969       8.0788
     970       8.1142
     971       7.9330
     972       8.0819
     973       8.3059
     974       8.0017
     975       7.9944
     976       8.3088
     977       7.8274
     978       8.0904
     979       8.1506
     980       7.9459
     981       8.2789
     982       7.8388
     983       7.9111
     984       7.9350
     985       8.0844
     986       8.0585
     987       8.0470
     988       8.1190
     989       7.9315
     990       7.6621
     991       8.0624
     992       8.0883
     993       8.0745
     994       8.1159
     995       7.9125
     996       7.9112
     997       7.5301
     998       7.7248
     999       8.1942
    1000       7.9833
