#Frame       C45-C133
       1       2.0108
       2       1.9672
       3       2.0215
       4       2.0121
       5       2.0402
       6       2.0762
       7       2.0335
       8       2.0291
       9       2.0513
      10       2.0059
      11       2.0265
      12       1.9726
      13       2.0655
      14       2.0285
      15       2.0511
      16       2.1182
      17       2.0634
      18       2.0502
      19       2.0922
      20       1.9801
      21       2.0000
      22       2.0176
      23       2.0485
      24       2.0279
      25       1.9605
      26       2.0748
      27       2.0049
      28       1.9871
      29       2.0337
      30       1.9853
      31       2.0250
      32       2.0146
      33       2.0332
      34       1.9206
      35       2.1104
      36       2.0417
      37       1.9759
      38       2.0019
      39       2.0237
      40       1.9854
      41       2.0309
      42       2.0729
      43       2.0437
      44       2.0850
      45       2.0029
      46       2.0213
      47       2.0357
      48       2.0575
      49       1.9981
      50       2.0425
      51       2.0271
      52       2.0095
      53       2.0735
      54       2.0128
      55       2.1466
      56       2.1255
      57       2.0432
      58       2.0655
      59       2.0216
      60       1.9992
      61       2.0252
      62       2.0457
      63       2.0977
      64       2.0873
      65       2.0033
      66       2.0623
      67       2.0788
      68       2.0849
      69       2.1515
      70       2.0182
      71       2.0889
      72       2.0160
      73       2.1161
      74       2.0841
      75       2.0750
      76       2.0847
      77       2.0305
      78       2.0437
      79       2.0574
      80       2.0273
      81       2.0240
      82       1.9456
      83       2.0326
      84       1.9776
      85       2.0474
      86       2.0366
      87       2.0396
      88       2.0758
      89       2.0397
      90       2.0400
      91       2.0797
      92       2.0532
      93       2.0260
      94       2.0781
      95       1.9465
      96       2.0535
      97       2.0425
      98       2.0337
      99       1.9418
     100       1.9390
     101       2.0857
     102       2.0566
     103       2.0549
     104       2.1030
     105       2.0077
     106       2.0295
     107       2.0171
     108       1.9448
     109       2.0167
     110       2.0309
     111       2.0663
     112       2.0424
     113       2.0257
     114       1.9640
     115       1.9780
     116       2.0399
     117       2.0408
     118       2.1184
     119       1.9987
     120       2.0853
     121       1.9757
     122       2.0247
     123       2.0585
     124       1.9959
     125       2.0475
     126       1.9989
     127       2.0482
     128       1.9912
     129       2.0831
     130       2.0065
     131       1.9248
     132       2.0776
     133       2.0306
     134       2.0521
     135       2.0093
     136       2.0360
     137       2.1216
     138       2.0583
     139       1.9983
     140       2.0116
     141       2.0543
     142       1.9927
     143       2.0447
     144       2.0282
     145       2.0034
     146       2.1466
     147       1.9881
     148       1.9773
     149       1.9782
     150       2.0212
     151       2.0454
     152       2.0253
     153       2.0542
     154       1.9998
     155       2.0160
     156       2.0705
     157       1.9991
     158       2.0423
     159       2.0314
     160       1.9628
     161       2.0271
     162       1.9907
     163       2.0704
     164       2.0406
     165       1.9786
     166       2.0452
     167       2.0791
     168       1.9851
     169       1.9927
     170       2.0483
     171       1.9831
     172       2.0836
     173       2.0715
     174       1.9896
     175       2.0131
     176       2.0146
     177       1.9738
     178       2.0308
     179       2.0745
     180       2.0038
     181       2.1324
     182       2.0504
     183       2.0144
     184       1.9658
     185       2.0171
     186       2.0690
     187       2.0849
     188       1.9956
     189       1.9924
     190       2.0427
     191       1.9988
     192       1.8981
     193       2.0266
     194       2.0834
     195       1.9438
     196       2.0646
     197       2.0681
     198       2.0273
     199       2.0765
     200       2.0296
     201       1.9838
     202       2.0392
     203       2.0591
     204       1.9917
     205       2.1236
     206       1.9658
     207       1.9992
     208       2.0578
     209       2.0282
     210       2.0730
     211       1.9958
     212       2.1228
     213       2.0728
     214       1.9772
     215       2.0442
     216       2.1000
     217       2.0275
     218       2.0396
     219       2.0402
     220       2.0330
     221       2.0064
     222       2.0551
     223       1.9665
     224       2.0804
     225       2.0354
     226       2.1068
     227       1.9733
     228       1.9669
     229       2.0411
     230       1.9941
     231       2.0700
     232       2.0488
     233       2.0442
     234       2.0411
     235       2.0948
     236       2.1254
     237       2.0681
     238       2.0668
     239       2.0820
     240       2.0486
     241       2.0584
     242       2.0605
     243       2.0414
     244       2.0588
     245       2.0652
     246       1.9816
     247       2.1126
     248       1.9735
     249       1.9555
     250       2.0911
     251       2.0944
     252       2.0749
     253       2.0750
     254       2.0680
     255       2.0925
     256       2.0560
     257       1.9626
     258       2.0841
     259       2.0515
     260       2.0285
     261       1.9492
     262       2.0569
     263       2.0082
     264       2.0910
     265       1.9742
     266       1.9620
     267       1.9975
     268       2.0566
     269       2.0482
     270       2.0781
     271       2.0245
     272       2.0364
     273       2.0032
     274       1.9774
     275       2.0213
     276       2.0020
     277       2.0999
     278       2.0003
     279       1.9915
     280       2.0344
     281       2.0002
     282       1.9786
     283       2.0918
     284       1.9841
     285       2.0435
     286       2.0262
     287       2.0779
     288       2.0521
     289       2.0171
     290       2.0407
     291       2.0684
     292       2.0846
     293       2.0549
     294       2.0628
     295       2.0200
     296       2.0139
     297       2.0183
     298       2.0065
     299       1.9790
     300       2.0417
     301       2.1079
     302       2.0981
     303       2.0428
     304       2.0597
     305       2.0082
     306       2.0951
     307       2.0537
     308       2.1162
     309       2.0938
     310       2.0099
     311       2.0921
     312       2.0564
     313       2.0183
     314       2.0080
     315       2.1098
     316       1.9711
     317       1.9114
     318       2.0779
     319       2.0368
     320       2.0166
     321       2.0169
     322       2.0375
     323       2.0539
     324       2.0420
     325       2.0157
     326       2.0047
     327       2.0501
     328       2.0522
     329       2.0720
     330       2.0854
     331       2.0536
     332       2.1123
     333       2.0691
     334       1.9925
     335       2.0168
     336       2.0496
     337       2.0632
     338       2.0224
     339       2.0505
     340       2.0253
     341       2.0475
     342       2.0980
     343       1.9622
     344       1.9377
     345       2.0619
     346       2.0249
     347       2.0188
     348       1.9831
     349       1.9904
     350       2.0890
     351       1.9954
     352       2.0266
     353       1.9990
     354       1.9920
     355       2.0537
     356       2.0057
     357       2.0603
     358       2.1239
     359       2.0064
     360       2.0101
     361       2.0106
     362       2.1156
     363       2.0449
     364       2.1124
     365       2.0346
     366       2.0105
     367       2.1015
     368       2.0285
     369       1.9662
     370       1.9547
     371       2.0321
     372       2.0377
     373       1.9568
     374       2.0815
     375       2.0873
     376       1.9938
     377       2.0468
     378       1.9682
     379       1.9525
     380       1.9868
     381       1.9737
     382       2.0816
     383       2.0269
     384       2.0189
     385       1.9561
     386       2.0386
     387       2.0732
     388       2.0313
     389       2.0561
     390       2.0339
     391       2.0186
     392       2.0428
     393       2.0472
     394       1.9686
     395       2.0888
     396       2.0516
     397       2.0871
     398       2.0004
     399       2.0077
     400       2.0560
     401       2.1118
     402       2.0033
     403       2.0000
     404       1.9587
     405       1.9680
     406       2.0071
     407       1.9689
     408       2.0350
     409       2.0987
     410       2.0153
     411       2.1029
     412       1.9606
     413       2.0025
     414       1.9994
     415       2.0411
     416       2.0615
     417       1.9919
     418       2.0051
     419       1.9473
     420       1.9083
     421       2.0391
     422       1.9894
     423       2.0089
     424       2.0087
     425       2.0273
     426       1.9636
     427       1.9934
     428       2.1448
     429       2.0269
     430       1.9987
     431       2.0664
     432       2.0030
     433       1.9937
     434       1.9913
     435       2.0228
     436       2.0358
     437       2.0450
     438       2.0003
     439       2.0905
     440       1.9973
     441       2.0648
     442       2.1061
     443       2.0236
     444       2.0276
     445       2.0612
     446       2.0684
     447       1.9492
     448       2.0777
     449       1.9425
     450       1.9960
     451       2.0722
     452       2.1047
     453       2.0543
     454       1.9981
     455       1.9838
     456       1.9935
     457       1.9474
     458       2.0346
     459       2.0271
     460       2.0110
     461       2.0575
     462       1.9988
     463       1.9657
     464       1.9946
     465       2.0701
     466       1.9957
     467       2.0011
     468       1.9495
     469       2.0692
     470       2.0095
     471       1.9674
     472       2.0352
     473       2.0757
     474       2.0738
     475       1.9404
     476       2.0058
     477       2.0978
     478       2.0438
     479       1.9632
     480       1.9926
     481       2.0096
     482       2.0249
     483       1.9663
     484       2.0090
     485       2.0043
     486       2.0142
     487       2.0364
     488       1.9857
     489       2.0410
     490       2.0409
     491       2.0675
     492       1.9928
     493       1.9139
     494       1.9754
     495       2.0800
     496       2.1335
     497       1.9650
     498       2.0493
     499       1.9754
     500       2.0343
     501       1.9954
     502       1.9674
     503       2.0646
     504       2.0023
     505       2.0165
     506       2.0131
     507       2.0115
     508       1.9865
     509       2.0517
     510       1.9616
     511       2.0484
     512       1.9721
     513       2.0788
     514       1.9989
     515       2.0248
     516       1.9856
     517       2.1317
     518       2.0984
     519       2.0338
     520       1.9764
     521       2.0340
     522       2.0724
     523       2.0526
     524       2.0161
     525       2.0682
     526       2.0535
     527       2.0165
     528       2.0650
     529       2.0536
     530       2.0328
     531       1.9994
     532       2.0197
     533       2.0360
     534       2.0365
     535       1.9717
     536       2.1187
     537       2.0324
     538       2.0396
     539       2.0721
     540       1.9521
     541       2.0649
     542       2.0768
     543       1.9744
     544       2.0249
     545       1.9575
     546       2.0168
     547       2.0259
     548       2.0333
     549       2.0299
     550       2.0193
     551       2.0748
     552       2.0419
     553       2.1253
     554       2.0836
     555       2.0150
     556       1.9609
     557       2.0279
     558       2.0549
     559       2.0520
     560       2.0273
     561       2.0414
     562       1.9874
     563       2.1112
     564       2.0258
     565       2.0116
     566       2.0665
     567       2.1014
     568       2.0139
     569       1.9820
     570       2.0032
     571       2.0302
     572       2.0072
     573       2.0725
     574       2.0618
     575       1.9972
     576       2.0459
     577       2.1146
     578       2.0411
     579       2.0470
     580       2.0166
     581       2.1428
     582       2.0051
     583       2.0344
     584       2.0499
     585       1.9474
     586       2.0336
     587       1.9993
     588       2.0053
     589       2.0018
     590       1.9553
     591       2.0146
     592       2.0223
     593       1.9971
     594       2.0325
     595       2.0159
     596       2.0240
     597       1.9830
     598       2.0110
     599       1.9941
     600       2.0076
     601       2.0601
     602       1.9784
     603       2.0437
     604       2.0645
     605       2.0059
     606       2.0494
     607       1.9972
     608       1.9843
     609       2.0986
     610       1.9680
     611       2.0340
     612       2.0259
     613       2.0140
     614       2.0070
     615       2.0101
     616       2.0023
     617       1.9617
     618       1.9759
     619       1.9947
     620       2.0354
     621       2.0054
     622       2.0922
     623       2.0758
     624       2.0057
     625       2.0064
     626       2.0562
     627       2.0670
     628       2.0954
     629       2.0214
     630       2.0737
     631       2.0289
     632       2.0687
     633       2.0541
     634       2.0762
     635       2.0738
     636       2.0809
     637       2.0627
     638       2.0820
     639       2.0190
     640       1.9931
     641       2.0659
     642       1.9842
     643       2.0933
     644       2.0188
     645       1.9652
     646       2.0829
     647       2.0784
     648       2.0288
     649       2.0761
     650       1.9828
     651       2.0165
     652       2.0186
     653       2.0171
     654       1.9820
     655       1.9972
     656       2.0815
     657       2.0810
     658       1.9953
     659       2.0366
     660       2.0068
     661       2.1139
     662       1.9875
     663       2.0128
     664       1.9693
     665       2.0427
     666       2.0566
     667       1.9904
     668       2.0121
     669       1.9325
     670       2.0693
     671       2.0602
     672       1.9913
     673       2.0528
     674       2.0305
     675       2.0093
     676       2.0344
     677       2.0348
     678       2.0232
     679       2.0228
     680       2.0005
     681       2.0693
     682       2.0389
     683       2.0002
     684       2.0945
     685       1.9909
     686       1.9776
     687       2.0330
     688       2.0285
     689       2.0605
     690       2.0676
     691       1.9776
     692       2.0308
     693       2.0243
     694       2.0802
     695       2.0554
     696       2.0161
     697       1.9814
     698       2.0318
     699       2.0007
     700       2.0359
     701       2.0243
     702       2.0382
     703       2.0107
     704       2.0809
     705       2.0209
     706       1.9843
     707       1.9909
     708       2.0220
     709       1.9209
     710       2.0036
     711       2.0402
     712       1.9547
     713       2.0581
     714       2.1005
     715       2.0290
     716       2.0671
     717       2.0435
     718       2.0481
     719       2.0756
     720       1.9943
     721       2.0274
     722       2.0365
     723       2.0130
     724       2.0451
     725       1.9971
     726       2.0035
     727       2.0761
     728       2.0239
     729       1.9555
     730       2.0133
     731       1.9928
     732       2.0449
     733       2.0248
     734       2.0794
     735       2.0482
     736       2.0373
     737       1.9879
     738       2.1192
     739       2.0046
     740       2.0229
     741       2.0011
     742       2.0314
     743       2.0161
     744       2.0059
     745       1.9493
     746       2.0019
     747       2.0183
     748       2.0042
     749       2.0111
     750       1.9899
     751       2.0305
     752       2.0337
     753       2.0298
     754       2.0672
     755       2.0014
     756       1.9861
     757       2.0581
     758       1.9959
     759       1.9817
     760       1.9901
     761       2.0683
     762       2.0003
     763       2.0932
     764       1.9712
     765       2.0772
     766       2.0419
     767       2.0209
     768       2.0841
     769       1.9858
     770       2.0217
     771       2.0216
     772       1.9900
     773       2.1210
     774       2.0359
     775       2.0519
     776       2.0035
     777       2.0438
     778       2.0601
     779       1.9936
     780       2.0499
     781       2.1740
     782       1.9807
     783       2.0398
     784       2.0337
     785       1.9764
     786       2.0985
     787       2.0376
     788       2.0549
     789       2.0755
     790       2.0466
     791       2.0823
     792       2.0472
     793       2.0742
     794       1.9715
     795       2.0296
     796       2.0075
     797       2.0960
     798       2.0715
     799       2.0370
     800       2.0895
     801       2.0258
     802       2.0129
     803       2.0579
     804       2.0675
     805       1.9720
     806       1.9967
     807       2.0162
     808       2.0855
     809       1.9973
     810       2.0332
     811       2.0419
     812       2.0028
     813       1.9642
     814       2.0355
     815       2.0223
     816       2.1213
     817       2.0124
     818       2.0597
     819       2.0572
     820       2.0344
     821       2.0036
     822       2.0470
     823       1.9533
     824       2.0030
     825       2.0604
     826       2.0232
     827       2.0298
     828       2.0189
     829       2.0206
     830       2.0090
     831       2.0310
     832       2.0214
     833       2.0786
     834       2.0182
     835       2.0082
     836       1.9616
     837       1.9903
     838       2.0459
     839       2.0633
     840       1.9646
     841       2.0134
     842       2.0720
     843       2.0503
     844       2.0092
     845       2.0381
     846       2.0977
     847       2.0694
     848       2.0857
     849       2.0442
     850       2.0152
     851       2.0119
     852       1.9422
     853       2.0667
     854       2.0641
     855       1.9615
     856       2.0506
     857       2.0065
     858       2.0510
     859       2.0067
     860       2.0777
     861       2.0506
     862       2.0816
     863       2.0432
     864       2.0900
     865       2.0464
     866       2.0055
     867       1.9802
     868       2.0640
     869       2.0061
     870       2.0739
     871       2.0606
     872       2.0198
     873       2.0209
     874       2.0088
     875       2.0569
     876       2.0041
     877       2.0476
     878       1.9941
     879       1.9843
     880       2.0146
     881       2.0504
     882       1.9956
     883       2.0251
     884       2.0649
     885       2.0914
     886       1.9979
     887       2.0399
     888       1.9108
     889       2.0075
     890       2.0734
     891       1.9506
     892       2.0320
     893       1.9694
     894       1.9815
     895       2.0474
     896       1.9783
     897       1.9888
     898       2.0725
     899       2.0836
     900       2.1166
     901       1.9917
     902       2.1106
     903       2.0490
     904       2.0040
     905       2.0732
     906       2.0617
     907       2.0200
     908       2.0456
     909       2.1089
     910       2.1226
     911       2.0448
     912       2.0207
     913       2.0381
     914       1.9857
     915       2.0029
     916       1.9842
     917       2.1212
     918       2.0444
     919       2.1040
     920       1.9862
     921       2.1048
     922       2.0607
     923       2.0243
     924       2.0771
     925       1.9904
     926       2.0642
     927       2.0916
     928       2.0792
     929       2.0641
     930       2.0599
     931       2.0810
     932       2.0967
     933       2.0527
     934       2.0959
     935       2.1154
     936       2.0119
     937       2.0499
     938       1.9756
     939       2.0702
     940       1.9997
     941       2.0906
     942       1.9798
     943       2.0013
     944       2.0337
     945       1.9852
     946       2.0896
     947       1.9934
     948       2.0166
     949       1.9940
     950       2.0111
     951       2.0194
     952       1.9706
     953       2.0360
     954       2.0586
     955       2.0506
     956       2.0172
     957       2.0976
     958       2.0272
     959       2.0975
     960       2.0601
     961       2.0387
     962       1.9273
     963       2.0107
     964       2.0016
     965       2.0547
     966       2.0383
     967       2.0469
     968       2.0779
     969       2.0822
     970       2.0510
     971       2.0554
     972       2.0526
     973       1.9671
     974       2.0082
     975       1.9923
     976       2.0848
     977       2.1181
     978       2.0350
     979       2.0438
     980       2.0546
     981       2.0368
     982       2.0603
     983       1.9993
     984       2.0581
     985       2.0570
     986       1.9921
     987       2.1390
     988       2.0246
     989       2.0424
     990       2.0058
     991       2.0784
     992       2.0136
     993       2.0182
     994       2.0376
     995       1.9957
     996       2.0125
     997       1.9690
     998       2.0051
     999       2.0023
    1000       2.0391
