#Frame   M2-E175-Oe_M1-W184-He1
       1                 8.5652
       2                 7.1805
       3                 8.3313
       4                 8.1038
       5                 9.5477
       6                 8.3504
       7                 8.2667
       8                 7.8565
       9                 8.5405
      10                 8.5856
      11                 8.9183
      12                 8.3318
      13                 8.1129
      14                 9.6309
      15                 8.3453
      16                 7.8601
      17                 9.7592
      18                 9.1031
      19                 8.2109
      20                 8.3013
      21                 8.9859
      22                 9.0919
      23                 8.8832
      24                 8.6002
      25                 7.9596
      26                 8.5047
      27                 8.0547
      28                 9.0023
      29                 8.9793
      30                 8.3010
      31                 7.8747
      32                 9.3413
      33                 7.9100
      34                 8.2576
      35                 7.6252
      36                 8.8596
      37                 8.9469
      38                 8.1504
      39                 9.2907
      40                 9.3445
      41                 9.1773
      42                 8.7177
      43                 8.0675
      44                 8.2442
      45                 9.0786
      46                 8.1566
      47                 9.0031
      48                 9.1412
      49                 8.7641
      50                 8.7592
      51                 7.9820
      52                 8.3098
      53                 8.3868
      54                 8.4860
      55                 8.4480
      56                 8.5277
      57                 8.5192
      58                 9.3081
      59                 8.9895
      60                 7.2947
      61                 8.9221
      62                 9.2218
      63                 8.2231
      64                 7.7540
      65                 8.3439
      66                 8.7826
      67                 8.1034
      68                 9.3956
      69                 8.4523
      70                 9.2313
      71                 8.6965
      72                 8.6914
      73                 8.6015
      74                 7.7271
      75                 8.4187
      76                 8.2637
      77                 9.0579
      78                 8.3612
      79                 9.2068
      80                 8.3672
      81                 7.6796
      82                 7.9161
      83                 9.4463
      84                 7.4108
      85                 8.7285
      86                 9.3244
      87                 8.2386
      88                 8.9648
      89                 8.6435
      90                 7.4282
      91                 8.9491
      92                 8.1609
      93                 7.9506
      94                 8.0630
      95                 8.5820
      96                 9.0197
      97                 8.4671
      98                 8.4531
      99                 8.3051
     100                 9.1872
     101                 7.2499
     102                 8.7273
     103                 7.7785
     104                 7.9894
     105                 8.3863
     106                 8.3809
     107                 8.6863
     108                 6.8697
     109                 7.5514
     110                 8.6153
     111                 8.9715
     112                 8.3210
     113                 7.7221
     114                 8.9244
     115                 8.5063
     116                 7.9905
     117                 7.1017
     118                 8.3845
     119                 8.7252
     120                 9.7466
     121                 9.6373
     122                 8.5413
     123                 8.3689
     124                 8.2813
     125                 8.7441
     126                 9.3637
     127                 8.3715
     128                 7.4601
     129                 8.4378
     130                 8.6054
     131                 8.7034
     132                 8.1146
     133                 8.5042
     134                 8.5957
     135                 9.1734
     136                 8.2362
     137                 8.2757
     138                 8.5916
     139                 9.3440
     140                 7.9363
     141                 8.5815
     142                 7.7809
     143                 7.8507
     144                 8.6820
     145                 8.7716
     146                 8.1043
     147                 8.0294
     148                 8.7818
     149                 7.7722
     150                 8.8722
     151                 8.4796
     152                 8.4755
     153                 8.9625
     154                 8.5492
     155                 8.3024
     156                 7.5055
     157                 8.2459
     158                 7.9406
     159                 8.1844
     160                 8.0229
     161                 7.7886
     162                 8.8355
     163                 7.5969
     164                 7.9348
     165                 8.3183
     166                 7.8331
     167                 9.0754
     168                 8.1999
     169                 8.5077
     170                 7.6756
     171                 8.7123
     172                 8.9905
     173                 7.8447
     174                 7.4413
     175                 9.3215
     176                 9.5263
     177                 8.3562
     178                 8.5685
     179                 9.3332
     180                 8.9540
     181                 7.2857
     182                 8.7705
     183                 7.3558
     184                 8.6596
     185                 8.9869
     186                 8.9289
     187                 8.3116
     188                 7.8532
     189                 8.3826
     190                 9.5888
     191                 8.3418
     192                 9.0648
     193                 8.1378
     194                 8.8853
     195                 9.2027
     196                 7.7913
     197                 7.4057
     198                 8.9790
     199                 8.8428
     200                 8.4351
     201                 7.6928
     202                 9.5235
     203                 8.2885
     204                 8.9935
     205                 7.8531
     206                 8.8508
     207                 7.4825
     208                 9.0163
     209                 8.7921
     210                 8.6170
     211                 8.5139
     212                 8.5821
     213                 7.5961
     214                 8.1154
     215                 9.0023
     216                 7.6880
     217                 7.3501
     218                 8.7570
     219                 8.5524
     220                 8.4524
     221                 7.6817
     222                 7.9719
     223                 6.9508
     224                 7.6607
     225                 8.5187
     226                 8.6219
     227                 8.5210
     228                 7.5367
     229                 8.4240
     230                 8.2656
     231                 8.4738
     232                 9.3555
     233                 7.9889
     234                 7.1948
     235                 8.8223
     236                 8.5539
     237                 8.2615
     238                 8.3583
     239                 7.9113
     240                 9.3394
     241                 8.9429
     242                 7.2321
     243                 7.5672
     244                 8.8536
     245                 9.3246
     246                 7.9209
     247                 7.7779
     248                 8.5652
     249                 7.7289
     250                 7.2991
     251                 8.1438
     252                 8.1971
     253                 8.2622
     254                 8.2176
     255                 8.5919
     256                 8.9232
     257                 8.3310
     258                 9.3261
     259                 9.4293
     260                 8.5242
     261                10.2215
     262                 7.8170
     263                 8.6275
     264                10.0195
     265                 8.0343
     266                 8.4874
     267                 8.5956
     268                 8.6584
     269                 8.4245
     270                 8.3881
     271                 8.4630
     272                 8.1211
     273                 8.4539
     274                 7.1058
     275                 8.1968
     276                 8.4683
     277                 7.4467
     278                 7.2918
     279                 8.8901
     280                 7.2516
     281                 7.7376
     282                 7.9250
     283                 8.8844
     284                 8.5325
     285                 9.3565
     286                 7.8738
     287                 7.4842
     288                 8.5697
     289                 7.7175
     290                 8.8727
     291                 7.5574
     292                 9.1057
     293                 7.9147
     294                 8.3284
     295                 8.3406
     296                 9.2053
     297                 8.3586
     298                 8.6713
     299                 8.4656
     300                 7.5797
     301                 8.7132
     302                 9.3004
     303                10.0484
     304                 8.2238
     305                 7.2418
     306                 7.0742
     307                 8.2559
     308                 8.3147
     309                 9.0449
     310                 8.9078
     311                 9.0963
     312                 8.2061
     313                 8.4760
     314                 8.7705
     315                 8.9992
     316                 7.7949
     317                 8.6339
     318                 7.8092
     319                 8.6892
     320                 8.7522
     321                 7.9874
     322                 8.5658
     323                 8.7127
     324                 8.2290
     325                 8.8009
     326                 8.5778
     327                 8.5036
     328                 8.7675
     329                 7.8880
     330                 8.7747
     331                 8.7367
     332                 9.1703
     333                 8.1802
     334                 8.0596
     335                 8.5060
     336                 8.3762
     337                 8.8492
     338                 7.0438
     339                 9.5444
     340                 8.1510
     341                 8.3700
     342                 8.9790
     343                 8.4875
     344                 7.9289
     345                 8.4840
     346                 9.4180
     347                 8.6656
     348                 8.2534
     349                 8.3179
     350                 8.4908
     351                 8.0382
     352                 9.1180
     353                 8.1795
     354                 8.8535
     355                 8.8045
     356                 8.3617
     357                 8.6778
     358                 9.1457
     359                 8.1788
     360                10.0962
     361                 8.4283
     362                 8.6067
     363                 8.8083
     364                 8.9187
     365                 9.3284
     366                 8.0795
     367                 9.0573
     368                 7.8773
     369                 8.6084
     370                 8.7805
     371                 8.4087
     372                 8.2314
     373                 8.9190
     374                 7.4372
     375                 8.5192
     376                 8.9713
     377                 8.6872
     378                10.4735
     379                 9.8570
     380                 8.5278
     381                 9.7923
     382                 9.8314
     383                 8.9621
     384                 9.4435
     385                 7.9411
     386                 8.0792
     387                 7.8467
     388                 8.8753
     389                 9.1129
     390                 8.0763
     391                 8.5488
     392                 8.6549
     393                 9.1452
     394                 8.7548
     395                 8.6792
     396                 9.6830
     397                 8.7610
     398                 8.7411
     399                 8.7189
     400                 8.2388
     401                 9.0562
     402                 8.5012
     403                 7.4351
     404                 7.5552
     405                 8.4319
     406                 8.2948
     407                 8.7508
     408                 8.1176
     409                 9.4705
     410                 8.7250
     411                 8.7752
     412                 8.8831
     413                 8.6755
     414                10.1773
     415                 9.9341
     416                 9.1006
     417                 8.5974
     418                 8.8164
     419                 8.2834
     420                 8.8311
     421                 8.8502
     422                 9.1139
     423                 9.1186
     424                 9.0857
     425                 8.0955
     426                 8.7606
     427                 9.0301
     428                 8.9752
     429                 7.6653
     430                 8.7520
     431                 8.9925
     432                 8.1023
     433                 8.5660
     434                 7.8541
     435                 8.9608
     436                 8.8984
     437                 9.0614
     438                 8.2560
     439                 9.0945
     440                 8.1462
     441                 8.9185
     442                 7.8323
     443                 8.1277
     444                 8.6651
     445                 8.3644
     446                 8.5585
     447                 8.3383
     448                 8.9126
     449                 8.2524
     450                 9.0369
     451                 8.4296
     452                 8.7105
     453                 9.0760
     454                 8.2229
     455                 8.3692
     456                 8.7690
     457                 8.1597
     458                 6.9177
     459                 6.5956
     460                 8.4851
     461                 8.1129
     462                 7.0654
     463                 9.3473
     464                 8.4067
     465                 8.9002
     466                 8.2234
     467                 8.7688
     468                 9.4289
     469                 8.2410
     470                 7.4815
     471                 8.5200
     472                 8.8960
     473                 8.5448
     474                 8.2451
     475                 7.4419
     476                 8.6242
     477                 8.5849
     478                 7.6393
     479                 7.7427
     480                 8.5681
     481                 7.8544
     482                 7.9928
     483                 8.5688
     484                 8.7853
     485                 8.5309
     486                 7.6282
     487                 7.3006
     488                 7.8415
     489                 8.5214
     490                 7.9455
     491                 9.5453
     492                 7.1226
     493                 7.6084
     494                 6.7203
     495                 8.2220
     496                 8.0274
     497                 8.8145
     498                 8.1129
     499                 8.0818
     500                 9.2647
     501                 8.8913
     502                 8.1565
     503                 8.3409
     504                 7.7778
     505                 8.6386
     506                 9.1701
     507                 8.5784
     508                 9.0556
     509                 8.2221
     510                 8.1547
     511                 8.9627
     512                 7.9253
     513                 7.7748
     514                 9.0054
     515                 9.0437
     516                 9.0648
     517                 7.7177
     518                 9.1265
     519                 8.4613
     520                 8.7562
     521                 8.2101
     522                 7.9978
     523                 8.5309
     524                 7.8759
     525                 8.2320
     526                 8.9838
     527                 8.8120
     528                 8.3605
     529                 8.5275
     530                 8.1004
     531                 8.1911
     532                 7.7440
     533                 8.1612
     534                 8.8065
     535                 7.6893
     536                 8.3064
     537                 8.4680
     538                 8.0285
     539                 8.7318
     540                 8.1538
     541                 8.4534
     542                 7.8206
     543                 9.8618
     544                 8.0271
     545                 8.8031
     546                 9.0889
     547                 8.4386
     548                 7.8336
     549                 7.9256
     550                 8.4124
     551                 9.0482
     552                 9.1627
     553                 8.5690
     554                 8.5457
     555                 7.5288
     556                 9.2290
     557                 8.0550
     558                 7.8968
     559                 8.0253
     560                 9.0564
     561                 9.3765
     562                 8.2730
     563                 8.2190
     564                 7.4318
     565                 9.2889
     566                 8.7707
     567                 8.3164
     568                 8.3006
     569                 8.5338
     570                 9.2010
     571                 7.9992
     572                 8.1611
     573                 8.6041
     574                 8.4681
     575                 8.5809
     576                 8.7026
     577                 8.2273
     578                 8.7829
     579                 8.4780
     580                 7.7805
     581                 7.9332
     582                 8.0764
     583                 8.2541
     584                 8.1476
     585                 8.7389
     586                 8.5785
     587                 9.1379
     588                 8.5613
     589                 8.9853
     590                 8.4918
     591                 8.5752
     592                 8.9949
     593                 8.1078
     594                 7.5469
     595                 8.2724
     596                 8.3865
     597                 8.4455
     598                 7.4804
     599                 8.3282
     600                 8.3794
     601                 8.9307
     602                 9.2199
     603                 9.0694
     604                 8.4886
     605                 8.3260
     606                 9.3912
     607                 9.1571
     608                 9.6918
     609                 9.7531
     610                 7.8597
     611                 9.0530
     612                 8.8129
     613                 9.2752
     614                 8.2720
     615                 8.6434
     616                 9.1111
     617                 8.7675
     618                 8.4901
     619                 8.3538
     620                 9.0750
     621                 8.6155
     622                 9.2023
     623                 8.1676
     624                 8.8837
     625                 7.9033
     626                 9.4886
     627                 8.0713
     628                 8.6016
     629                 7.7319
     630                 8.5463
     631                 8.2806
     632                 8.6509
     633                 7.5449
     634                 7.9712
     635                 8.0448
     636                 8.6937
     637                 9.0936
     638                 8.4386
     639                 8.9925
     640                 8.4578
     641                 7.7193
     642                 8.0897
     643                 8.3206
     644                 7.8646
     645                 8.2593
     646                 8.1294
     647                 8.5099
     648                 9.2324
     649                 8.6433
     650                 7.4538
     651                 8.7945
     652                 8.7615
     653                 8.8372
     654                 8.4338
     655                 7.5998
     656                 7.1736
     657                 8.0354
     658                 8.9682
     659                 9.3272
     660                 8.5973
     661                 9.0096
     662                 8.0742
     663                 8.3653
     664                 8.1848
     665                 9.6006
     666                 8.1099
     667                 8.8075
     668                 8.9343
     669                 8.1227
     670                 8.8033
     671                 7.8151
     672                 8.3489
     673                 9.4139
     674                 8.7215
     675                 9.0084
     676                 8.2117
     677                 9.5152
     678                 8.6750
     679                 8.0806
     680                 8.8456
     681                 8.9405
     682                 8.9139
     683                 8.5671
     684                 8.4125
     685                 8.9109
     686                 7.6056
     687                 8.5179
     688                 7.2699
     689                 8.3227
     690                 9.5477
     691                 8.6584
     692                 8.0690
     693                 8.6512
     694                 7.9696
     695                 7.7636
     696                 8.3850
     697                 8.9619
     698                 8.6627
     699                 8.3724
     700                 8.6574
     701                 8.1584
     702                 8.8366
     703                 7.8550
     704                 8.7016
     705                 9.1406
     706                 8.0661
     707                 8.8854
     708                 8.6338
     709                 8.8310
     710                 8.2801
     711                 8.0443
     712                 8.3113
     713                 8.4251
     714                 7.9088
     715                 8.2875
     716                 9.0625
     717                 8.3613
     718                 8.3521
     719                 9.1180
     720                 8.8447
     721                 8.1667
     722                 8.3217
     723                 8.7693
     724                 8.2254
     725                 8.0761
     726                 7.5627
     727                 7.8962
     728                 8.8593
     729                 7.7926
     730                 8.7021
     731                 8.6139
     732                 7.7765
     733                 8.4409
     734                 7.8629
     735                 8.0867
     736                 6.9407
     737                 8.0273
     738                 8.0600
     739                 8.4006
     740                 7.9599
     741                 8.1514
     742                 8.7306
     743                 9.5543
     744                 8.8948
     745                 9.2475
     746                 8.1303
     747                 7.6262
     748                 6.8910
     749                 7.9044
     750                 7.4789
     751                 8.4964
     752                 9.7875
     753                 8.2931
     754                 8.4348
     755                 8.2648
     756                 7.8759
     757                 8.4658
     758                 8.9419
     759                 7.9561
     760                 8.0406
     761                 8.5334
     762                 8.1908
     763                 8.9234
     764                 8.3267
     765                 8.0372
     766                 8.6560
     767                 7.9044
     768                 8.6561
     769                 7.9939
     770                 7.9155
     771                 8.0214
     772                 8.5989
     773                 8.0987
     774                 8.3439
     775                 9.6545
     776                 8.2176
     777                 9.5206
     778                 8.8972
     779                 8.2186
     780                 8.7748
     781                 8.9320
     782                 8.1366
     783                 8.3022
     784                 9.3765
     785                 8.4855
     786                 8.4262
     787                 7.9887
     788                 8.6847
     789                 8.8521
     790                 7.9734
     791                 9.4349
     792                 8.6814
     793                 8.4105
     794                 7.7857
     795                 8.3445
     796                 9.4559
     797                 9.0409
     798                 9.2103
     799                 7.8080
     800                 8.0649
     801                 8.0239
     802                 9.9579
     803                 9.1893
     804                 7.2956
     805                 8.1572
     806                 9.6593
     807                 9.1736
     808                 8.3127
     809                 8.3315
     810                 7.9109
     811                 8.6335
     812                 7.5973
     813                 8.4683
     814                 7.7683
     815                 8.1370
     816                 8.5839
     817                 8.5757
     818                 8.3017
     819                 9.1073
     820                 7.8278
     821                 8.6741
     822                 9.1250
     823                 8.3060
     824                 8.9217
     825                 8.7030
     826                 8.8076
     827                 7.5201
     828                 7.5348
     829                 7.9331
     830                 8.5407
     831                10.4032
     832                 9.2440
     833                 8.4608
     834                 9.5294
     835                 8.0909
     836                 8.2510
     837                 7.9458
     838                 9.1933
     839                 8.6217
     840                 7.8084
     841                 8.2984
     842                 7.4928
     843                 7.5417
     844                 7.7367
     845                 7.5405
     846                 9.3280
     847                 9.3330
     848                 8.7511
     849                 7.2218
     850                 6.7968
     851                 8.6077
     852                 7.8016
     853                 7.5513
     854                 7.3856
     855                 7.1808
     856                 8.8236
     857                 9.2245
     858                 8.5198
     859                 8.0366
     860                 7.2480
     861                 8.0935
     862                 8.5623
     863                 8.2973
     864                 8.0816
     865                 8.3137
     866                 9.2838
     867                 8.4765
     868                 8.7288
     869                 9.2155
     870                 9.3877
     871                 9.5467
     872                 8.7582
     873                 7.4204
     874                 8.7819
     875                 8.6251
     876                 8.5813
     877                 8.0072
     878                 8.1066
     879                 8.5100
     880                 7.7645
     881                 8.0137
     882                 7.7855
     883                 8.4135
     884                 8.1026
     885                 8.8487
     886                 8.0090
     887                 7.4033
     888                 8.7642
     889                 9.2914
     890                 7.9376
     891                 7.5397
     892                 9.4238
     893                 8.7989
     894                 9.1298
     895                 9.1730
     896                 9.2965
     897                 8.9928
     898                 8.3974
     899                 9.6029
     900                 8.1444
     901                 8.8879
     902                 7.1398
     903                 8.9720
     904                 7.8734
     905                 8.6255
     906                 8.2824
     907                 7.7432
     908                 8.0610
     909                 8.1772
     910                 7.4585
     911                 7.7552
     912                 8.8945
     913                 8.3143
     914                 8.7873
     915                 8.5755
     916                 8.4756
     917                 8.6516
     918                 8.7772
     919                 8.1505
     920                 8.1076
     921                 6.8115
     922                 7.1514
     923                 7.0965
     924                 8.0632
     925                 7.9557
     926                 8.1604
     927                 8.0187
     928                 7.8297
     929                 8.2518
     930                 7.8717
     931                 7.6957
     932                 7.6203
     933                 8.2223
     934                 8.4112
     935                 8.2200
     936                 8.0071
     937                 9.0526
     938                 8.4180
     939                 7.6501
     940                 8.1561
     941                 7.3844
     942                 7.5315
     943                 7.7743
     944                 8.5877
     945                 9.2358
     946                 8.6271
     947                 7.8690
     948                 7.6509
     949                 8.4311
     950                 6.9413
     951                 7.7359
     952                 8.4686
     953                 8.5404
     954                 8.5458
     955                 7.7826
     956                 8.6876
     957                 7.6793
     958                 8.6523
     959                 7.9498
     960                 8.7070
     961                 7.8759
     962                 7.3218
     963                 7.4512
     964                 7.9028
     965                 8.6193
     966                 8.6432
     967                 8.4906
     968                 9.6531
     969                 8.6359
     970                 7.3620
     971                 7.8283
     972                 8.6376
     973                 7.6051
     974                 8.0959
     975                 8.4545
     976                 8.3528
     977                 7.6678
     978                 6.9933
     979                 7.9937
     980                 7.9033
     981                 8.3116
     982                 7.3870
     983                 8.6850
     984                 8.3657
     985                 7.0404
     986                 8.0562
     987                 8.4745
     988                 7.5661
     989                 7.0901
     990                 8.3245
     991                 7.1682
     992                 8.3842
     993                 7.6828
     994                 8.1955
     995                 8.5535
     996                 8.4511
     997                 7.2852
     998                 7.4594
     999                 7.5349
    1000                 8.8087
