#Frame   M1-E175-Oe_M2-W184-He1
       1                 8.3096
       2                 7.5866
       3                 8.9570
       4                 8.6917
       5                 9.0065
       6                 8.6391
       7                 8.9530
       8                 8.2194
       9                 9.0002
      10                 8.7169
      11                 8.3505
      12                 8.1262
      13                 7.9806
      14                 8.5691
      15                 9.0107
      16                 9.2176
      17                 8.2921
      18                 8.8450
      19                 8.4377
      20                 8.4121
      21                 8.4451
      22                 8.3853
      23                 8.3682
      24                 8.1233
      25                 8.7360
      26                 8.6978
      27                 8.7429
      28                 8.4492
      29                 9.4100
      30                 8.2167
      31                 8.4470
      32                 8.3379
      33                 8.6003
      34                 7.8677
      35                 8.3127
      36                 8.3831
      37                 7.7432
      38                 8.4286
      39                 8.4113
      40                 8.4582
      41                 7.7104
      42                 7.1570
      43                 7.7238
      44                 8.7002
      45                 8.0884
      46                 8.7019
      47                 7.6030
      48                 7.9858
      49                 8.4835
      50                 8.4257
      51                 8.6610
      52                 8.6611
      53                 7.7552
      54                 9.7758
      55                 9.5026
      56                 8.8191
      57                 7.9608
      58                 8.9377
      59                 8.6973
      60                 8.2087
      61                 8.8344
      62                 8.5735
      63                 7.5622
      64                 8.8535
      65                 8.1468
      66                 7.7965
      67                 9.3571
      68                 8.2953
      69                 8.4840
      70                 8.0121
      71                 7.6315
      72                 9.1348
      73                 8.5830
      74                 9.0580
      75                 9.3143
      76                 8.0655
      77                 7.9696
      78                 9.1818
      79                 7.9887
      80                 8.5871
      81                 8.4589
      82                 8.1378
      83                 9.1354
      84                 7.7058
      85                 8.3042
      86                 8.0328
      87                 8.7948
      88                 7.8944
      89                 7.2522
      90                 7.4364
      91                 8.2909
      92                 8.8435
      93                 8.2170
      94                 8.1912
      95                 9.2419
      96                 8.6411
      97                 7.9697
      98                 8.5944
      99                 8.4367
     100                 8.8762
     101                 8.6740
     102                 7.8535
     103                 8.6342
     104                 8.0365
     105                 7.0109
     106                 7.6803
     107                 7.4881
     108                 7.8017
     109                 7.8272
     110                 8.5110
     111                 7.6369
     112                 8.4432
     113                 7.6129
     114                 8.1767
     115                 7.9682
     116                 8.2668
     117                 7.9382
     118                 9.3703
     119                 8.9506
     120                 8.5459
     121                 8.7662
     122                 8.3022
     123                 7.6899
     124                 8.7575
     125                 8.4914
     126                 7.7675
     127                 8.6195
     128                 9.1838
     129                 7.4723
     130                 8.5334
     131                 8.7682
     132                 8.5205
     133                 9.1660
     134                 8.5652
     135                 8.3578
     136                 8.5895
     137                 8.2933
     138                 7.9368
     139                 8.5472
     140                 7.3605
     141                 8.6590
     142                 8.1831
     143                 7.7334
     144                 8.0006
     145                 8.2672
     146                 7.8092
     147                 8.0825
     148                 8.8290
     149                 9.4427
     150                 8.1758
     151                 7.8300
     152                 8.0162
     153                 8.5002
     154                 7.3612
     155                 8.2111
     156                 7.3262
     157                 7.5776
     158                 8.6369
     159                 8.6082
     160                 7.8877
     161                 8.6057
     162                 9.3977
     163                 8.7459
     164                 8.0432
     165                 7.9869
     166                 7.9338
     167                 8.5244
     168                 9.0130
     169                 8.4964
     170                 8.0737
     171                 7.8968
     172                 7.7053
     173                 7.8758
     174                 8.3863
     175                 7.7371
     176                 7.9099
     177                 8.5222
     178                 9.1818
     179                 8.6931
     180                 9.1111
     181                 8.7162
     182                 8.1703
     183                 8.1245
     184                 7.5448
     185                 7.6585
     186                 8.5816
     187                 8.7728
     188                 8.6317
     189                 8.5971
     190                 8.5633
     191                 7.6489
     192                 8.3670
     193                 8.6234
     194                 9.1444
     195                 8.9395
     196                 8.0553
     197                 8.2775
     198                 8.2567
     199                 8.0863
     200                 7.9993
     201                 9.0565
     202                 9.4037
     203                 8.0744
     204                 8.9245
     205                 8.2705
     206                 8.8035
     207                 7.8756
     208                 8.6211
     209                 8.6084
     210                 8.3718
     211                 6.5631
     212                 7.8757
     213                 8.4621
     214                 7.4476
     215                 8.0264
     216                 8.8805
     217                 8.6462
     218                 7.7336
     219                 7.6506
     220                 7.6109
     221                 8.6531
     222                 8.6216
     223                 9.0267
     224                 8.4887
     225                 8.1490
     226                 8.1445
     227                 8.4399
     228                 8.2129
     229                 7.9644
     230                 8.5632
     231                 8.7534
     232                 8.6305
     233                 8.2392
     234                 6.9160
     235                 8.0002
     236                 8.2172
     237                 8.1300
     238                 7.5953
     239                 8.0563
     240                 7.8221
     241                 8.8896
     242                 8.3307
     243                 8.6215
     244                 9.6364
     245                 8.2578
     246                 8.5675
     247                 7.8960
     248                 8.6445
     249                 8.2130
     250                 9.0810
     251                 8.0240
     252                 8.3409
     253                 8.1783
     254                 8.8224
     255                 8.6232
     256                 8.4919
     257                 8.8561
     258                 9.4305
     259                 8.3299
     260                 8.3652
     261                 8.1637
     262                 8.4865
     263                 8.7503
     264                 7.7792
     265                 7.9768
     266                 8.4858
     267                 8.3474
     268                 7.9112
     269                 8.3070
     270                 7.5935
     271                 7.8338
     272                 8.2662
     273                 8.5381
     274                 7.8220
     275                 7.5260
     276                 8.4443
     277                 7.4752
     278                 7.5600
     279                 8.2952
     280                 7.9353
     281                 8.1638
     282                 8.2047
     283                 7.8351
     284                 7.0278
     285                 7.8878
     286                 8.3216
     287                 7.1629
     288                10.1120
     289                 9.3307
     290                 8.9682
     291                 8.5955
     292                 8.5229
     293                 8.0163
     294                 8.3541
     295                 8.9280
     296                 8.3930
     297                 7.6334
     298                 8.7627
     299                 8.6868
     300                 8.1484
     301                 8.2049
     302                 7.3075
     303                 8.3298
     304                 7.6099
     305                 8.5231
     306                 7.8892
     307                 8.1530
     308                 7.6686
     309                 7.4200
     310                 8.3574
     311                 7.3857
     312                 8.3735
     313                 8.3886
     314                 9.4409
     315                 7.9356
     316                 8.0610
     317                 9.1857
     318                 7.6960
     319                 7.5419
     320                 8.2870
     321                 7.5307
     322                 7.9140
     323                 8.2158
     324                 7.8438
     325                 7.9839
     326                 8.6962
     327                 8.1575
     328                 8.3747
     329                 7.1516
     330                 8.3956
     331                 7.4174
     332                 7.8514
     333                 7.0592
     334                 8.1928
     335                 7.9090
     336                 7.3270
     337                 7.7707
     338                 8.1318
     339                 7.1574
     340                 8.4419
     341                 7.9015
     342                 8.3165
     343                 7.4770
     344                 8.1304
     345                 8.1392
     346                 8.6824
     347                 8.6331
     348                 8.1669
     349                 7.7888
     350                 8.4788
     351                 8.3446
     352                 8.4704
     353                 8.2990
     354                 8.4056
     355                 8.2372
     356                 8.6622
     357                 7.6070
     358                 7.6691
     359                 8.1134
     360                 8.0978
     361                 8.4586
     362                 9.4155
     363                 8.6065
     364                 7.9503
     365                 8.6299
     366                 7.5064
     367                 8.1136
     368                 7.0603
     369                 7.6125
     370                 7.3628
     371                 8.7246
     372                 8.3120
     373                 8.0907
     374                 8.2292
     375                 8.9933
     376                 8.0545
     377                 7.1525
     378                 8.2097
     379                 9.0469
     380                 8.1655
     381                 8.6652
     382                 8.6006
     383                 7.3299
     384                 8.5705
     385                 8.4394
     386                 7.4616
     387                 8.1318
     388                 7.6845
     389                 9.0561
     390                 7.8246
     391                 7.6594
     392                 7.5634
     393                 8.5640
     394                 8.2529
     395                 8.6151
     396                 7.8074
     397                 7.7257
     398                 9.3387
     399                 8.2105
     400                 8.1202
     401                 8.4686
     402                 8.3226
     403                 8.1919
     404                 8.3795
     405                 8.3711
     406                 8.5419
     407                 7.7631
     408                 8.1957
     409                 9.0233
     410                 7.0849
     411                 8.7296
     412                 7.8821
     413                 8.6197
     414                 8.6749
     415                 8.1511
     416                 7.8788
     417                 7.9767
     418                 7.2666
     419                 8.3519
     420                 8.3669
     421                 9.1895
     422                 8.7000
     423                 8.5255
     424                 8.4568
     425                 7.6716
     426                 7.5829
     427                 8.8775
     428                 7.8316
     429                 7.2764
     430                 7.5395
     431                 8.4936
     432                 8.9621
     433                 8.4524
     434                 8.2413
     435                 8.5431
     436                 7.0612
     437                 8.6198
     438                 8.5012
     439                 8.3388
     440                 7.3738
     441                 8.2008
     442                 8.2388
     443                 7.8276
     444                 7.8546
     445                 9.2881
     446                 8.4371
     447                 7.5960
     448                 6.9090
     449                 8.3800
     450                 7.3815
     451                 7.5641
     452                 8.2212
     453                 8.0751
     454                 8.2058
     455                 7.5740
     456                 8.0303
     457                 7.7172
     458                 6.8256
     459                 8.3349
     460                 7.2386
     461                 8.6187
     462                 9.1498
     463                 7.5545
     464                 7.7722
     465                 8.2383
     466                 8.1871
     467                 8.2199
     468                 8.3870
     469                 9.1793
     470                 8.6918
     471                 8.0439
     472                 8.6900
     473                 7.9797
     474                 8.3176
     475                 7.5423
     476                 8.2568
     477                 8.5436
     478                 7.4272
     479                 8.4270
     480                 8.2536
     481                 8.2305
     482                 8.5145
     483                 8.5792
     484                 8.8345
     485                 7.0335
     486                 8.0180
     487                 8.5115
     488                 9.3462
     489                 7.2957
     490                 8.2406
     491                 8.4528
     492                 7.2463
     493                 7.0216
     494                 9.0273
     495                 8.8213
     496                 8.0344
     497                 8.4601
     498                 7.7872
     499                 8.1646
     500                 7.5596
     501                 8.5416
     502                 7.9497
     503                 8.2550
     504                 6.9949
     505                 8.4301
     506                 8.5224
     507                 8.6572
     508                 8.5325
     509                 8.3648
     510                 8.9503
     511                 9.3193
     512                 7.2436
     513                 8.2958
     514                 8.9335
     515                 7.9339
     516                 7.7879
     517                 8.4317
     518                 8.2857
     519                 8.2651
     520                 7.0056
     521                 8.8652
     522                 8.1757
     523                 8.9615
     524                 8.2430
     525                 7.6355
     526                 7.9992
     527                 8.0994
     528                 9.0555
     529                 8.3939
     530                 9.4711
     531                 9.2824
     532                 8.5346
     533                 8.1530
     534                 7.8410
     535                 7.9041
     536                 8.4533
     537                 8.0071
     538                 8.3419
     539                 8.8453
     540                 8.3712
     541                 9.2030
     542                 7.9117
     543                 9.1922
     544                 9.1370
     545                 7.9017
     546                 9.0050
     547                 8.0069
     548                 9.8777
     549                 8.6195
     550                 8.1278
     551                 8.8599
     552                 7.8181
     553                 8.3690
     554                 8.0998
     555                 8.1378
     556                 7.9769
     557                 8.4236
     558                 7.3941
     559                 7.9424
     560                 7.7953
     561                 8.9812
     562                 8.4047
     563                 8.2565
     564                 8.9148
     565                 7.7158
     566                 7.8923
     567                 8.4404
     568                 7.8173
     569                 8.0848
     570                 8.2546
     571                 8.1836
     572                 8.4768
     573                 7.8927
     574                 7.8987
     575                 7.2920
     576                 9.7018
     577                 7.3961
     578                 8.2234
     579                 7.8474
     580                 8.0854
     581                 7.6083
     582                 8.7648
     583                 9.7130
     584                 8.4914
     585                 7.0503
     586                 8.2186
     587                 7.7657
     588                 7.8975
     589                 7.3716
     590                 8.2638
     591                 7.7681
     592                 7.8857
     593                 7.4277
     594                 8.4063
     595                 8.1457
     596                 8.7506
     597                 8.3876
     598                 7.9436
     599                 8.6857
     600                 8.4047
     601                 8.3126
     602                 7.7861
     603                 7.2186
     604                 6.8362
     605                 7.7093
     606                 8.0349
     607                 8.1695
     608                 7.8832
     609                 8.7724
     610                 7.2392
     611                 7.4485
     612                 7.7895
     613                 8.0824
     614                 8.0372
     615                 8.0925
     616                 8.1233
     617                 8.3449
     618                 9.2234
     619                10.5351
     620                 8.4257
     621                 8.4471
     622                 8.2758
     623                 9.3494
     624                 9.4354
     625                 7.9732
     626                 8.7764
     627                 7.2172
     628                 8.2270
     629                 7.4802
     630                 7.1384
     631                 8.1510
     632                 8.7399
     633                 8.0116
     634                 8.4873
     635                 7.9232
     636                 8.3822
     637                 8.1182
     638                 8.0301
     639                 7.5558
     640                 8.4720
     641                 7.5186
     642                 8.5455
     643                 8.2454
     644                 7.8147
     645                 8.3701
     646                 8.5499
     647                 8.8290
     648                 8.3551
     649                 7.8188
     650                 7.8533
     651                 8.5723
     652                 7.6659
     653                 8.4261
     654                 9.3063
     655                 8.0479
     656                 8.2050
     657                 8.5949
     658                 8.0236
     659                 8.6199
     660                 7.9637
     661                 7.7051
     662                 8.4299
     663                 6.9961
     664                 7.5550
     665                 8.0915
     666                 8.0094
     667                 7.9501
     668                 8.2641
     669                 7.4892
     670                 8.1122
     671                 7.8461
     672                 8.1887
     673                 7.4476
     674                 7.4280
     675                 8.9806
     676                 8.7138
     677                 6.7342
     678                 7.7082
     679                 7.0549
     680                 8.0207
     681                 8.8555
     682                 8.0611
     683                 7.8368
     684                 8.1107
     685                 8.3304
     686                 8.9011
     687                 9.0477
     688                 7.9852
     689                 8.6463
     690                 8.2650
     691                 8.5723
     692                 8.0348
     693                 8.3585
     694                 7.9103
     695                 8.8731
     696                 7.9270
     697                 9.0515
     698                 7.9639
     699                 7.7446
     700                 8.0016
     701                 8.5206
     702                 7.4415
     703                 8.2793
     704                 9.2265
     705                 8.2047
     706                 8.0388
     707                 8.3867
     708                 7.9481
     709                 8.0996
     710                 8.5553
     711                 7.3490
     712                 7.4429
     713                 8.3253
     714                 7.1076
     715                 8.9115
     716                 9.5410
     717                 8.2929
     718                 8.8702
     719                 8.0539
     720                 8.0237
     721                 7.8513
     722                 9.4383
     723                 8.2910
     724                 8.3799
     725                 7.7489
     726                 8.0984
     727                 7.5141
     728                 8.5969
     729                 7.9012
     730                 8.5458
     731                 8.0854
     732                 8.3362
     733                 7.8695
     734                 7.9816
     735                 7.5666
     736                 8.3690
     737                 8.2767
     738                 7.9900
     739                 9.0373
     740                 8.1330
     741                 7.8189
     742                 8.4619
     743                 9.5555
     744                 7.8879
     745                 8.2551
     746                 7.8144
     747                 7.5731
     748                 7.6209
     749                 6.5692
     750                 8.1338
     751                 8.2185
     752                 7.6360
     753                 9.4131
     754                 7.0663
     755                 8.2901
     756                 9.2807
     757                 9.0053
     758                 8.9196
     759                 9.2490
     760                 8.0240
     761                 8.0904
     762                 8.1055
     763                 7.9905
     764                 8.9469
     765                 8.5679
     766                 7.6166
     767                 8.1166
     768                 9.3286
     769                 7.7756
     770                 8.4712
     771                 8.5592
     772                 7.7230
     773                 8.1694
     774                 8.4681
     775                 9.1703
     776                 8.1915
     777                 8.4013
     778                 8.6255
     779                 8.2250
     780                 8.7550
     781                 8.3125
     782                 8.9907
     783                 8.2545
     784                 8.8145
     785                 7.8714
     786                 8.6024
     787                 8.6104
     788                 8.1256
     789                 8.5625
     790                 9.0413
     791                 9.1323
     792                 8.4622
     793                 8.4257
     794                 7.1646
     795                 7.7016
     796                 8.6250
     797                 8.2303
     798                 7.8604
     799                 8.4259
     800                 7.4688
     801                 7.3083
     802                 8.2322
     803                 7.6440
     804                 8.4766
     805                 8.1439
     806                 7.6174
     807                 8.6448
     808                 8.1096
     809                 8.2303
     810                 7.4612
     811                 8.5618
     812                 9.1147
     813                 8.5497
     814                 7.6419
     815                 7.6497
     816                 8.2743
     817                 8.4828
     818                 7.4173
     819                 8.7631
     820                 8.9207
     821                 8.0700
     822                 7.8751
     823                 8.5942
     824                 8.6526
     825                 8.7918
     826                 7.5986
     827                 7.5270
     828                 8.2153
     829                 7.4602
     830                 8.7368
     831                 9.2791
     832                 7.7851
     833                 8.0929
     834                 7.8965
     835                 7.9215
     836                 8.1624
     837                 7.8679
     838                 8.8478
     839                 8.2060
     840                 8.0027
     841                 8.0465
     842                 8.5868
     843                 7.5891
     844                 8.7314
     845                 9.3865
     846                 7.4447
     847                 7.5841
     848                 8.7773
     849                 8.3113
     850                 8.3037
     851                 9.1194
     852                 9.1540
     853                 8.2992
     854                 9.3603
     855                 8.3773
     856                 7.2508
     857                 7.3369
     858                 8.9582
     859                 8.7391
     860                 7.4825
     861                 8.0846
     862                 8.7365
     863                 8.9257
     864                 8.3815
     865                 8.1970
     866                 8.5144
     867                 7.8994
     868                 8.0821
     869                 8.7203
     870                 7.3516
     871                 8.0353
     872                 8.1239
     873                 8.4143
     874                 8.4985
     875                 8.5952
     876                 8.4916
     877                 7.6869
     878                 8.5363
     879                 8.3545
     880                 7.8888
     881                 7.9406
     882                 8.9942
     883                 8.2663
     884                 8.4191
     885                 8.0776
     886                 9.1743
     887                 7.6570
     888                 8.8285
     889                 8.5157
     890                 7.7710
     891                 7.2227
     892                 8.0999
     893                 7.5361
     894                 7.3309
     895                 8.2205
     896                 9.5475
     897                 7.9224
     898                 8.2534
     899                 9.1562
     900                 9.6048
     901                 7.9037
     902                 8.2584
     903                 7.9999
     904                 7.4187
     905                 8.6318
     906                 8.5425
     907                 9.4566
     908                 8.1193
     909                 8.9694
     910                 8.4768
     911                 8.0634
     912                 7.6091
     913                 9.0640
     914                 8.2497
     915                 7.9903
     916                 8.4190
     917                 8.1429
     918                 8.5003
     919                 9.1507
     920                 8.5363
     921                 7.0312
     922                 8.6783
     923                 8.4353
     924                 8.6221
     925                 8.4569
     926                 9.8955
     927                 7.7814
     928                 9.0793
     929                 7.6556
     930                 8.8982
     931                 7.7364
     932                 7.7981
     933                10.0271
     934                 9.6236
     935                 8.7305
     936                 8.2217
     937                 8.4099
     938                 8.3549
     939                 8.3118
     940                 9.4005
     941                 9.0591
     942                 7.5809
     943                 7.7973
     944                 8.3366
     945                 8.4233
     946                 8.1370
     947                 8.0692
     948                 8.3336
     949                 8.6559
     950                 8.7682
     951                 8.0002
     952                 8.2154
     953                 8.0955
     954                 9.1505
     955                 9.0136
     956                 8.8402
     957                 8.9838
     958                10.1516
     959                 9.1332
     960                 7.9572
     961                 8.4005
     962                 8.1643
     963                 7.9994
     964                 8.4237
     965                 7.5593
     966                 8.6129
     967                 7.9507
     968                 9.0235
     969                 8.4768
     970                 7.2354
     971                 8.1482
     972                 7.8238
     973                 8.6394
     974                 8.6316
     975                 9.0614
     976                 7.5230
     977                 7.8743
     978                 7.9986
     979                 8.3840
     980                 8.0035
     981                 8.1044
     982                 8.3062
     983                 9.2517
     984                 7.9538
     985                 7.7413
     986                 8.5612
     987                 7.5979
     988                 8.9714
     989                 8.2545
     990                 8.7901
     991                 7.8064
     992                 8.4806
     993                 8.0296
     994                 7.9588
     995                 8.2532
     996                 8.4052
     997                 8.9930
     998                 9.4861
     999                 9.6197
    1000                10.1401
