#Frame      M1-M2-L46
       1       9.8995
       2       9.8247
       3       9.6395
       4       9.6833
       5       8.8923
       6       9.4417
       7       9.3634
       8       9.6197
       9       9.6234
      10       8.7732
      11       9.7258
      12       9.3584
      13       9.1400
      14       9.1800
      15       9.4482
      16       9.1957
      17       9.4443
      18       8.9759
      19       9.2799
      20       9.3540
      21       9.0805
      22       9.1690
      23       9.1961
      24      10.1795
      25       9.0088
      26       9.2941
      27       9.7272
      28       9.5644
      29      10.2693
      30      10.1403
      31      10.1835
      32       9.6625
      33      10.1660
      34       9.7868
      35      10.1924
      36      10.0959
      37      10.1220
      38       9.3941
      39       9.6724
      40       9.5029
      41       9.8765
      42      10.1233
      43       9.7184
      44      10.2353
      45      10.0913
      46       9.9374
      47      10.0009
      48      10.3939
      49       9.9424
      50       9.6020
      51      10.1671
      52       9.8144
      53       9.8977
      54       9.9487
      55      10.1557
      56      10.1100
      57      10.1967
      58      10.6739
      59      10.3878
      60       9.7920
      61       9.9636
      62      10.0872
      63       9.7377
      64       9.9662
      65       9.9304
      66       9.8554
      67       9.6025
      68       9.8395
      69      10.1744
      70      10.3283
      71      10.1576
      72       9.7800
      73      10.2201
      74      10.4471
      75       9.4930
      76       9.7321
      77      10.4231
      78      10.6148
      79      10.4325
      80      10.1666
      81       9.8885
      82       9.8117
      83       9.9777
      84       9.8813
      85      10.1296
      86      10.2843
      87       9.9098
      88      10.1571
      89      10.0495
      90       9.9519
      91      10.1151
      92      10.5243
      93      10.1393
      94      10.4425
      95       9.7687
      96      10.2347
      97       9.9476
      98      10.6395
      99      10.1100
     100      10.2211
     101       9.7557
     102      10.0274
     103       9.8732
     104       9.8249
     105      10.0124
     106       9.6479
     107       9.9597
     108       9.9874
     109      10.4593
     110       9.0673
     111       9.5293
     112       9.7459
     113       9.9533
     114      10.0307
     115       9.8414
     116       9.2579
     117       9.8706
     118      10.2089
     119       9.9786
     120      10.1892
     121      10.3245
     122      10.0539
     123       9.8732
     124      10.0977
     125      10.0158
     126       9.7387
     127       9.7783
     128       9.9824
     129       9.8110
     130      10.3012
     131       9.7149
     132      10.2988
     133      10.3002
     134      10.1593
     135      10.0964
     136       9.8729
     137      10.2270
     138      10.1523
     139       9.5086
     140       9.4863
     141      10.2211
     142      10.5764
     143      10.0582
     144      10.2724
     145      10.4596
     146      10.3925
     147      10.0627
     148      10.3271
     149       9.8888
     150      10.2902
     151      10.0877
     152      10.3226
     153      10.2575
     154      10.3827
     155      10.1024
     156       9.8877
     157      10.3602
     158      10.2318
     159       9.9620
     160       9.9568
     161      10.6314
     162      10.1048
     163      10.2258
     164      10.3617
     165       9.7708
     166      10.0345
     167       9.8890
     168      10.1959
     169      10.3759
     170      10.1404
     171      10.2805
     172      10.0126
     173      10.1643
     174       9.6432
     175       9.8629
     176      10.4565
     177       9.9588
     178      10.1473
     179       9.7246
     180      10.0580
     181       9.9260
     182      10.0747
     183      10.0001
     184       9.8764
     185       9.7894
     186      10.3390
     187      10.2023
     188      10.2161
     189      10.3360
     190       9.9117
     191      10.2454
     192       9.9724
     193       9.8034
     194      10.1613
     195       9.8538
     196       9.6969
     197       9.9182
     198      10.0417
     199       9.9863
     200      10.4124
     201      10.0243
     202       9.8271
     203      10.4544
     204       9.9984
     205       9.8125
     206       9.8793
     207      10.1804
     208       9.5617
     209      10.5498
     210      10.1624
     211      10.4422
     212      10.2770
     213       9.7349
     214       9.7022
     215       9.9644
     216      10.0549
     217       9.7467
     218      10.2045
     219       9.7531
     220       9.9536
     221      10.1714
     222      10.0801
     223       9.6599
     224       9.9891
     225      10.0657
     226       9.9943
     227      10.0805
     228       9.9859
     229      10.1693
     230       9.8116
     231      10.1049
     232       9.9192
     233      10.1897
     234       9.8971
     235       9.9861
     236       9.8135
     237      10.1058
     238       9.6597
     239      10.2676
     240       9.8506
     241       9.9319
     242       9.8116
     243       9.8837
     244      10.1684
     245       9.7462
     246       9.7004
     247       9.7472
     248      10.2842
     249      10.3122
     250      10.0570
     251      10.1597
     252      10.3591
     253      10.6267
     254      10.4647
     255      10.1046
     256       9.8968
     257      10.2166
     258      10.4739
     259       9.8956
     260       9.8298
     261       9.9645
     262       9.5393
     263       9.8318
     264       9.8519
     265      10.1377
     266      10.0863
     267      10.5315
     268       9.8540
     269       9.8476
     270      10.2532
     271       9.9927
     272      10.2591
     273      10.0643
     274      10.1359
     275       9.9402
     276      10.0384
     277      10.3358
     278       9.9799
     279       9.6961
     280       9.5089
     281      10.1535
     282      10.1880
     283       9.9177
     284       9.5754
     285       9.8988
     286       9.9721
     287       9.9091
     288      10.2309
     289      10.1735
     290       9.9828
     291      10.5484
     292       9.7493
     293      10.0517
     294       9.9435
     295      10.1105
     296       9.8964
     297      10.2514
     298      10.1674
     299       9.9394
     300      10.3029
     301       9.8693
     302      10.4409
     303      10.1053
     304       9.9959
     305      10.0476
     306      10.3608
     307      10.0329
     308      10.3165
     309      10.0149
     310      10.2487
     311      10.0933
     312      10.2084
     313       9.9839
     314       9.7470
     315      10.0772
     316      10.1849
     317       9.8217
     318       9.8049
     319      10.0162
     320      10.2221
     321      10.1754
     322      10.0570
     323       9.7434
     324      10.1266
     325       9.6954
     326      10.4210
     327      10.2885
     328      10.0935
     329       9.8321
     330       9.5050
     331       9.9237
     332      10.3589
     333      10.0208
     334      10.2275
     335       9.6326
     336       9.9482
     337       9.8816
     338      10.2255
     339      10.1767
     340       9.7180
     341      10.1860
     342       9.7097
     343       9.7957
     344       9.7144
     345      10.0240
     346       9.8645
     347       9.3286
     348       9.5693
     349       9.6724
     350      10.0471
     351       9.8838
     352      10.1265
     353       9.8823
     354       9.9932
     355       9.5477
     356      10.3912
     357      10.2950
     358      10.2121
     359      10.4996
     360       9.7917
     361       9.8325
     362       9.7604
     363      10.2861
     364       9.6082
     365      10.1489
     366       9.8124
     367       9.9345
     368       9.6780
     369      10.2419
     370       9.5773
     371       9.9449
     372       9.8576
     373       9.8541
     374       9.9816
     375      10.3755
     376       9.5708
     377      10.1858
     378       9.6683
     379       9.9970
     380      10.1004
     381      10.0694
     382      10.0168
     383      10.0709
     384      10.3157
     385      10.5848
     386      10.1253
     387       9.7674
     388      10.0134
     389       9.8565
     390      10.5869
     391      10.3321
     392      10.1946
     393      10.1978
     394      10.2664
     395      10.1361
     396      10.2001
     397      10.1772
     398       9.7898
     399      10.3562
     400      10.6939
     401      10.2516
     402       9.9128
     403       9.6085
     404      10.1747
     405       9.9662
     406       9.8800
     407       9.8353
     408       9.6677
     409      10.5048
     410      10.0880
     411      10.1858
     412      10.0296
     413       9.7765
     414       9.6317
     415       9.5325
     416       9.6629
     417      10.3775
     418       9.7823
     419       9.7333
     420       9.9616
     421      10.0969
     422       9.8256
     423       9.6938
     424       9.8519
     425       9.7888
     426      10.1092
     427      10.0421
     428      10.0728
     429      10.1978
     430       9.9058
     431       9.9465
     432      10.3637
     433      10.0723
     434      10.2661
     435       9.9741
     436      10.1432
     437      10.1038
     438      10.2743
     439       9.7385
     440      10.0004
     441      10.0976
     442      10.2154
     443      10.0821
     444       9.9201
     445      10.1929
     446       9.9360
     447      10.0220
     448       9.7414
     449      10.2287
     450      10.2045
     451      10.3755
     452       9.7823
     453       9.7220
     454       9.4953
     455       9.9952
     456      10.4972
     457       9.9483
     458      10.1182
     459      10.1093
     460      10.0837
     461      10.1213
     462       9.5725
     463      10.0479
     464      10.1983
     465       9.9311
     466      10.0616
     467      10.5140
     468      10.0652
     469      10.5133
     470       9.4701
     471       9.6855
     472      10.5650
     473      10.0820
     474      10.4663
     475       9.9394
     476      10.3439
     477      10.2528
     478      10.4660
     479       9.7562
     480       9.8883
     481      10.4442
     482      10.3559
     483      10.0661
     484      10.2047
     485       9.6392
     486       9.8089
     487      10.4693
     488       9.7480
     489      10.6415
     490      10.3343
     491       9.7464
     492       9.9161
     493       9.9677
     494       9.9334
     495      10.3566
     496      10.4809
     497       9.9463
     498       9.9734
     499       9.4949
     500       9.8872
     501      10.1408
     502       9.8463
     503      10.0755
     504       9.3945
     505      10.0721
     506      10.1922
     507       9.9518
     508       9.8107
     509       9.7210
     510      10.6820
     511      10.4917
     512       9.5598
     513      10.1672
     514       9.5727
     515       9.9539
     516      10.2320
     517      10.6798
     518      10.5223
     519      10.2288
     520      10.0537
     521      10.2356
     522       9.5612
     523      10.2372
     524       9.6861
     525      10.2473
     526      10.2114
     527       9.7520
     528       9.6872
     529       9.9490
     530       9.9217
     531       9.8086
     532      10.1703
     533       9.9418
     534      10.1306
     535      10.1162
     536      10.0602
     537      10.2122
     538      10.1566
     539      10.2697
     540      10.1157
     541      10.1395
     542       9.7780
     543      10.1117
     544       9.7412
     545      10.0058
     546      10.0378
     547      10.0688
     548       9.8112
     549       9.8661
     550      10.1001
     551       9.9066
     552      10.3088
     553       9.9525
     554       9.7960
     555      10.0000
     556      10.3461
     557      10.3462
     558      10.0885
     559       9.9907
     560       9.8927
     561       9.8951
     562      10.0183
     563      10.0344
     564      10.3552
     565      10.3801
     566      10.2672
     567      10.0614
     568       9.2955
     569      10.3435
     570      10.0519
     571      10.1482
     572       9.9521
     573      10.0296
     574      10.3959
     575       9.8506
     576       9.6998
     577       9.8631
     578      10.0316
     579      10.3009
     580       9.9379
     581       9.9857
     582       9.7357
     583      10.3384
     584       9.7969
     585       9.9092
     586      10.0038
     587      10.4650
     588       9.3574
     589      10.4977
     590      10.2524
     591       9.9996
     592       9.5818
     593      10.1890
     594      10.2305
     595      10.0414
     596      10.4813
     597       9.8417
     598      10.1066
     599       9.8392
     600      10.1884
     601       9.9865
     602       9.8540
     603       9.9501
     604       9.9056
     605      10.7047
     606      10.4703
     607      10.5784
     608       9.7269
     609      10.6067
     610      10.1304
     611       9.7126
     612      10.1709
     613       9.8887
     614      10.0321
     615       9.9005
     616      10.2196
     617       9.8596
     618      10.0727
     619       9.7835
     620       9.5482
     621       9.7360
     622      10.3247
     623       9.8337
     624      10.0637
     625       9.7093
     626       9.5689
     627      10.0784
     628      10.2187
     629      10.1066
     630       9.7669
     631      10.3837
     632       9.8523
     633      10.1192
     634      10.5773
     635       9.7573
     636      10.3242
     637      10.1156
     638       9.9528
     639      10.1709
     640      10.0094
     641      10.0385
     642      10.3989
     643       9.7548
     644       9.7423
     645       9.9048
     646      10.3558
     647       9.9192
     648      10.0751
     649       9.5050
     650      10.1895
     651      10.0124
     652      10.0480
     653       9.9413
     654       9.7153
     655       9.9939
     656      10.2256
     657      10.3355
     658      10.2061
     659       9.8167
     660      10.1302
     661      10.4086
     662       9.9116
     663       9.7827
     664       9.9152
     665      10.4572
     666      10.3532
     667      10.1389
     668       9.8444
     669       9.9367
     670      10.1216
     671       9.7033
     672      10.2889
     673      10.0717
     674       9.8826
     675       9.8450
     676       9.9341
     677      10.1593
     678      10.3579
     679       9.5792
     680      10.2919
     681      10.2372
     682       9.6671
     683      10.0918
     684       9.9357
     685       9.8947
     686      10.1584
     687      10.4476
     688      10.5605
     689       9.7502
     690      10.0015
     691       9.6412
     692      10.5399
     693       9.9878
     694      10.0795
     695      10.0592
     696      10.2539
     697      10.1009
     698      10.1164
     699      10.0509
     700      10.4689
     701       9.7477
     702      10.3147
     703      10.2403
     704      10.1294
     705      10.1891
     706      10.3360
     707      10.0534
     708      10.1633
     709       9.9635
     710      10.1874
     711      10.1218
     712       9.9027
     713      10.2526
     714      10.0798
     715      10.0830
     716      10.5441
     717      10.0258
     718      10.2127
     719       9.7899
     720       9.8837
     721      10.1021
     722       9.7364
     723       9.9558
     724      10.1048
     725      10.1345
     726      10.1225
     727       9.9752
     728      10.0376
     729       9.7504
     730      10.3145
     731       9.9868
     732       9.9837
     733       9.9633
     734       9.8697
     735      10.0060
     736      10.1551
     737      10.1476
     738      10.2680
     739      10.0901
     740       9.9970
     741       9.9768
     742       9.8870
     743      10.4477
     744      10.2501
     745       9.9761
     746      10.2656
     747      10.4556
     748       9.7198
     749      10.3446
     750      10.3763
     751      10.2376
     752       9.8149
     753       9.8938
     754       9.8679
     755      10.0818
     756       9.7985
     757      10.4701
     758      10.2351
     759       9.8444
     760       9.8585
     761      10.1684
     762       9.8536
     763       9.6413
     764      10.1077
     765      10.3221
     766       9.9165
     767       9.9232
     768      10.0304
     769       9.5683
     770      10.2889
     771      10.2863
     772      10.0538
     773      10.7658
     774      10.2491
     775       9.9133
     776      10.0414
     777      10.2645
     778      10.5905
     779      10.3915
     780      10.1731
     781      10.5182
     782       9.8755
     783      10.3259
     784       9.9058
     785       9.9907
     786      10.3920
     787      10.0851
     788      10.0427
     789      10.4027
     790      10.1504
     791      10.3866
     792      10.0703
     793      10.5328
     794      10.0963
     795      10.4572
     796      10.1245
     797      10.8327
     798      10.4144
     799      10.1217
     800      10.5554
     801      10.0582
     802       9.9064
     803      10.1549
     804      10.1034
     805       9.8041
     806       9.9255
     807      10.1492
     808       9.8253
     809      10.2278
     810       9.7998
     811      10.2739
     812      10.0589
     813      10.0023
     814      10.1989
     815       9.9438
     816      10.2292
     817      10.6601
     818      10.2293
     819      10.2721
     820      10.1990
     821      10.1726
     822      10.2105
     823       9.9720
     824      10.1874
     825      10.3716
     826       9.7125
     827       9.4044
     828      10.0304
     829       9.7689
     830       9.6736
     831      10.2159
     832       9.9162
     833       9.7610
     834      10.4059
     835       9.9151
     836       9.8795
     837       9.7094
     838      10.0186
     839       9.9451
     840       9.9384
     841      10.2658
     842      10.3913
     843       9.8172
     844       9.9472
     845       9.6568
     846      10.2157
     847       9.9401
     848       9.9434
     849      10.6059
     850      10.2357
     851      10.2354
     852      10.2119
     853       9.6754
     854       9.8322
     855      10.1752
     856      10.2096
     857       9.9907
     858      10.3957
     859      10.1121
     860       9.8008
     861       9.5584
     862       9.7814
     863       9.8781
     864       9.7929
     865      10.1886
     866      10.2106
     867      10.2767
     868       9.9134
     869      10.0508
     870       9.7016
     871      10.1935
     872      10.0727
     873      10.2917
     874      10.2966
     875      10.1418
     876       9.8184
     877       9.9622
     878       9.9557
     879       9.7752
     880      10.1897
     881      10.0569
     882       9.9631
     883      10.0716
     884      10.5295
     885      10.0566
     886       9.8491
     887       9.6146
     888       9.6026
     889       9.4804
     890      10.1915
     891       9.8434
     892      10.0323
     893       9.9493
     894      10.1005
     895       9.9110
     896      10.1676
     897      10.4570
     898       9.6015
     899       9.7521
     900      10.1687
     901      10.5895
     902      10.2985
     903       9.8825
     904      10.2399
     905       9.6068
     906       9.9790
     907       9.8584
     908      10.1943
     909       9.9940
     910       9.7378
     911       9.6597
     912       9.7500
     913       9.8866
     914       9.9105
     915      10.0763
     916       9.7267
     917      10.4682
     918       9.9489
     919      10.0940
     920      10.1663
     921      10.5006
     922      10.2069
     923      10.0801
     924      10.4328
     925      10.1194
     926      10.0133
     927      10.2885
     928      10.1716
     929      10.2025
     930      10.4094
     931       9.9200
     932      10.4630
     933      10.1009
     934      10.1429
     935      10.0855
     936       9.9055
     937      10.0084
     938      10.1310
     939      10.0474
     940      10.0242
     941      10.0466
     942      10.0966
     943      10.0640
     944      10.0326
     945      10.0990
     946       9.8753
     947       9.7878
     948      10.2830
     949       9.9898
     950       9.8784
     951       9.8461
     952      10.0649
     953      10.4060
     954       9.9427
     955       9.8531
     956      10.1937
     957       9.8492
     958      10.3523
     959      10.3043
     960      10.0643
     961      10.0625
     962      10.0677
     963       9.7000
     964      10.1825
     965      10.1939
     966      10.2565
     967       9.7213
     968      10.5029
     969      10.3472
     970       9.8341
     971      10.0292
     972      10.3217
     973      10.2116
     974      10.1863
     975       9.8401
     976      10.3389
     977      10.2811
     978       9.8688
     979      10.2826
     980       9.9906
     981      10.3454
     982      10.0488
     983      10.0078
     984       9.8358
     985      10.0311
     986       9.9802
     987       9.9922
     988      10.1716
     989       9.7308
     990       9.7843
     991      10.5326
     992      10.4035
     993      10.0181
     994      10.2719
     995      10.1013
     996      10.1693
     997       9.5517
     998      10.1588
     999      10.4504
    1000      10.5801
