#Frame   M1-E175-Oe_M1-T148-HG1
       1                 5.6510
       2                 6.1176
       3                 6.0267
       4                 5.9980
       5                 5.6571
       6                 5.9765
       7                 6.1100
       8                 5.8524
       9                 5.6589
      10                 5.3928
      11                 6.2789
      12                 5.4189
      13                 5.6549
      14                 5.7005
      15                 5.9668
      16                 5.9927
      17                 5.2113
      18                 5.4976
      19                 5.6115
      20                 5.9495
      21                 5.9756
      22                 5.3553
      23                 5.5961
      24                 5.4687
      25                 5.8385
      26                 5.3114
      27                 5.8854
      28                 5.8078
      29                 5.8959
      30                 5.8271
      31                 5.9366
      32                 5.8146
      33                 5.6189
      34                 5.7695
      35                 5.4013
      36                 5.8650
      37                 5.7053
      38                 6.3167
      39                 5.5952
      40                 5.7623
      41                 5.5731
      42                 5.7701
      43                 6.3942
      44                 6.2132
      45                 5.7738
      46                 5.3529
      47                 6.0906
      48                 5.4782
      49                 5.8499
      50                 5.6382
      51                 6.3388
      52                 5.5153
      53                 5.5888
      54                 6.3259
      55                 6.0368
      56                 6.1688
      57                 5.5771
      58                 5.9891
      59                 5.8946
      60                 5.8471
      61                 5.5829
      62                 5.8062
      63                 5.6999
      64                 5.8309
      65                 5.5623
      66                 5.5704
      67                 5.9314
      68                 5.4456
      69                 6.0795
      70                 6.2550
      71                 5.7083
      72                 5.9141
      73                 5.7866
      74                 6.3715
      75                 6.4100
      76                 5.1959
      77                 5.2608
      78                 6.1174
      79                 5.5410
      80                 5.7058
      81                 6.2342
      82                 5.4506
      83                 5.8754
      84                 5.9718
      85                 6.1136
      86                 5.8272
      87                 5.9490
      88                 6.0720
      89                 5.7925
      90                 5.7875
      91                 5.7341
      92                 5.6322
      93                 5.9220
      94                 5.6337
      95                 6.1759
      96                 5.6412
      97                 5.8507
      98                 5.6139
      99                 5.2025
     100                 5.5611
     101                 6.7667
     102                 5.3735
     103                 5.3050
     104                 5.5066
     105                 5.4190
     106                 5.3742
     107                 5.9635
     108                 5.6278
     109                 5.6238
     110                 5.3803
     111                 5.3276
     112                 5.9424
     113                 5.4358
     114                 5.7822
     115                 5.8500
     116                 5.3431
     117                 6.0538
     118                 5.5907
     119                 5.8865
     120                 5.4545
     121                 6.1130
     122                 6.1155
     123                 5.8846
     124                 5.6675
     125                 6.2058
     126                 6.0888
     127                 5.7026
     128                 6.2719
     129                 5.9597
     130                 5.7746
     131                 6.0433
     132                 6.0800
     133                 6.0224
     134                 5.7728
     135                 5.5508
     136                 5.6618
     137                 5.8909
     138                 6.0910
     139                 5.5679
     140                 5.5710
     141                 5.6520
     142                 6.1003
     143                 5.6107
     144                 6.1874
     145                 5.4920
     146                 5.3204
     147                 5.4650
     148                 5.7911
     149                 6.4135
     150                 6.1832
     151                 5.9792
     152                 6.0148
     153                 5.2871
     154                 5.0760
     155                 5.1636
     156                 5.8118
     157                 5.4634
     158                 5.6318
     159                 5.5475
     160                 5.7743
     161                 5.7482
     162                 5.7182
     163                 5.5402
     164                 5.4449
     165                 6.1868
     166                 5.4034
     167                 5.9746
     168                 6.0014
     169                 5.7628
     170                 5.9599
     171                 5.7846
     172                 5.9678
     173                 5.8443
     174                 6.1597
     175                 5.4531
     176                 5.5535
     177                 6.0249
     178                 6.3521
     179                 6.0410
     180                 5.8770
     181                 6.1571
     182                 5.9520
     183                 6.0574
     184                 5.6374
     185                 5.3676
     186                 5.9214
     187                 5.6302
     188                 5.9464
     189                 5.4303
     190                 6.4129
     191                 5.5822
     192                 5.6506
     193                 5.8785
     194                 5.3207
     195                 5.1526
     196                 5.9851
     197                 5.6464
     198                 5.4517
     199                 5.7595
     200                 5.5668
     201                 5.8097
     202                 5.4436
     203                 5.5314
     204                 5.9110
     205                 5.6473
     206                 5.8084
     207                 5.8758
     208                 5.7181
     209                 6.0763
     210                 5.7089
     211                 2.3107
     212                 5.1523
     213                 5.6371
     214                 5.5146
     215                 5.5131
     216                 6.1038
     217                 5.8834
     218                 5.8468
     219                 5.4625
     220                 5.7271
     221                 5.3866
     222                 5.9114
     223                 5.6208
     224                 5.4502
     225                 5.8773
     226                 6.2353
     227                 6.3256
     228                 5.7327
     229                 6.0818
     230                 5.4715
     231                 5.6623
     232                 5.8453
     233                 5.7216
     234                 5.9262
     235                 5.6693
     236                 5.9247
     237                 6.0779
     238                 5.5044
     239                 5.1609
     240                 5.8398
     241                 5.6289
     242                 5.7177
     243                 5.3184
     244                 5.2639
     245                 5.7991
     246                 5.7630
     247                 5.8463
     248                 5.7291
     249                 5.4940
     250                 5.6246
     251                 5.6205
     252                 5.6683
     253                 5.9280
     254                 6.3843
     255                 5.6811
     256                 5.6068
     257                 5.6733
     258                 5.2761
     259                 5.5998
     260                 6.1501
     261                 5.4929
     262                 5.9167
     263                 5.8801
     264                 5.8077
     265                 5.7160
     266                 5.8685
     267                 6.0491
     268                 5.8801
     269                 6.5235
     270                 5.8596
     271                 5.7821
     272                 5.3445
     273                 5.8883
     274                 6.1365
     275                 5.5367
     276                 5.9309
     277                 5.5520
     278                 5.3915
     279                 5.8289
     280                 5.4626
     281                 5.3353
     282                 5.6180
     283                 6.0193
     284                 5.4141
     285                 5.4766
     286                 5.5879
     287                 5.5424
     288                 5.5430
     289                 5.9915
     290                 5.9394
     291                 5.8534
     292                 6.1525
     293                 5.9648
     294                 5.6878
     295                 5.6084
     296                 6.7783
     297                 5.4730
     298                 5.8168
     299                 6.0474
     300                 6.2679
     301                 5.6276
     302                 5.6179
     303                 6.1736
     304                 5.6622
     305                 6.0623
     306                 5.4375
     307                 6.2450
     308                 5.4832
     309                 5.5942
     310                 5.7372
     311                 5.5626
     312                 5.6042
     313                 5.2087
     314                 6.2115
     315                 5.7747
     316                 5.3144
     317                 5.7611
     318                 6.3856
     319                 5.6277
     320                 5.4968
     321                 5.3448
     322                 6.1051
     323                 5.6821
     324                 5.6768
     325                 5.6623
     326                 5.7910
     327                 5.4503
     328                 5.2755
     329                 5.4731
     330                 5.5455
     331                 5.5991
     332                 5.8235
     333                 5.6123
     334                 5.4200
     335                 6.1082
     336                 5.4733
     337                 5.2418
     338                 5.5818
     339                 5.6194
     340                 5.3386
     341                 5.7122
     342                 5.5944
     343                 5.4729
     344                 5.6950
     345                 5.7559
     346                 5.3926
     347                 5.7971
     348                 5.9875
     349                 5.7264
     350                 5.4677
     351                 5.5362
     352                 5.7736
     353                 5.8082
     354                 5.8309
     355                 5.5796
     356                 5.9550
     357                 5.9099
     358                 5.0372
     359                 5.2958
     360                 5.2837
     361                 5.6646
     362                 6.7024
     363                 5.7761
     364                 5.9726
     365                 5.8343
     366                 6.0837
     367                 5.7644
     368                 5.0794
     369                 5.5165
     370                 5.8241
     371                 5.8904
     372                 5.6732
     373                 5.5966
     374                 5.8480
     375                 5.3975
     376                 5.6953
     377                 6.0965
     378                 5.5209
     379                 5.7519
     380                 5.4733
     381                 5.9776
     382                 6.2071
     383                 5.8487
     384                 6.1752
     385                 5.9656
     386                 6.1882
     387                 6.0698
     388                 5.8168
     389                 6.0894
     390                 5.8951
     391                 6.0723
     392                 5.7734
     393                 5.5529
     394                 5.7248
     395                 6.1809
     396                 5.3983
     397                 5.3527
     398                 6.3025
     399                 5.5544
     400                 6.0848
     401                 6.1543
     402                 5.6067
     403                 5.9958
     404                 5.4475
     405                 5.3355
     406                 5.3663
     407                 5.4162
     408                 5.8924
     409                 5.9116
     410                 5.6002
     411                 5.2103
     412                 5.5664
     413                 5.8196
     414                 5.6452
     415                 6.1155
     416                 5.9162
     417                 5.7211
     418                 5.5925
     419                 5.7830
     420                 5.6885
     421                 5.9964
     422                 6.0328
     423                 6.2124
     424                 5.4726
     425                 5.7291
     426                 5.4079
     427                 5.6127
     428                 5.4743
     429                 5.5313
     430                 6.1583
     431                 5.8436
     432                 5.8182
     433                 6.5345
     434                 5.8935
     435                 6.6037
     436                 5.3339
     437                 5.4751
     438                 5.5375
     439                 5.7065
     440                 5.6780
     441                 5.4184
     442                 5.3388
     443                 5.7597
     444                 5.0311
     445                 5.6803
     446                 5.2169
     447                 5.3534
     448                 5.9379
     449                 5.3774
     450                 5.7404
     451                 5.7675
     452                 5.5063
     453                 5.6883
     454                 5.5765
     455                 5.3022
     456                 5.6280
     457                 6.0292
     458                 4.9666
     459                 5.8466
     460                 5.2653
     461                 5.4849
     462                 5.6052
     463                 5.5012
     464                 5.6043
     465                 5.8167
     466                 5.7090
     467                 5.5674
     468                 5.7453
     469                 5.9940
     470                 5.9605
     471                 6.0453
     472                 5.8290
     473                 5.9317
     474                 6.0569
     475                 5.6993
     476                 5.2480
     477                 6.0810
     478                 6.0290
     479                 5.1408
     480                 5.7307
     481                 5.7700
     482                 5.6040
     483                 5.5488
     484                 5.9414
     485                 5.5801
     486                 5.7678
     487                 6.1091
     488                 6.1241
     489                 5.7847
     490                 5.7740
     491                 5.8379
     492                 5.8818
     493                 5.3342
     494                 5.3355
     495                 5.5439
     496                 5.7142
     497                 5.8770
     498                 5.6664
     499                 5.5603
     500                 5.2668
     501                 5.7438
     502                 5.6391
     503                 6.1545
     504                 5.5327
     505                 5.9045
     506                 5.6069
     507                 5.6993
     508                 5.8637
     509                 5.4941
     510                 5.8632
     511                 6.1752
     512                 5.3615
     513                 5.4928
     514                 5.7667
     515                 5.2923
     516                 5.6172
     517                 5.8507
     518                 5.9961
     519                 5.9087
     520                 5.1858
     521                 6.1235
     522                 5.6522
     523                 5.7996
     524                 5.6549
     525                 5.7696
     526                 6.0207
     527                 6.0385
     528                 5.6194
     529                 5.5895
     530                 5.8436
     531                 5.7969
     532                 6.3342
     533                 5.7247
     534                 5.7156
     535                 5.2677
     536                 5.8669
     537                 5.4547
     538                 5.7227
     539                 5.3175
     540                 5.6599
     541                 5.8062
     542                 5.6054
     543                 5.7085
     544                 6.2731
     545                 5.7151
     546                 6.1620
     547                 5.5085
     548                 6.1799
     549                 5.3246
     550                 5.5102
     551                 6.0724
     552                 5.6680
     553                 5.5356
     554                 5.6625
     555                 6.3473
     556                 5.6405
     557                 5.9587
     558                 5.1415
     559                 5.7604
     560                 5.7492
     561                 5.7952
     562                 6.0680
     563                 6.0051
     564                 5.6727
     565                 5.8214
     566                 5.6818
     567                 5.5039
     568                 6.3809
     569                 5.8291
     570                 6.1122
     571                 5.6783
     572                 5.6706
     573                 5.3630
     574                 5.7737
     575                 5.5329
     576                 6.7129
     577                 5.8662
     578                 5.8711
     579                 5.4484
     580                 5.7562
     581                 5.7165
     582                 5.7782
     583                 5.5954
     584                 5.6422
     585                 5.2209
     586                 5.6605
     587                 5.2489
     588                 5.3650
     589                 5.7745
     590                 5.8602
     591                 5.4649
     592                 5.8085
     593                 5.1631
     594                 5.6685
     595                 6.1575
     596                 6.0473
     597                 6.1050
     598                 6.2498
     599                 5.6852
     600                 6.2148
     601                 5.8016
     602                 5.6667
     603                 5.5037
     604                 5.3612
     605                 6.4034
     606                 6.1330
     607                 6.0818
     608                 6.0060
     609                 5.8333
     610                 5.9032
     611                 5.7521
     612                 5.7100
     613                 5.4300
     614                 5.5111
     615                 6.2680
     616                 6.0827
     617                 5.4868
     618                 5.9675
     619                 6.2540
     620                 5.8675
     621                 5.6558
     622                 5.6433
     623                 5.5156
     624                 5.1745
     625                 5.4788
     626                 5.8895
     627                 5.5274
     628                 5.8626
     629                 5.9692
     630                 5.9241
     631                 5.3914
     632                 6.0552
     633                 5.6691
     634                 2.1405
     635                 5.6207
     636                 5.6486
     637                 5.4335
     638                 5.7199
     639                 2.4306
     640                 5.9644
     641                 5.5660
     642                 6.0804
     643                 6.1425
     644                 5.5294
     645                 5.7656
     646                 5.9787
     647                 6.2203
     648                 6.0347
     649                 5.4954
     650                 5.2284
     651                 6.0377
     652                 5.6917
     653                 5.9757
     654                 6.1876
     655                 5.8106
     656                 5.9961
     657                 6.0019
     658                 5.3235
     659                 5.7377
     660                 5.4552
     661                 5.8984
     662                 5.7754
     663                 5.4116
     664                 5.8807
     665                 5.9967
     666                 5.8892
     667                 6.3249
     668                 5.6908
     669                 5.5026
     670                 5.7478
     671                 6.2829
     672                 5.7381
     673                 5.8224
     674                 5.3497
     675                 5.8841
     676                 5.8263
     677                 5.6725
     678                 5.5837
     679                 5.3176
     680                 5.2030
     681                 5.5460
     682                 5.6626
     683                 5.2299
     684                 5.4948
     685                 6.0769
     686                 5.5286
     687                 6.0251
     688                 5.6204
     689                 5.8946
     690                 5.0853
     691                 6.0658
     692                 5.6166
     693                 5.6748
     694                 5.5369
     695                 5.7638
     696                 6.1290
     697                 6.4747
     698                 6.3569
     699                 5.8515
     700                 5.3700
     701                 5.5501
     702                 5.5367
     703                 5.7878
     704                 6.1386
     705                 5.6952
     706                 5.6773
     707                 6.1731
     708                 5.5999
     709                 5.3838
     710                 5.4443
     711                 5.8413
     712                 5.3640
     713                 5.9101
     714                 5.3133
     715                 6.2648
     716                 5.8853
     717                 5.4563
     718                 5.5135
     719                 6.1378
     720                 5.6677
     721                 5.8691
     722                 6.0270
     723                 5.7952
     724                 5.5487
     725                 5.6883
     726                 5.1823
     727                 6.0229
     728                 5.8873
     729                 5.6150
     730                 5.6872
     731                 5.2972
     732                 5.8040
     733                 5.6876
     734                 5.7565
     735                 5.5651
     736                 5.9318
     737                 5.6244
     738                 5.3400
     739                 6.2179
     740                 5.9776
     741                 5.6310
     742                 5.7567
     743                 6.0233
     744                 5.7026
     745                 5.7826
     746                 5.4448
     747                 5.2581
     748                 5.6049
     749                 5.3492
     750                 5.4923
     751                 5.7410
     752                 5.4758
     753                 5.4291
     754                 5.4385
     755                 5.8249
     756                 5.7792
     757                 6.2808
     758                 6.8376
     759                 5.9346
     760                 5.8322
     761                 5.4502
     762                 5.7394
     763                 5.1727
     764                 6.1912
     765                 5.9474
     766                 5.8404
     767                 6.0023
     768                 5.5959
     769                 5.6225
     770                 5.6980
     771                 5.8204
     772                 5.4983
     773                 5.7733
     774                 5.7606
     775                 5.9638
     776                 5.8025
     777                 5.9853
     778                 5.5695
     779                 5.6476
     780                 5.5498
     781                 5.2497
     782                 5.3995
     783                 5.6744
     784                 6.2247
     785                 5.7984
     786                 6.0923
     787                 5.4938
     788                 5.9519
     789                 5.7161
     790                 5.7149
     791                 6.0021
     792                 6.2217
     793                 5.9091
     794                 5.6437
     795                 5.6683
     796                 6.0842
     797                 5.5476
     798                 5.5546
     799                 5.9059
     800                 5.8128
     801                 6.1724
     802                 5.8573
     803                 5.4874
     804                 5.7212
     805                 5.9007
     806                 5.3543
     807                 6.0455
     808                 5.7077
     809                 5.7074
     810                 5.4853
     811                 5.8794
     812                 6.1205
     813                 5.5077
     814                 5.3233
     815                 5.8811
     816                 5.5642
     817                 5.8788
     818                 5.5905
     819                 5.7301
     820                 6.0537
     821                 5.8221
     822                 5.4972
     823                 5.6556
     824                 5.6366
     825                 6.0865
     826                 5.7691
     827                 5.8936
     828                 5.9071
     829                 5.8880
     830                 5.7470
     831                 6.1876
     832                 5.7583
     833                 5.8617
     834                 5.8897
     835                 5.6925
     836                 6.2707
     837                 5.6695
     838                 5.9505
     839                 5.6439
     840                 5.9192
     841                 5.5671
     842                 6.2803
     843                 5.2678
     844                 6.3617
     845                 6.1736
     846                 5.7892
     847                 5.5471
     848                 5.9989
     849                 6.0155
     850                 5.9260
     851                 6.2381
     852                 5.2816
     853                 5.5397
     854                 5.8661
     855                 5.7590
     856                 5.2538
     857                 5.5833
     858                 5.7768
     859                 6.0733
     860                 5.9619
     861                 6.1034
     862                 6.3968
     863                 6.5763
     864                 5.4589
     865                 5.5988
     866                 6.0054
     867                 5.5772
     868                 6.0683
     869                 6.1698
     870                 5.8500
     871                 5.5703
     872                 5.5732
     873                 6.0718
     874                 5.9658
     875                 5.5347
     876                 5.5875
     877                 5.4126
     878                 6.0618
     879                 5.4553
     880                 5.8239
     881                 5.6282
     882                 5.8537
     883                 5.6636
     884                 5.8284
     885                 5.9091
     886                 5.9956
     887                 5.6969
     888                 5.4095
     889                 5.9109
     890                 5.7322
     891                 5.7374
     892                 6.0806
     893                 5.5419
     894                 5.7874
     895                 5.5777
     896                 5.8919
     897                 5.4314
     898                 6.0285
     899                 5.8122
     900                 6.6006
     901                 5.6289
     902                 6.3089
     903                 5.8976
     904                 5.8721
     905                 6.1611
     906                 6.2202
     907                 6.2647
     908                 5.6618
     909                 5.9402
     910                 5.8915
     911                 5.2909
     912                 5.3572
     913                 6.1399
     914                 5.5288
     915                 5.7953
     916                 5.9167
     917                 6.1472
     918                 6.1591
     919                 5.6106
     920                 5.6077
     921                 5.1944
     922                 5.8388
     923                 5.7376
     924                 6.4568
     925                 5.8771
     926                 6.3121
     927                 5.2347
     928                 6.2773
     929                 5.4020
     930                 5.9662
     931                 5.7457
     932                 5.9640
     933                 5.8276
     934                 6.2217
     935                 5.4598
     936                 5.0620
     937                 5.5253
     938                 5.1432
     939                 5.5220
     940                 5.7442
     941                 6.2911
     942                 5.6016
     943                 5.6748
     944                 5.7959
     945                 5.4497
     946                 5.4584
     947                 5.7523
     948                 5.7987
     949                 5.7531
     950                 6.0304
     951                 5.7848
     952                 5.6447
     953                 5.5116
     954                 5.8803
     955                 5.5867
     956                 5.6105
     957                 6.0440
     958                 6.4582
     959                 5.4431
     960                 5.7849
     961                 5.4232
     962                 5.6854
     963                 5.9861
     964                 6.0183
     965                 5.4488
     966                 5.4023
     967                 5.6675
     968                 5.8382
     969                 6.3246
     970                 5.7667
     971                 5.8770
     972                 5.4049
     973                 6.0679
     974                 6.1071
     975                 5.7153
     976                 5.6580
     977                 8.0531
     978                 6.1593
     979                 6.2346
     980                 5.5116
     981                 5.4801
     982                 5.5670
     983                 5.9933
     984                 5.6763
     985                 5.8043
     986                 6.2762
     987                 5.6918
     988                 5.5903
     989                 5.5491
     990                 5.5804
     991                 5.6723
     992                 6.2549
     993                 6.1257
     994                 5.6890
     995                 5.5738
     996                 5.6365
     997                 5.9329
     998                 6.0413
     999                 5.7888
    1000                 5.9855
