#Frame         phi:32
       1     -66.4448
       2     -71.7657
       3     -98.6414
       4     -73.9866
       5     -71.9578
       6     -70.0962
       7     -86.4630
       8     -55.0666
       9     -54.0646
      10     -61.8397
      11     -81.4664
      12     -52.4248
      13     -59.4808
      14     -74.7781
      15     -63.5820
      16     -60.7310
      17     -75.7254
      18     -59.7374
      19     -42.9711
      20     -65.4022
      21     -85.5219
      22     -65.3953
      23     -62.4980
      24     -78.9142
      25     -67.8914
      26     -65.2471
      27     -51.8708
      28     -74.6296
      29     -78.7968
      30     -60.1083
      31     -65.6287
      32     -74.1163
      33     -51.5930
      34     -56.1045
      35     -51.7826
      36     -69.6519
      37     -63.7730
      38     -59.5417
      39     -69.7773
      40     -75.5513
      41     -40.0685
      42     -64.1539
      43     -55.4893
      44     -65.9811
      45     -68.3325
      46     -66.9450
      47     -50.0737
      48     -59.2542
      49     -63.1231
      50     -75.2972
      51     -64.3624
      52     -50.7111
      53     -61.4474
      54     -72.4180
      55     -59.2479
      56     -64.6817
      57     -72.5801
      58     -97.9395
      59     -68.2147
      60     -60.4656
      61     -68.1800
      62     -56.4829
      63     -75.9975
      64     -75.5574
      65     -84.1200
      66     -52.6827
      67     -69.3652
      68     -58.7546
      69     -63.6936
      70     -70.9330
      71     -73.7355
      72     -74.8554
      73     -70.5761
      74     -60.6286
      75     -91.8705
      76     -76.4709
      77     -69.9588
      78     -64.0157
      79     -58.7066
      80     -62.0936
      81     -70.4935
      82     -55.1962
      83     -62.7706
      84     -65.4672
      85     -53.5408
      86     -51.6003
      87     -64.3471
      88     -62.1876
      89     -63.3535
      90     -59.3385
      91     -73.3301
      92     -64.3107
      93     -49.2721
      94     -50.1359
      95     -85.1166
      96     -79.9694
      97     -70.2644
      98     -51.7109
      99     -77.2055
     100     -78.4943
     101     -59.9748
     102     -65.3216
     103     -59.6144
     104     -58.9027
     105     -67.4033
     106     -68.9435
     107     -52.0117
     108     -88.8009
     109     -92.9860
     110     -70.4251
     111     -66.8578
     112     -81.6110
     113     -67.0477
     114     -54.8476
     115     -59.1034
     116     -66.6253
     117     -78.7566
     118     -59.2333
     119     -84.6091
     120     -62.2213
     121     -70.8095
     122     -52.8702
     123     -59.2579
     124     -72.0257
     125     -74.2895
     126     -70.6186
     127     -88.4738
     128     -56.8289
     129     -70.0452
     130     -73.0581
     131     -74.7577
     132     -68.1969
     133     -74.3819
     134     -61.1837
     135     -79.5279
     136     -61.0257
     137     -48.4172
     138     -77.4784
     139     -87.3118
     140     -63.4213
     141     -56.4060
     142     -78.1265
     143     -54.6404
     144     -63.4520
     145     -75.4211
     146     -70.7690
     147     -56.1616
     148     -77.0618
     149     -59.6981
     150     -75.0602
     151     -67.5763
     152     -55.3174
     153     -73.6349
     154     -74.1462
     155     -53.2002
     156     -72.0192
     157     -75.2436
     158     -71.4185
     159     -51.0794
     160     -74.8010
     161     -60.5352
     162     -66.0091
     163     -76.1955
     164     -66.9458
     165     -61.9463
     166     -55.5762
     167     -61.3646
     168     -88.2888
     169     -88.1346
     170     -55.7708
     171     -67.4491
     172     -55.9281
     173     -68.1097
     174     -94.6069
     175     -71.8627
     176     -76.2051
     177     -64.1777
     178     -45.5305
     179     -68.8028
     180     -66.3624
     181     -76.6440
     182     -71.3075
     183     -67.3558
     184     -56.1762
     185     -66.1656
     186     -86.9315
     187     -54.6358
     188     -52.1868
     189     -75.9335
     190     -66.2738
     191     -69.9687
     192     -88.6068
     193     -74.8415
     194     -52.9591
     195     -82.4054
     196     -70.7371
     197     -81.0652
     198     -66.5520
     199     -79.5480
     200     -49.6109
     201     -75.4152
     202     -65.2413
     203     -66.7692
     204     -61.4902
     205     -58.7576
     206     -73.7829
     207     -80.7212
     208     -77.2826
     209     -57.0760
     210     -68.3943
     211     -69.6248
     212     -76.6503
     213     -70.3764
     214     -58.3248
     215     -75.0759
     216     -67.4346
     217     -55.3545
     218     -68.3803
     219     -70.8808
     220     -61.1189
     221     -90.0591
     222     -69.6803
     223     -88.8628
     224     -66.2106
     225     -68.0628
     226     -61.1922
     227     -69.9032
     228     -79.7728
     229     -63.2460
     230     -56.9426
     231     -57.4909
     232     -75.4617
     233     -68.3767
     234     -65.4266
     235     -65.0674
     236     -65.8261
     237     -62.7090
     238     -66.5301
     239     -60.1589
     240     -58.3842
     241     -56.7899
     242     -70.0931
     243     -66.2760
     244     -72.4493
     245     -62.8302
     246     -71.3346
     247     -54.1786
     248     -59.2171
     249     -59.8449
     250     -55.2449
     251     -99.3631
     252     -67.3938
     253     -62.5476
     254     -49.4773
     255     -91.3846
     256     -61.4466
     257     -70.5877
     258     -65.1655
     259     -86.7558
     260     -89.1608
     261     -69.3997
     262     -50.5643
     263     -63.8480
     264     -67.1523
     265     -90.2171
     266     -61.8889
     267     -75.5484
     268     -57.8052
     269     -66.4854
     270     -82.5149
     271     -77.2751
     272     -67.3893
     273     -73.5978
     274     -65.7710
     275     -78.7938
     276     -65.5424
     277     -52.6637
     278     -67.4617
     279     -75.5691
     280     -70.7826
     281     -52.7585
     282     -79.9372
     283     -60.9309
     284     -79.1672
     285     -71.6726
     286     -97.5166
     287     -75.1767
     288     -70.9622
     289     -67.1970
     290     -51.3745
     291     -70.4330
     292     -68.1038
     293     -76.0853
     294     -73.6266
     295     -60.5607
     296     -66.2616
     297     -51.5204
     298     -39.2492
     299     -37.9295
     300     -71.7616
     301     -65.5801
     302     -64.2694
     303     -73.3146
     304     -57.5034
     305     -62.0443
     306     -65.3796
     307     -68.1552
     308     -56.9790
     309     -44.9323
     310     -83.6991
     311     -81.3875
     312     -65.0562
     313     -70.1927
     314     -55.1533
     315     -59.9243
     316     -72.2599
     317     -68.0573
     318     -78.4226
     319     -67.5993
     320     -65.5670
     321     -64.8896
     322     -77.3272
     323     -51.2687
     324     -64.6963
     325     -66.2373
     326     -69.3718
     327     -55.9284
     328     -54.3700
     329     -59.2408
     330     -60.2357
     331     -82.9035
     332     -74.6997
     333     -82.6658
     334     -65.7636
     335     -60.8004
     336     -63.1239
     337     -57.7175
     338     -66.3412
     339     -74.2067
     340     -46.4046
     341     -49.1127
     342     -60.2667
     343     -72.3109
     344     -71.4603
     345     -70.7217
     346     -67.6031
     347     -60.1888
     348     -92.0680
     349     -80.7299
     350     -71.8668
     351     -61.8956
     352     -58.5067
     353     -69.3619
     354     -52.5105
     355     -71.2995
     356     -65.3252
     357     -79.6576
     358     -61.6886
     359     -52.8703
     360     -67.2541
     361     -75.5294
     362     -49.1338
     363     -69.5702
     364     -53.5066
     365     -46.0861
     366     -55.6618
     367     -35.8883
     368     -52.0824
     369     -68.5582
     370     -66.9445
     371     -56.2936
     372     -68.4363
     373     -60.6987
     374     -68.7323
     375     -87.2888
     376     -72.1140
     377     -63.6955
     378     -68.8016
     379     -63.8968
     380     -92.5419
     381     -83.1619
     382     -75.6293
     383     -76.8473
     384     -70.0114
     385     -73.8391
     386     -80.5716
     387     -70.0787
     388     -49.2518
     389     -60.2913
     390     -56.8951
     391     -73.9644
     392     -56.9564
     393     -66.5037
     394     -76.8421
     395     -75.1902
     396     -70.3940
     397     -76.1315
     398     -69.1369
     399     -75.8016
     400     -91.3974
     401     -61.5555
     402     -81.8352
     403     -73.2860
     404     -63.9132
     405     -73.3105
     406     -54.9276
     407     -70.8974
     408     -48.8677
     409     -57.2698
     410     -70.5125
     411     -82.6078
     412     -70.4491
     413     -69.5325
     414     -58.5039
     415     -67.3247
     416     -67.8825
     417     -72.1408
     418     -54.9810
     419     -55.9285
     420     -68.0123
     421     -76.3062
     422     -61.4858
     423     -75.7836
     424     -60.3922
     425     -75.8356
     426     -63.7729
     427     -60.5686
     428     -72.7481
     429     -52.6820
     430     -73.6552
     431     -61.9078
     432     -77.8981
     433     -62.5614
     434     -72.9802
     435     -67.4521
     436     -58.6623
     437     -62.2837
     438     -65.8517
     439     -82.8901
     440     -77.8568
     441     -76.5264
     442     -58.6134
     443     -58.8441
     444     -72.0616
     445     -69.1037
     446     -57.0317
     447     -60.6713
     448     -85.1772
     449     -56.3429
     450     -59.0611
     451     -85.4863
     452     -76.3595
     453     -86.8496
     454     -61.4289
     455     -58.9313
     456     -47.5290
     457     -77.0717
     458     -67.8841
     459     -96.1891
     460     -50.9753
     461     -74.2152
     462     -60.7650
     463     -68.6886
     464     -71.6348
     465     -50.9796
     466     -55.6963
     467     -67.4335
     468     -59.6116
     469     -72.2332
     470     -55.2117
     471     -93.7181
     472     -73.5444
     473     -58.7057
     474     -65.8403
     475     -74.8411
     476     -64.1878
     477     -73.9703
     478     -84.0324
     479     -54.3349
     480     -70.4895
     481     -66.4175
     482     -60.6761
     483     -65.2136
     484     -57.6950
     485     -63.1538
     486     -71.0331
     487     -64.1573
     488     -90.3076
     489     -83.2906
     490     -71.9093
     491     -52.6742
     492     -77.8226
     493     -67.7884
     494     -58.9468
     495     -77.3338
     496     -53.1370
     497     -75.2398
     498     -67.1564
     499     -73.2925
     500     -83.8979
     501     -59.8906
     502     -65.9078
     503     -72.8031
     504     -66.4206
     505     -75.3278
     506     -63.5397
     507     -67.7064
     508     -71.9592
     509     -64.6918
     510     -53.1233
     511     -60.1444
     512     -71.4205
     513     -82.1855
     514     -66.9708
     515     -64.9524
     516     -92.0375
     517     -73.3791
     518     -64.2986
     519     -80.1804
     520     -84.5819
     521     -54.0535
     522     -56.5475
     523     -55.1690
     524     -74.4760
     525     -65.5504
     526     -68.5099
     527     -67.2576
     528     -62.5576
     529     -55.0283
     530     -81.7276
     531     -75.1058
     532     -65.2829
     533     -67.5839
     534     -90.0868
     535     -63.9205
     536     -61.1306
     537     -71.3859
     538     -66.4052
     539     -78.1426
     540     -69.5209
     541     -48.8387
     542     -59.9630
     543     -80.3109
     544     -75.1497
     545     -60.8734
     546     -68.9401
     547     -71.6728
     548     -79.7112
     549     -46.4310
     550     -61.5738
     551     -79.3868
     552     -55.8075
     553     -64.8881
     554     -73.2467
     555     -48.8950
     556     -82.7848
     557     -58.8709
     558     -51.0572
     559     -67.5384
     560     -70.3080
     561     -72.5418
     562     -79.8562
     563     -77.9440
     564     -58.9002
     565     -60.8464
     566     -64.6084
     567     -62.5763
     568     -59.1780
     569     -63.5107
     570     -59.9595
     571     -61.0569
     572     -64.6118
     573     -61.4666
     574     -71.8060
     575     -61.4455
     576     -80.7349
     577     -53.1226
     578     -70.8129
     579     -76.6323
     580     -62.9055
     581     -63.8342
     582     -57.3387
     583     -73.4262
     584     -50.8833
     585     -62.5121
     586     -75.0157
     587     -59.6859
     588     -65.6329
     589     -61.1718
     590     -59.7700
     591     -68.9130
     592     -70.6478
     593     -53.4968
     594     -73.5655
     595     -78.8849
     596     -77.2705
     597     -81.5732
     598     -78.4388
     599     -68.8576
     600     -74.2701
     601     -59.6565
     602     -69.4764
     603     -68.1115
     604     -65.3838
     605     -77.2065
     606     -88.5894
     607     -67.3850
     608     -80.4462
     609     -58.6288
     610     -91.0873
     611     -66.3859
     612     -70.7130
     613     -66.6584
     614     -80.7458
     615     -66.9385
     616     -73.3559
     617     -55.4811
     618     -71.5333
     619     -85.4243
     620     -62.2640
     621     -67.4810
     622     -77.2632
     623     -55.1498
     624     -64.4408
     625     -68.6339
     626     -59.6811
     627     -54.0076
     628     -69.8210
     629     -54.9360
     630     -66.4539
     631     -72.9644
     632     -77.6150
     633     -64.0813
     634     -74.3967
     635     -73.7558
     636     -73.5176
     637     -57.9854
     638     -67.6810
     639     -59.2152
     640     -65.6718
     641     -89.1338
     642     -69.6363
     643     -58.9186
     644     -56.6094
     645     -79.3940
     646     -70.5379
     647     -70.0995
     648     -65.0789
     649     -67.2001
     650     -59.9458
     651     -56.0715
     652     -35.0595
     653    -100.1721
     654     -67.0323
     655     -64.2333
     656     -91.5042
     657     -55.8433
     658     -68.3020
     659     -74.5836
     660     -72.4396
     661     -64.8477
     662     -66.2331
     663     -68.8046
     664     -65.0094
     665     -81.9868
     666     -62.1151
     667     -58.7963
     668     -73.1596
     669     -76.6888
     670     -63.5672
     671     -61.4309
     672     -70.8824
     673     -69.3443
     674     -42.8513
     675     -58.4366
     676     -71.9357
     677     -81.4745
     678     -49.8359
     679     -62.2949
     680     -63.2878
     681     -78.7251
     682     -59.9135
     683     -95.0977
     684     -68.5905
     685     -51.0333
     686     -88.4854
     687     -68.3574
     688     -71.6958
     689     -63.9769
     690     -72.4454
     691     -68.2835
     692     -76.6678
     693     -67.3563
     694     -71.1498
     695     -67.1680
     696     -74.0696
     697     -60.3130
     698     -65.0269
     699     -69.0161
     700     -68.8813
     701     -44.2053
     702     -59.2106
     703     -51.6187
     704     -60.5131
     705     -60.1293
     706     -56.6184
     707     -57.1902
     708     -64.8781
     709     -57.1410
     710     -84.5431
     711     -61.0702
     712     -61.7385
     713     -37.2799
     714     -50.6859
     715     -56.8838
     716     -58.0495
     717     -76.6944
     718     -70.5036
     719     -72.9855
     720     -58.1485
     721     -49.8093
     722     -72.5577
     723     -55.3585
     724     -60.3206
     725     -59.8055
     726     -58.7773
     727     -64.5593
     728     -56.9325
     729     -97.1958
     730     -77.8133
     731     -84.2875
     732     -77.7662
     733     -70.5561
     734     -88.5835
     735     -57.9684
     736     -71.5692
     737     -71.4231
     738     -66.8331
     739     -62.0094
     740     -62.4846
     741     -64.2588
     742     -63.1735
     743     -89.2335
     744     -65.9258
     745     -80.2143
     746     -57.7554
     747     -62.6562
     748     -72.1969
     749     -77.9604
     750     -57.2860
     751     -53.6482
     752     -51.7279
     753     -59.6897
     754     -56.7724
     755     -76.8099
     756     -64.4346
     757     -63.0523
     758     -55.5047
     759     -51.1870
     760     -61.2412
     761     -71.9208
     762     -63.5608
     763     -64.4522
     764     -60.4165
     765     -68.6694
     766     -80.0168
     767     -48.3802
     768     -67.6144
     769     -54.7789
     770     -62.1260
     771     -78.3989
     772     -59.8263
     773     -58.0914
     774     -82.0250
     775     -66.7910
     776     -70.9561
     777     -71.3454
     778     -82.0327
     779     -65.1265
     780     -88.3934
     781     -86.7616
     782     -59.7345
     783     -70.3399
     784     -48.6136
     785     -72.7099
     786     -84.3737
     787     -75.2652
     788     -60.7230
     789     -47.6069
     790     -78.8019
     791     -72.1400
     792     -74.9134
     793     -66.7326
     794     -68.5633
     795     -67.4825
     796     -71.4662
     797     -68.6327
     798     -63.6469
     799     -76.8481
     800     -56.3622
     801     -57.1891
     802     -67.0873
     803     -67.7572
     804     -69.6991
     805     -83.9653
     806     -66.7482
     807     -61.7142
     808     -70.0392
     809     -63.5238
     810     -79.3473
     811     -83.5423
     812     -75.5331
     813     -73.4503
     814     -82.3706
     815     -71.3840
     816     -85.0982
     817     -70.7184
     818     -69.5636
     819     -60.9656
     820     -78.5863
     821     -61.3278
     822     -78.3083
     823     -73.6547
     824     -60.4792
     825     -77.3234
     826     -70.9948
     827     -62.6533
     828     -49.8522
     829     -61.9207
     830     -76.5106
     831     -57.8620
     832     -53.9652
     833     -68.8066
     834     -79.9972
     835     -72.4377
     836     -58.6958
     837     -70.1648
     838     -77.4760
     839     -64.0241
     840     -69.2244
     841     -57.3255
     842     -88.2864
     843     -84.2310
     844     -54.5258
     845     -78.4030
     846     -60.9080
     847     -61.6131
     848     -63.8801
     849     -53.5379
     850     -63.1388
     851     -73.8902
     852     -61.8495
     853     -81.3835
     854     -68.6900
     855     -66.6801
     856     -56.3001
     857     -52.6973
     858     -82.6204
     859     -62.6457
     860     -57.4828
     861     -67.9015
     862     -55.3773
     863     -65.9244
     864     -61.0511
     865     -73.3433
     866     -66.9982
     867     -73.8040
     868     -81.1183
     869     -65.3858
     870     -77.5278
     871     -69.0412
     872     -62.4696
     873     -82.9494
     874     -87.3823
     875     -75.4296
     876     -79.6317
     877     -66.0646
     878     -79.3044
     879     -67.3384
     880     -63.3882
     881     -62.8872
     882     -53.4935
     883     -77.0461
     884     -71.8357
     885     -74.7659
     886     -60.4467
     887     -78.3158
     888    -110.6617
     889     -72.9111
     890     -75.5043
     891     -66.0238
     892     -60.7382
     893     -75.9832
     894     -74.6580
     895     -71.0314
     896     -80.8100
     897     -85.6627
     898     -65.2274
     899     -63.0373
     900     -84.4930
     901     -71.0834
     902     -99.0719
     903     -67.5566
     904     -69.1505
     905     -67.1812
     906     -67.0748
     907     -70.4638
     908     -48.6144
     909     -63.8690
     910     -60.2691
     911     -62.2354
     912     -62.2682
     913     -78.8729
     914     -83.3439
     915     -67.7293
     916     -88.7716
     917     -87.4221
     918     -71.1153
     919     -66.5477
     920     -88.9322
     921     -82.3474
     922     -71.1416
     923     -79.7806
     924     -80.0721
     925     -70.2311
     926     -82.6176
     927     -64.2268
     928     -88.5598
     929     -50.8637
     930     -59.2267
     931     -69.8946
     932     -57.2590
     933     -76.3931
     934     -72.2645
     935     -56.2557
     936     -82.0684
     937     -78.3180
     938     -71.9103
     939     -70.4567
     940     -79.5932
     941     -84.7759
     942     -58.5381
     943     -60.2688
     944     -55.3187
     945     -83.1238
     946     -78.8649
     947     -68.0060
     948     -62.3495
     949     -78.8720
     950     -87.7712
     951     -65.4043
     952     -70.5334
     953     -63.2693
     954     -67.1163
     955     -77.6847
     956     -60.3952
     957     -73.0400
     958     -69.2578
     959     -52.9666
     960     -74.9793
     961     -60.7339
     962     -88.0795
     963     -65.8159
     964     -92.8660
     965     -67.4212
     966     -63.8929
     967     -55.1306
     968     -81.1139
     969     -81.1760
     970     -76.3423
     971     -76.4592
     972    -108.0543
     973     -66.7476
     974     -71.9363
     975     -68.5779
     976     -66.3363
     977     -70.8896
     978     -72.6812
     979     -68.5315
     980     -65.9766
     981    -108.0531
     982     -53.9312
     983     -66.7823
     984     -59.7520
     985     -70.2277
     986     -73.5991
     987     -84.5849
     988     -64.7716
     989     -66.0684
     990     -59.9111
     991     -58.1824
     992     -90.1764
     993     -72.6640
     994     -58.9785
     995     -78.5220
     996     -67.0891
     997     -75.9622
     998     -78.2826
     999     -90.3701
    1000     -78.8079
