#Frame        chi1:32      chi2:32      chi3:32
       1    -175.6323      45.9265      93.7049
       2    -179.4426      56.8445      73.1844
       3    -176.0393      51.1267     100.9200
       4    -173.2011      54.3262     -80.4352
       5    -107.8612     -52.4879      -4.0272
       6    -165.1784      60.4377     -80.0784
       7     168.2901      92.9674    -110.2751
       8     174.6636      58.0596     -85.9680
       9     -86.1082     -74.2376     -30.1286
      10    -175.4984      44.6583     -93.7610
      11    -177.5051      57.9244     -81.5641
      12     168.4544      45.2794    -120.7669
      13    -168.1693      65.0037    -100.4685
      14    -165.9253      43.0852     -86.2946
      15    -170.1949      36.7484    -103.9114
      16     -94.8609     -69.4923       1.0274
      17    -173.7017      59.1235    -130.8737
      18    -176.9237      53.2095     -95.9357
      19     172.6476      61.0653    -106.1930
      20    -173.8255      59.1821      81.1776
      21    -169.7557      49.9975      84.1006
      22    -173.5311      63.1946      63.8768
      23     179.7026      32.7569      68.9629
      24    -169.8424      41.7722      71.2456
      25    -100.2949     -59.8160     155.7512
      26     -75.1055     -64.4534     161.6763
      27    -173.9504      56.8211      76.6494
      28     -76.5415     -71.0753     177.6703
      29    -172.0084      52.0289     -91.1100
      30    -171.4429      37.1214     -72.3663
      31    -171.9314      49.7474    -103.9641
      32     178.8944      55.6903     -94.1364
      33    -174.7397      56.1318     -97.3323
      34    -170.5892      69.9582    -120.7107
      35    -171.2576      55.1974    -104.8053
      36    -169.4168      55.2312     -68.3881
      37     166.3669      80.2366     -95.4165
      38    -177.4685      45.7268    -100.2328
      39     177.0526      65.6641    -111.6885
      40    -174.5041      54.6104    -122.0170
      41    -172.5849      61.3810     -87.7257
      42     171.0314      58.2224    -134.2709
      43     176.2732      54.9337     -94.5863
      44     -83.4966     -69.9815       2.4495
      45     171.3741      72.1867     -89.7823
      46     172.6215      49.9764     -95.8944
      47    -159.6735      39.6217     -87.4799
      48     172.0897      72.4699    -101.6749
      49    -164.7947      45.5665      69.5910
      50    -171.2637      53.4396      64.6658
      51    -178.7310      51.9995     122.3123
      52     179.1753      49.7184      87.1600
      53    -174.9505      56.8536      68.7349
      54     179.7913      58.5393     114.1973
      55    -165.6390      59.1176      79.8569
      56    -174.9714      51.5891      76.5926
      57    -165.5387      45.2220      98.5247
      58    -174.3528      63.4155      72.2007
      59    -168.7780      52.6054      84.7591
      60    -169.9169      49.4064      66.9301
      61    -165.9151      64.0940      27.2323
      62    -165.7993      56.5542      52.6461
      63    -176.5844      62.5419     102.7189
      64    -175.8301      62.7527      74.2284
      65    -151.8347      26.4366      69.8311
      66     -77.8813     -47.7438     154.7862
      67     -83.8853     -61.0055     146.6162
      68    -154.3216      37.4754      81.2684
      69    -171.5332      47.9793      67.9707
      70     172.9493      61.9700      78.8855
      71    -174.6955      67.6027      53.2125
      72    -168.2435      60.6631      83.5930
      73    -170.5078      54.9016      77.0238
      74    -158.1979      31.9299      92.9924
      75    -163.9291      44.3853      92.5285
      76     174.1509      62.0968      42.8978
      77    -167.9668      56.1719      69.7359
      78    -160.6393      46.8401     102.5852
      79    -171.6152      52.0430      49.6391
      80    -171.7996      58.4877      70.5910
      81     -98.0794     -63.3850     176.9976
      82     -84.3328     -80.1583    -167.6304
      83    -164.0116      53.0966      58.1532
      84    -170.8263      42.5122      81.2023
      85    -176.4710      49.5850     111.5081
      86     179.8448      50.5931      91.0353
      87    -170.5206      51.4855      85.5878
      88    -178.8870      53.9986      59.3504
      89    -165.5394      59.7607      40.5571
      90    -179.2651      54.9212      70.7538
      91    -171.5679      60.0913      77.6097
      92     -53.5023     -64.0082     150.5439
      93     -87.3021     -59.3518     161.7831
      94    -162.3833      41.0940      86.7587
      95    -170.3157      52.9910      87.3833
      96    -162.8216      43.8956      89.0179
      97    -179.5023      54.9653      84.2960
      98    -173.8646      68.9919      70.5937
      99    -175.4092      39.7499      63.0099
     100    -169.1696      46.2813      82.6817
     101    -169.0672      60.6120      84.1514
     102    -172.7390      48.4585      53.5173
     103     -58.4860     -59.7831     168.8555
     104    -178.9830      72.0287      70.1683
     105    -169.8154      29.2022      71.9499
     106     178.0164      74.0422      55.5482
     107    -169.7961      51.1193      59.4819
     108     176.4589      64.6565      86.5190
     109    -172.4924      58.7132      65.4677
     110    -175.5696      60.6093      34.8457
     111    -178.6601      47.7306      80.7860
     112    -169.9546      61.9723      58.1722
     113    -172.6911      51.7037      68.7965
     114    -173.2235      81.8197      26.1343
     115     177.1301      60.6036      91.5276
     116    -172.2016      50.3279      72.9454
     117    -168.3862      45.9159     100.4645
     118    -157.3574      48.9899      72.6843
     119     179.7010      54.6852      79.2041
     120    -173.2577      68.9286      74.4767
     121    -173.5743      46.3206      71.0704
     122    -159.8517      42.5926      97.1845
     123     176.6397      50.9636      81.4532
     124     178.1972      58.9543      67.9518
     125    -169.2236      36.0959      88.3610
     126     171.6774      58.5797      85.5131
     127    -174.0661      60.1454      75.7529
     128    -174.9172      64.8994      82.9787
     129     170.1583      53.9392      39.5123
     130    -166.9367      53.6180      64.1061
     131    -169.2384      39.3905      97.5443
     132    -170.8779      46.7416     107.4227
     133     177.4368      61.1985      84.5472
     134    -173.2991      57.6485      68.0986
     135    -161.0705      48.9210      64.4037
     136    -167.8920      52.2631      73.5491
     137    -170.0324      38.6852      60.0838
     138    -163.9075      32.8850      90.9597
     139    -165.7094      61.4517      64.0618
     140     176.0807      52.7960      60.5498
     141    -164.8245      51.1715      67.7894
     142    -179.8708      48.3592      95.8383
     143    -173.8609      62.5156      74.7563
     144     175.5222      42.1790      58.1807
     145     177.3561      50.0919      54.2279
     146    -179.5477      58.7146      86.2795
     147     174.2551      57.0961      69.9859
     148    -176.3320      56.0084      96.1625
     149    -172.9902      47.7893      58.7177
     150    -177.7935      51.7406      65.8606
     151    -179.1012      55.5652      81.8934
     152    -169.8975      51.8313      77.9062
     153     168.6647      67.2219      60.1336
     154     176.0077      57.3243      70.1250
     155    -176.3551      52.1869      67.5034
     156     179.2013      52.8130      73.4343
     157     164.6416      55.3693      39.7278
     158    -164.0741      41.8924      81.1508
     159    -172.3158      52.1069      54.2827
     160    -170.6106      48.2293     103.7375
     161    -171.1616      36.2854      88.3748
     162     177.7577      65.8186      86.8679
     163    -175.9129      58.0802      75.8994
     164    -169.1610      65.1362      71.9522
     165    -177.9200      49.2075     -82.2487
     166    -160.3471      39.6180     -96.0128
     167     178.7994      59.9459     -83.3532
     168     171.1160      61.0709     -86.3878
     169    -168.0273      43.4348     -89.6802
     170    -168.7625      58.8659     -83.0324
     171     178.4382      61.3432     -89.6685
     172     -99.9315     -50.4036     -25.5585
     173    -161.8670      39.4875     -80.1228
     174    -171.6885      52.6057     -82.3282
     175     177.7662      64.9264    -132.6411
     176    -176.5119      46.2444     -83.9534
     177    -173.5038      53.0654     -97.2455
     178    -178.2089      58.0842     -86.7626
     179     177.6887      66.4398    -113.8657
     180     -78.4844     -73.9761     -18.6510
     181    -173.1841      52.0146    -111.8621
     182    -162.7000      38.6837     -87.0574
     183    -176.0294      52.8433     -82.4623
     184     -81.3937     -54.4624     -45.5288
     185     -69.3294     -76.1371      -1.9608
     186    -177.9386      45.3568     -81.7479
     187    -169.9605      57.9467     -88.8093
     188    -165.0402      49.7525    -108.2055
     189    -178.0334      56.5426    -102.8093
     190     179.6664      50.3603     -59.3286
     191    -170.9685      65.5829    -100.3277
     192     176.9076      68.7061    -113.2963
     193    -164.8184      46.0495     -92.7858
     194    -169.9622      71.8480    -114.3369
     195     -71.6913     -73.0963      -2.6178
     196    -172.9993      46.7531     -80.2448
     197    -177.3361      58.3947     -76.9070
     198    -160.3240      43.0422    -100.0465
     199     172.5435      67.4916     -86.5915
     200    -176.7631      51.1210    -106.1515
     201    -179.8806      58.8462    -104.1511
     202    -161.7766      45.5894     -99.0059
     203    -176.4822      61.7258    -126.9221
     204    -174.1695      56.6944     -81.8310
     205     177.1762      84.4834    -122.4301
     206    -166.4237      52.0487     -99.7777
     207    -168.3195      47.0346     -72.3218
     208    -165.8671      63.8377    -163.2184
     209    -168.1891      47.9125    -100.6925
     210    -176.4657      49.7027    -102.7244
     211    -179.5879      42.3220     -61.9317
     212    -175.6452      48.5223    -117.5208
     213    -175.4946      74.3948     -92.2575
     214    -172.5630      49.5096    -110.5253
     215    -179.1724      44.3727    -101.2865
     216    -175.9061      64.8538     -92.5779
     217    -162.8927      59.4795     -83.9569
     218    -175.5705      45.1306     -83.5298
     219     168.3237      59.8041    -108.7566
     220     178.5070      56.2778     -91.9200
     221    -168.1950      38.5371     -90.0148
     222    -174.5653      69.5943    -115.3898
     223    -173.6795      61.9989    -129.7365
     224    -173.2571      38.9008    -116.6654
     225    -176.6628      53.5358    -114.0175
     226    -179.1412      55.8229    -106.6022
     227    -164.9245      31.8055     -97.2878
     228    -172.4267      68.9751    -124.4443
     229    -172.6743      55.7374     -96.9218
     230    -173.1737      49.3362    -112.3559
     231    -178.7403      62.6821    -123.9495
     232    -170.8633      53.1328     -79.3428
     233    -171.7000      53.9029     -69.9860
     234    -170.5261      40.6068    -100.3039
     235    -159.3084      62.7991    -108.2226
     236    -175.5150      56.1261     -88.7912
     237    -170.6127      50.4662     -83.8777
     238    -159.9616      44.6254    -131.8634
     239    -173.9100      60.7544     -96.6806
     240    -103.0032     -64.3594      -0.8078
     241    -162.4200      66.3101    -110.9932
     242    -167.0392      50.3149     -94.2907
     243     -73.9826     -57.4478     -20.8205
     244     -76.5162     -58.3627     154.0406
     245    -177.6537      66.2157      62.2647
     246    -176.5786      64.5274      73.7650
     247    -173.1983      46.8022      61.0711
     248    -167.5168      64.1260      71.8915
     249     177.0497      62.3734      88.6421
     250    -170.4887      49.3746      79.4371
     251    -168.0413      43.4307      67.4729
     252     174.7144      58.0392      48.7660
     253    -170.8336      56.9123      55.9765
     254    -164.3324      49.1571      67.1019
     255     -63.9954     -80.0811     164.1457
     256     -76.4876     -64.4705     153.7780
     257    -169.7402      65.7145      76.8773
     258    -168.6695      37.4428      83.9429
     259    -174.0471      57.7939      66.6454
     260    -173.4176      51.7360      91.5961
     261    -179.9198      69.8207      44.5342
     262     177.5075      61.2830      69.4832
     263    -177.6891      58.9445      73.5587
     264    -173.5257      46.9578      76.5442
     265    -167.8307      36.8976      84.6738
     266     174.2880      51.6523      81.2376
     267     174.9306      59.2261      84.9221
     268    -174.7409      51.4520      77.8921
     269     177.6473      62.6032      95.2043
     270    -172.1475      60.5756      88.9388
     271    -172.0458      63.0383      20.3789
     272    -170.2306      67.0658      39.9624
     273    -174.9475      54.2922      85.1415
     274    -167.3802      41.1320      73.6427
     275     165.0791      78.7383      31.8588
     276    -179.3584      50.8383      81.3689
     277    -161.4944      41.5691      68.4236
     278    -162.6353      62.1764      50.4175
     279    -166.5344      35.5754      71.8850
     280    -170.1641      54.1917      52.1125
     281    -156.5454      51.4771      34.5049
     282     167.0805      55.6138      61.8948
     283     175.3201      55.1869      78.4674
     284     177.2399      45.5150      68.5763
     285    -171.4437      72.5991      60.3935
     286    -159.9405      51.4628      68.3190
     287    -157.5692      43.8587      53.7084
     288    -160.1273      47.7783      70.9535
     289     179.3511      56.9386      73.1793
     290    -164.7553      42.3583      61.7050
     291    -179.9752      46.0056      82.4929
     292    -171.3657      41.5494      89.5162
     293    -169.9929      59.0991      66.9822
     294     -83.2390     -65.9737     178.2667
     295     -70.3768     -58.9071     147.1273
     296    -179.8385      54.8429      70.9995
     297    -164.6605      47.1542      59.6755
     298    -177.0714      48.7634      83.1908
     299    -169.2837      60.3392     105.6356
     300    -175.8254      55.6376      94.6528
     301     175.7360      57.2018      82.6236
     302    -166.5433      59.3063      79.1071
     303     174.0412      64.5453      90.2933
     304    -175.4548      56.0887      73.6335
     305    -173.5659      50.2058      96.2462
     306    -173.3061      56.2257      54.5594
     307    -171.2785      57.4633      82.9619
     308    -170.5948      49.4659      67.0961
     309     178.5757      62.7210      72.3405
     310    -168.8477      50.9027      71.2675
     311    -169.5656      43.2520      76.0160
     312     177.8904      59.0625      59.0095
     313    -171.7952      60.8703      90.3855
     314    -163.2661      48.0914      92.2840
     315     176.0126      69.8630      76.3149
     316    -174.6313      50.1959      66.4121
     317    -179.2360      47.6682      78.6852
     318     179.0957      55.6293      72.5661
     319    -165.5228      29.2079      78.9420
     320    -169.3397      32.6962      71.3191
     321     179.5449      67.2195      65.2064
     322    -173.6155      58.9238      83.0266
     323     -79.6395     -74.9372     171.5465
     324     174.5420      53.9944      52.2029
     325    -165.8080      46.1157      83.4301
     326    -173.8804      61.3254      93.0350
     327    -174.4667      55.3720      53.6627
     328    -175.3384      73.0656      88.1113
     329    -170.9932      66.9170      65.0883
     330    -179.2846      50.4190      65.2348
     331    -167.4579      49.7566      58.6610
     332    -169.4632      29.1915      69.7549
     333    -166.3738      39.2680      55.4101
     334    -161.9746      56.7010      67.0009
     335    -170.6709      58.1401      82.9948
     336     177.9715      59.7276      75.0473
     337    -169.3406      47.1585      66.0290
     338     169.8618      68.5922     111.1017
     339    -173.9266      53.5004    -123.3918
     340    -158.7797      46.4854     -99.6020
     341    -167.5807      61.0352    -102.4266
     342    -157.4369      36.9351     -93.5615
     343    -172.3701      58.3534    -160.5924
     344     174.9449      62.1003     -96.0805
     345     178.4173      58.3689    -114.3176
     346    -172.4688      44.3675    -117.9941
     347    -165.7874      63.5858    -120.5261
     348     -85.7999     -64.9186      -7.5023
     349    -170.7145      58.8221    -135.6478
     350    -162.3218      50.2801    -104.2465
     351    -168.0267      74.7938    -115.3490
     352    -174.9611      53.0979     -81.6097
     353    -166.6952      56.6761    -114.1496
     354    -173.4587      52.0149     -75.5155
     355     -87.9179     -37.4646     -42.7583
     356     -78.5757     -53.5597     134.9105
     357    -179.0548      54.5759      50.9120
     358    -166.4829      50.3718      64.6097
     359    -171.9817      51.6987      58.5507
     360    -172.3223      57.8133      36.4323
     361    -175.5535      69.4118      67.6393
     362    -162.6774      47.1681      83.3759
     363    -176.3202      58.5858      75.3325
     364    -168.2970      47.3238      91.4979
     365    -172.0568      55.3117      89.0403
     366    -169.8999      44.4216      73.4691
     367     170.8980      61.0456      65.6275
     368     175.0298      58.7591      42.3962
     369     175.8708      56.6795      77.8152
     370     170.8023      61.3248      61.4435
     371    -172.3089      46.1624      61.7631
     372    -179.6809      54.1212      69.3028
     373     173.3595      55.9436      60.4511
     374    -175.7093      50.8131      82.0437
     375    -159.1561      53.9931      51.9781
     376    -170.7160      53.1146      68.1033
     377    -177.8211      55.7147      75.5133
     378    -174.4515      58.8795      67.0574
     379    -164.5312      41.4629      79.8865
     380    -158.5279      44.9619      89.5508
     381    -155.4396      48.2785      71.6077
     382     177.4396      55.0252      71.7447
     383    -178.4702      49.6874      72.1214
     384     166.3050      71.1170      83.0947
     385    -177.8452      45.3165      57.4838
     386    -164.5209      37.2883      71.9144
     387     178.8557      49.0105      79.6367
     388    -173.0159      71.4348      70.3548
     389    -163.3670      43.0353      91.3863
     390     -82.8451     -63.7109     153.4714
     391    -172.6042      50.9779      72.5174
     392     -94.9564     -57.1307     158.7386
     393     -72.9163     -66.0579     146.6536
     394    -170.0555      42.4352      83.7711
     395    -173.8433      71.4105      79.1815
     396    -177.6181      47.8165      71.2637
     397    -177.2081      51.6320      63.3238
     398     -76.7629     -63.9219    -107.4071
     399    -168.0771      42.8921    -112.6690
     400    -167.6596      36.5631     -86.5755
     401    -174.0067      51.1377     -85.7536
     402    -174.6200      47.7220     -83.3890
     403    -164.8062      44.9433     -80.6130
     404    -177.5276      69.1633    -117.1448
     405     -82.8661     -73.8861     163.4178
     406    -173.2466      69.0352      89.8180
     407    -179.1636      72.7781      59.3350
     408    -173.4401      61.9401      88.9150
     409    -178.9375      55.6097      66.0325
     410    -179.2638      56.7542      26.6946
     411     -87.7828     -69.9676       3.4398
     412     -94.3803     -55.4928     -29.5356
     413    -104.5619     -48.7963     -34.4738
     414     -93.7689     -66.5653     -14.6818
     415    -175.3485      56.1408     -91.6099
     416    -168.0431      64.7059     -87.8407
     417    -176.2947      31.7360     -98.2972
     418    -176.7192      45.9097    -124.6802
     419    -166.6865      31.0874      91.5901
     420    -173.1592      45.1062      77.7265
     421     176.0274      62.3489      71.5343
     422     179.8423      61.9188      75.8260
     423     177.6651      30.1717      84.2357
     424    -173.4503      44.8004      67.6154
     425    -173.0369      21.3435      84.6985
     426    -174.2091      41.3942      84.7720
     427    -169.7889      67.3874      86.1268
     428    -157.5325      39.2265      95.7809
     429     -96.9187     -68.3504     153.8251
     430    -169.2485      56.3310      87.0312
     431    -172.0786      61.9249      92.7469
     432    -169.1444      48.3220      84.8756
     433     175.5323      60.0942      86.5204
     434    -169.8789      39.2581      92.9547
     435    -175.3145      50.9103      84.0974
     436    -174.3021      69.6424      59.8931
     437     -64.0981     -63.6923     152.9713
     438     -67.6953     -73.2303     164.9246
     439     -62.0329     -67.3863     155.3730
     440     -80.9612     -43.1958     158.8309
     441     -82.2682     -34.8614     128.8359
     442    -102.6424     -62.0170     161.3394
     443    -177.9271      56.8421      54.1837
     444     -95.3620     -58.0844     139.5252
     445     -70.1184     -59.4697     158.6177
     446     -58.4463     -52.1141     174.2258
     447     -64.9636     -43.2845     129.4483
     448    -166.9819      36.4693      85.4273
     449    -157.6230      58.7327      74.5635
     450    -169.8461      51.0265      68.7174
     451    -178.5413      56.4798      74.6531
     452    -173.3007      63.9406      61.6927
     453    -177.3493      61.7881      65.5999
     454    -170.4692      56.0064      63.9176
     455    -176.8960      55.4117      58.9188
     456    -169.1517      66.9188      94.1900
     457    -170.1405      60.1084      80.0285
     458     -72.0324     -62.0320     145.6012
     459     -70.3287     -74.0851    -157.1343
     460     178.8943      58.2087      56.7816
     461    -176.7014      63.1774      36.8435
     462     -71.4958     -42.9862     135.8889
     463     -90.5328     -56.5508     138.3836
     464    -173.4019      42.8696      60.5551
     465    -167.0296      55.4936      81.9381
     466    -167.6962      55.2514      78.5661
     467    -179.8482      56.2238      69.4659
     468    -174.5550      58.7024      87.2810
     469    -158.0702      43.0445      72.9551
     470     -82.8865     -73.4820    -171.2190
     471    -171.6341      41.4438      89.7380
     472    -170.0862      49.6277      85.5480
     473    -171.6269      47.9520      77.8992
     474     177.5201      59.6175      87.1748
     475    -166.3533      61.4970      50.7867
     476    -178.8013      63.2586      46.8600
     477    -170.2978      40.9344      79.4545
     478    -176.2522      48.2188      55.9635
     479     172.4581      66.5385      61.8699
     480    -173.7685      48.8682      67.9995
     481    -168.3408      56.5324      72.1447
     482    -171.3672      62.1788      48.8906
     483    -174.4313      56.7767      36.4661
     484    -170.3465      42.0359     -89.0759
     485    -173.4774      34.0046     -97.4362
     486    -164.8691      49.9225    -122.6387
     487    -170.5310      54.0344     -76.3775
     488     179.3357      64.7505     -73.1388
     489    -176.0613      47.2307    -122.5293
     490    -167.3937      48.4406    -109.9901
     491    -167.3581      48.7536    -113.6649
     492     178.3416      49.8252     -82.0461
     493     -58.9642     -79.1260     -35.2829
     494     -61.7926     -59.7262     -18.8584
     495     -64.0886     -65.3971     -20.9450
     496     -61.3456     -57.3563     -41.1249
     497     177.0932      62.3000     -92.9593
     498    -178.1194      47.3242     -94.5831
     499    -159.2877      60.0951    -113.8230
     500    -177.0193      48.3655     -94.1344
     501    -176.1253      48.5899    -118.5660
     502     178.8902      63.1032     -88.4828
     503    -175.0381      49.1533    -119.6916
     504    -178.2284      51.0868    -108.5051
     505    -174.9049      59.3243      72.0474
     506    -173.9207      67.0788      44.6973
     507    -174.7732      71.6311      70.3123
     508    -170.8683      49.2450      70.4884
     509    -162.0073      54.7545    -123.0151
     510    -164.3872      48.2265     -88.3206
     511    -168.3174      48.7916     -92.5388
     512    -169.9245      39.9245    -103.2552
     513    -166.1252      50.3684     -89.4982
     514    -156.2337      52.9935     -96.7564
     515     179.4672      65.3243    -128.9185
     516     178.8807      33.5909    -108.1283
     517    -175.3133      57.1480    -106.8869
     518     179.7256      53.1469     -87.7720
     519    -174.5526      52.1152    -101.4777
     520    -167.8379      29.6032     -98.8695
     521    -177.6068      50.3267     -93.3019
     522    -166.7857      53.3750     -96.2378
     523     -71.1203     -73.4951     -16.4845
     524    -173.3399      47.6752     -98.3214
     525    -179.3457      59.8839     -93.5799
     526    -178.8566      41.7861    -108.5614
     527    -169.5842      45.4031     -83.3972
     528    -166.0828      43.0989     -93.2931
     529     -67.5824     -77.7547       3.2181
     530    -174.7913      50.8265     -84.6774
     531    -173.8237      50.3848     -96.4916
     532    -175.5571      57.8890     -86.3997
     533    -176.4328      69.6567    -115.5076
     534    -173.8950      44.3382    -120.9796
     535     174.3736      49.3532    -124.0383
     536    -176.9907      54.1188     -90.1724
     537    -164.0154      64.1222    -127.3553
     538    -165.8755      46.5972    -105.3578
     539     -69.2519     -49.5430     -26.7828
     540    -160.1148      38.3532     -98.0908
     541    -176.4468      56.8215     -89.4759
     542    -160.7931      49.5699    -105.9685
     543    -172.9374      54.3546     -94.2472
     544    -160.7701      46.5391     -96.2801
     545    -173.7569      47.1501    -125.9299
     546    -167.1505      42.8957     -97.1726
     547    -169.4655      51.2961    -102.0212
     548     -73.3010     -65.9507     -25.3247
     549    -171.0054      50.4461     -84.2667
     550    -161.4556      30.7811     -99.2422
     551    -170.6235      51.9049    -117.5238
     552    -100.5993     -66.3881     -23.6602
     553    -179.6063      62.6032     -96.0046
     554    -177.1955      49.6776     -74.0844
     555    -173.5808      41.4754    -104.2077
     556    -174.7372      55.0477    -129.7131
     557    -178.8267      71.6225     -79.0244
     558    -171.3460      70.5062    -123.4833
     559    -175.6658      59.5486     -86.5647
     560     172.7240      76.6961     -96.9709
     561    -174.6102      58.6797     -95.7734
     562     177.3170      61.5243     -75.8975
     563    -163.3135      41.3447     -73.1169
     564    -176.9698      66.2831     -99.9401
     565    -173.4672      44.6845     -95.8805
     566     166.6383      63.0357     -98.9785
     567    -174.8956      51.9706    -112.2030
     568     176.5646      49.3509     -91.0943
     569    -154.5851      66.3623    -129.0115
     570    -159.8832      51.5994     -86.3212
     571    -157.6147      62.0391     -99.8640
     572    -170.2943      64.6491    -130.4464
     573    -156.5636      52.1577    -134.8143
     574    -173.6149      69.4741    -130.6325
     575    -174.2679      46.5694     -97.1459
     576    -168.0256      54.9506     -76.6600
     577    -167.2517      24.4463    -111.1886
     578    -169.1497      34.9605     -89.5667
     579     179.0580      53.2812    -107.0632
     580     176.5849      71.7935     -88.5199
     581    -172.3962      52.0739     -93.1294
     582     -78.9114     -44.5145     -39.0363
     583    -179.6908      51.9405    -107.2247
     584     178.7672      59.5265     -88.7735
     585    -176.9859      47.3287    -108.2316
     586    -174.6265      52.3634     -92.8661
     587    -177.0108      68.2527    -109.3592
     588    -168.9819      55.4696    -104.6475
     589    -167.5043      56.6190    -110.6862
     590     -68.2587     -65.9916      -0.6672
     591     -70.3850     -59.8225     -16.4118
     592     -78.6696     -40.8372     -22.9403
     593     -65.1955     -53.8024     143.9071
     594     -63.3535     -51.3552     157.2087
     595    -170.1201      38.6988      94.2821
     596     178.4940      52.9327      84.6685
     597    -177.5816      65.8393      77.9471
     598    -175.7747      53.0656      82.6778
     599    -168.2566      40.3531      83.7113
     600     179.1380      56.1412      66.4518
     601    -167.0039      39.8391      86.3561
     602    -175.5377      65.4313      61.8657
     603    -177.0311      44.8273      58.1848
     604     -87.5059     -63.3876     155.4772
     605    -162.3810      31.6614      87.2435
     606    -171.9923      45.5639      96.5010
     607     176.5893      57.0856      68.8277
     608     177.3196      66.9531      91.3110
     609    -171.9928      44.5885      78.5562
     610    -174.5182      51.1517      63.5177
     611    -162.2062      45.4403      79.4719
     612    -173.1294      55.4983      75.1514
     613    -172.2184      46.9013      75.5036
     614     177.3581      54.6733      91.1287
     615     177.2423      53.4179      90.8439
     616     178.1416      48.1833      84.1791
     617    -170.8442      50.0100      69.1923
     618     -79.9771     -68.8187     172.1320
     619     -67.7334     -72.2301    -144.0939
     620    -160.6146      46.6583     100.6616
     621    -168.3001      54.6030      54.8520
     622     -74.2657     -74.5251     162.9874
     623     -73.0600     -59.1142     146.9061
     624    -171.8833      42.6549      84.9807
     625    -178.1745      54.2711      71.5071
     626     -79.7917     -78.9507    -176.3714
     627    -168.6625      56.9455      77.6263
     628    -167.7225      48.6905      82.3813
     629     178.0420      62.3934      95.9694
     630    -179.2442      65.4510      53.6276
     631    -166.2698      45.5113      27.9388
     632    -162.7785      40.9949     -87.8256
     633    -168.2860      45.2997     -91.2555
     634    -173.4647      51.3338      91.2764
     635     179.3628      57.5879     -96.2997
     636    -178.4010      45.6131     -96.0069
     637    -172.8990      59.0653    -118.2669
     638     176.6859      60.8376    -117.8976
     639     -65.8151     -86.7369      33.6068
     640    -160.2522      44.3200     -80.4400
     641    -179.9477      50.9922     -92.1609
     642    -177.9099      56.1264     -67.0493
     643    -171.3453      50.9633     -86.0817
     644    -177.9215      55.6255    -108.2695
     645     176.5887      66.4516    -105.4228
     646    -168.0387      30.1359     -67.6238
     647    -169.9768      58.5618     -92.2776
     648     179.1680      52.6377    -132.2934
     649     -72.4759     -65.1991     -46.4176
     650     -82.2802     -72.8712      -4.4498
     651    -175.3495      46.8722     -94.5390
     652    -173.3233      49.8905     -82.4415
     653    -177.4481      65.7998     -72.1362
     654     178.6674      55.3684     -86.9459
     655     -94.1002     -75.2195      12.5196
     656     -75.8674     -58.0208     -26.3294
     657    -178.6677      50.4101     -36.7749
     658    -174.4117      65.2410    -128.6396
     659    -163.9790      60.9823     -95.9996
     660    -179.9760      64.6797      50.8179
     661    -176.7948      57.1394      92.8587
     662     -74.5852     -51.3368     165.9821
     663     -96.7833     -51.5365     -31.6202
     664    -169.7421      50.2790     -71.6685
     665     179.4760      58.1919    -115.1072
     666    -173.1493      57.9896     -85.2337
     667    -171.2866      51.6299     -89.7884
     668    -171.6344      46.6040    -112.2707
     669    -178.4755      68.7203    -104.0556
     670     179.7775      58.6993     -93.6268
     671    -169.4648      50.1014     -94.7656
     672    -173.1846      47.3895    -125.2415
     673    -178.8842      61.0928     -96.8941
     674    -172.7087      60.7719    -109.0680
     675    -170.5938      65.7444     -95.0995
     676     -75.6455     -75.8925      -1.3752
     677    -169.2531      71.4899    -127.2871
     678     170.6950      60.1692    -115.2413
     679     -68.0664     -65.4420     -20.1487
     680    -174.3229      46.8965    -110.4567
     681    -168.0756      73.0046    -121.0883
     682     174.0209      65.0028    -104.1468
     683    -170.3186      47.3956    -143.2165
     684    -157.3171      34.2716     -96.3933
     685    -167.2169      48.4850     -93.0525
     686     178.8206      58.3524    -140.1475
     687    -167.0588      49.2737     -62.9799
     688    -169.0121      50.4823     -88.8857
     689     -91.2287     -62.3983      -8.9442
     690    -155.9164      57.0727    -114.6476
     691    -178.9829      56.1353     -86.8313
     692     -80.9094     -61.1914       2.1010
     693    -173.5001      52.0692    -108.8433
     694     169.6531      61.5869    -131.1001
     695    -176.7249      64.2379     -70.0519
     696    -179.9499      49.5617     -93.3055
     697    -178.1988      60.7498     -70.9809
     698     170.5709      51.7614     -71.8631
     699    -177.1924      32.7154    -103.2908
     700     175.8840      70.6535    -119.9439
     701    -162.9887      62.8651    -112.6104
     702    -171.7958      62.7417    -112.0435
     703    -163.2952      42.8169    -102.7126
     704    -162.5772      31.9450     -80.6303
     705    -175.2253      48.8855     -93.9339
     706    -168.3412      43.8229     -92.6383
     707    -174.7172      59.8529    -110.3829
     708    -179.2028      43.4946     -91.9569
     709    -171.6928      62.8290    -112.2424
     710    -172.3771      57.6261    -127.2654
     711    -176.2368      57.6483    -103.1018
     712    -169.1601      44.3509    -112.5933
     713    -167.3100      61.7212     -88.1545
     714    -171.4217      44.5490      45.0050
     715    -171.3392      54.9562      84.9414
     716    -172.7415      53.8865      94.8399
     717    -172.0335      63.4895      80.5270
     718    -170.7115      66.9455      78.6180
     719    -175.9343      51.5695      92.1479
     720    -174.3566      49.6567      59.6098
     721     -88.7879     -65.5679     169.9554
     722    -169.4445      41.6972     101.5146
     723    -176.5549      61.7408      86.9329
     724    -162.6469      49.7801      79.2436
     725    -179.8360      66.7428      85.2887
     726    -174.8417      45.7463      53.5857
     727    -177.3784      73.6111      87.8958
     728    -164.4365      48.2400      74.4618
     729     -73.3448     -70.6387     140.3982
     730    -179.0111      65.2212      73.9534
     731     -69.7883     -63.5111     154.5796
     732    -179.9683      53.3705      79.5932
     733    -178.0739      64.1705      99.9903
     734    -118.4429     -58.0397     159.7617
     735    -178.2946      63.9046      71.9145
     736    -179.2505      53.3525      62.0989
     737    -163.1300      39.4910      63.8890
     738    -178.5342      77.7246      54.3704
     739    -172.0103      49.1093     112.2362
     740    -169.4187      43.0090      84.8938
     741    -174.5497      40.7824      68.7550
     742     174.4458      45.6744      93.3274
     743    -179.1362      63.4469      90.0994
     744     179.0338      63.0833      66.8125
     745    -171.5359      38.5675      80.7857
     746    -165.8999      67.1873      63.3288
     747     167.3840      52.7372    -137.3337
     748    -173.1444      59.2426    -100.7675
     749    -173.2506      52.0533     -99.8147
     750    -164.9760      73.6135    -130.5626
     751    -170.8198      52.9518     -91.6498
     752    -167.6224      62.0353     -89.7166
     753    -157.3940      70.3492    -115.0837
     754     174.9498      74.1848    -103.1055
     755    -178.1187      56.8552     -77.7540
     756     174.1893      67.8110     -96.8040
     757    -165.6061      40.3357     -66.4078
     758    -171.0676      51.7949     -73.8019
     759    -175.2922      44.2200    -101.4810
     760    -176.1225      48.8512     -90.7820
     761    -171.3853      56.9668     -92.6836
     762    -161.1517      49.4245     -80.6273
     763     178.3122      51.6745    -122.9138
     764    -170.3823      49.1582     -71.8102
     765    -164.4777      37.2048      95.5159
     766    -177.9940      55.2305      74.5516
     767    -172.3323      68.1534      85.0015
     768    -168.3731      53.3819      89.2149
     769    -168.7067      54.0538      50.8952
     770    -177.9103      47.7539      71.1989
     771    -176.2655      51.7134      88.0073
     772     173.0264      41.6863      57.5152
     773    -177.8646      61.1076      61.9576
     774    -176.2847      61.6753      66.9018
     775    -173.1818      33.2874      78.4495
     776    -166.5166      37.8153     103.9986
     777    -173.6914      55.0555      82.3051
     778     175.5592      49.2779      60.5957
     779     -62.2110     -68.0203     143.6883
     780     -94.7123     -59.3786     146.9990
     781     -64.5063     -56.7576     158.2882
     782     -53.0463     -69.9290     166.3750
     783     -76.8977     -53.8362     133.7552
     784    -173.9414      63.5116      80.2696
     785    -171.8490      44.6168     -93.7774
     786    -171.2453      49.8627     -95.3504
     787    -174.7156      56.0710     -90.9062
     788     176.1082      62.6460     -83.6052
     789    -159.9114      64.5109    -116.3713
     790    -168.2336      55.9485     -95.6882
     791    -173.1103      54.6985     -92.9660
     792     177.5253      45.7935     -86.3166
     793    -167.7552      40.9544     -87.4705
     794    -170.8137      42.4747     -89.8024
     795    -171.2337      50.5206     -98.3676
     796    -157.8604      37.3976     -87.5503
     797    -176.3465      55.6243     -91.9000
     798    -179.4303      52.0124    -106.8842
     799     179.3564      44.3612    -113.9616
     800    -172.7196      52.2827     -89.4916
     801    -176.9108      49.6632     -88.8020
     802    -168.1141      56.2527     -85.9171
     803    -176.2053      61.1866    -104.1948
     804    -169.9950      56.9380     -67.5737
     805    -169.4523      42.6191     -96.8462
     806     177.3951      67.0874    -116.0076
     807    -169.1482      49.5959     -96.2517
     808     177.2159      62.7842    -116.0649
     809    -172.5711      40.7107     -91.3533
     810     174.9289      47.5869    -121.7837
     811    -171.6223      54.0091     -95.1632
     812    -172.2735      54.2933     -74.9259
     813     170.8317      60.4025    -109.3504
     814     -78.8119     -74.6320     -22.7068
     815    -178.6418      56.7847     -88.5886
     816    -167.3134      49.6003     -96.9298
     817    -157.0927      50.9458     -92.0268
     818     177.6441      49.5208     -96.1792
     819    -171.6626      51.9412    -103.2111
     820    -179.4196      50.4326     -74.1193
     821    -168.5262      51.3163     -89.1144
     822    -175.6547      60.1295    -104.7002
     823    -178.4462      64.1797     -96.8846
     824    -169.5676      43.8834    -105.6220
     825    -164.4419      66.6920     -87.8271
     826     174.8218      72.9786    -107.9010
     827    -175.8980      66.7541     -93.9991
     828     174.4908      61.4527     -89.3789
     829    -178.9735      35.9428     -95.1275
     830    -163.3907      37.2171     -87.1757
     831    -166.0867      38.6713    -127.4332
     832     179.2040      61.7629    -109.9001
     833    -162.3450      47.1886     -84.8908
     834    -171.0637      47.5792     -96.0787
     835    -171.9302      53.5921     -86.3214
     836    -165.6543      42.7520     -97.6569
     837    -166.4678      49.9230     -96.0665
     838    -174.2928      59.6627     -71.1556
     839    -171.4848      46.0559    -104.8422
     840    -179.7617      55.6164     -97.1280
     841    -174.4497      48.9711     -82.1203
     842    -179.4802      55.7386     -75.0625
     843     175.7968      67.5668    -124.9529
     844    -158.3492      54.6770     -86.0783
     845    -177.8032      56.9491     -63.9872
     846    -176.1524      40.5175    -123.8254
     847    -173.6430      53.7721    -124.1325
     848    -164.6652      50.8008     -80.8745
     849    -172.0733      55.9430     -82.5598
     850     174.1177      68.9500    -103.3757
     851    -167.7065      51.6325     -83.3341
     852     -68.9963     -64.9402      -4.7334
     853     -60.3233     -53.5541     -20.2776
     854     -69.0362     -54.4906     -15.0538
     855    -172.2390      55.0420     -77.6930
     856    -165.8717      41.6400    -103.7285
     857    -174.4079      52.0250    -101.9506
     858    -173.2236      56.8878    -103.2472
     859    -163.8429      62.6393    -115.8769
     860    -159.7808      35.2758     -82.7629
     861    -169.8820      45.1710    -108.1705
     862    -162.5775      47.2224     -85.3452
     863    -177.4454      62.0940     -74.4756
     864    -166.8212      68.9696     -97.5261
     865    -178.1083      47.2739    -103.7401
     866    -177.1855      44.7253     -98.3198
     867     175.0667      67.6635     -99.9640
     868     172.3857      51.6320     -95.7084
     869    -153.3266      32.7632     -85.5884
     870    -170.0310      59.0510    -120.3627
     871    -170.9040      50.3493     -94.8431
     872    -166.8947      45.7165    -109.1272
     873    -167.9379      54.5267     -98.7278
     874     -62.1719     -62.4211     -48.9028
     875     -56.7069     -51.5619       0.7086
     876     -69.5668     -40.4610     -31.5858
     877     -69.7055     -47.1754     -49.4958
     878    -174.1631      51.1169     -98.8138
     879    -164.4102      36.3412    -102.8680
     880    -175.7462      62.9593    -117.4340
     881    -169.3159      61.0515    -105.5421
     882    -167.5925      45.3536    -110.1958
     883    -163.0729      41.2379     -71.4409
     884    -173.3796      56.2921     -88.2010
     885    -175.3709      48.7082     -93.2359
     886    -168.1465      46.4467     -93.4641
     887    -155.4624      32.3945    -100.0025
     888     -62.0129     -55.9455     -26.1644
     889    -174.0385      57.8716     -96.8896
     890     175.8049      64.7203     -90.1614
     891    -159.4016      35.8171     -94.6667
     892    -164.2096      50.9229     -96.9302
     893    -167.2182      52.5785    -118.4015
     894    -169.8418      35.9448    -104.8793
     895    -165.7302      46.9089     -95.2400
     896    -163.4767      56.0191     -84.7144
     897    -172.4659      43.8806     -93.8378
     898    -159.8431      40.7439     -81.5655
     899     179.3376      70.3527     -83.2283
     900    -164.5126      44.1231     -88.6424
     901    -164.8850      51.7105    -106.7215
     902     177.0457      63.6271     -77.6596
     903    -163.5110      38.4210     -92.5415
     904    -162.7174      37.8885     -79.9154
     905     -81.5923     -48.6953     -40.3725
     906    -161.5673      40.2446     -87.2391
     907    -160.3104      45.0867    -101.0888
     908    -179.0196      52.0983    -119.1444
     909    -170.2359      52.9764     -96.2010
     910    -177.3866      54.7792      80.5408
     911    -172.6415      40.2253      69.1817
     912    -177.3315      33.2877      36.6962
     913    -179.4890      52.1320      80.8406
     914    -158.7176      33.4452      75.1692
     915    -178.3020      60.7503      88.3719
     916    -170.0867      45.4881      86.6885
     917    -175.1624      61.7155      76.1888
     918     -71.2810     -58.4568     160.9470
     919     -61.3453     -38.5135     131.6341
     920     -61.7795     -72.5703    -173.6702
     921     -56.0162     -70.2854     140.6634
     922     -95.4513     -42.8097     130.4388
     923    -168.7949      49.4557      81.2594
     924    -164.3137      48.8185     104.6391
     925    -173.6193      61.6880      59.2860
     926     -73.0709     -68.6171     176.8757
     927     178.9678      76.5682      18.4107
     928    -162.3417      59.4731      29.7346
     929     177.7917      55.4238      74.6501
     930    -166.9285      41.3124      87.3017
     931    -152.5711      42.9002      39.2552
     932    -178.5955      54.0646      68.5531
     933     -69.3814     -71.1935     178.9522
     934     -57.4599     -60.0602    -171.4145
     935     -58.8203     -51.5649     137.8350
     936     -63.2140     -61.1075     161.6113
     937     -65.7744     -59.4784     160.9072
     938     -67.4436     -68.9038     152.0729
     939     -54.9556     -66.4931     150.0964
     940     -56.3804     -79.3191    -174.7417
     941    -179.0068      50.7090      83.1852
     942    -165.2148      51.8362      68.3473
     943    -168.3145      54.6257      59.0470
     944     -50.8895     -65.3091    -177.5666
     945    -172.0438      52.5129      69.8195
     946     -68.2868     -68.7103     140.6193
     947    -173.0651      49.9496      76.2507
     948    -167.3872      38.4350      55.6730
     949    -165.0784      51.0094      76.4404
     950    -169.5800      69.8763      95.4790
     951     -84.7375     -56.1191     164.5670
     952    -167.3273      54.6508      81.5296
     953    -164.7391      52.8584      51.4717
     954    -178.1569      62.8921      68.9029
     955    -174.6688      59.1241      64.9065
     956     172.7646      67.5226      77.8608
     957    -169.5837      49.1324      95.6625
     958    -160.1636      41.2739      91.5774
     959    -172.4613      51.2908      46.6784
     960    -175.9405      51.8182      62.6926
     961    -162.9936      66.8909      44.0502
     962    -164.6051      25.7111      77.5926
     963    -170.2279      54.0503      68.1639
     964     -66.1185     -54.8030     152.9531
     965     -50.5420     -41.0237     -48.6314
     966     -77.8306     -56.8906     -11.5162
     967     -68.5180     -68.1711     -16.5235
     968    -169.9869      50.9585     -88.1409
     969    -172.2682      50.0140     -92.1905
     970    -164.3093      26.2467     -95.9987
     971    -179.6255      48.9773     -92.4295
     972    -168.7486      55.4544    -101.0634
     973     -93.9639     -58.4261      -5.2082
     974    -165.8901      52.1790     -91.1903
     975    -168.8347      50.1926     -97.6725
     976     175.4574      46.0723     -88.1205
     977     175.8029      64.5095     -73.1363
     978    -169.0419      57.6308     -77.9869
     979    -156.6058      41.5945    -106.1712
     980    -163.8949      30.8744     -98.0937
     981     173.8349      58.1388    -112.6487
     982    -163.3581      45.8645     -95.4345
     983    -167.8226      52.3405     -82.6794
     984     174.9478      60.7651     -91.6697
     985    -170.0537      56.1472     -92.2005
     986    -177.5837      61.3477     -79.9083
     987    -165.9257      51.9445     -98.2460
     988     -77.4609     -76.7725     -14.3216
     989    -167.0889      55.0703    -121.9967
     990    -164.4136      48.5132    -105.5492
     991    -163.1807      53.3089     -99.2587
     992    -177.0815      52.6378     -82.0460
     993    -169.3803      50.5379     -94.6389
     994    -177.1026      56.3558    -108.1366
     995     -67.6313     -78.4206     -19.6553
     996    -169.0788      41.9658     -97.5913
     997    -167.2531      55.3357     -94.9382
     998    -174.1746      56.6771     -88.5633
     999    -174.1407      47.0917     -96.6480
    1000    -168.5516      51.9101     -81.8458
