#Frame         psi:32
       1     136.6349
       2     155.2092
       3     149.6024
       4     132.3467
       5     146.0275
       6     130.8262
       7     131.8513
       8     142.3446
       9     134.1378
      10     142.0331
      11     159.6114
      12     132.5579
      13     140.1138
      14     140.6170
      15     133.7309
      16     140.1205
      17      81.1262
      18     145.6041
      19     118.1228
      20      99.7076
      21     138.6857
      22     115.8140
      23     145.6035
      24     139.8037
      25     156.1670
      26     136.5900
      27     132.7077
      28     134.8385
      29     144.1744
      30     137.9378
      31     153.3358
      32     149.6456
      33     120.2079
      34     118.7997
      35     132.2950
      36     149.4486
      37     138.3341
      38     139.7784
      39     149.1331
      40     137.0524
      41     120.7561
      42     113.5494
      43     129.7418
      44     137.9034
      45     148.4382
      46     132.2952
      47     156.8264
      48     125.7642
      49     129.3496
      50     139.3062
      51     138.2868
      52     137.8906
      53     150.1723
      54     135.6937
      55     111.0019
      56     145.6249
      57     136.9491
      58     157.1336
      59     148.6198
      60     138.0523
      61     126.8454
      62     127.9949
      63     135.6717
      64     138.8900
      65     151.7833
      66     145.7463
      67     120.0548
      68     126.3666
      69     145.4518
      70     135.8607
      71     136.2795
      72     146.1478
      73     147.2126
      74     148.5198
      75     155.7466
      76     119.8767
      77     129.0161
      78     130.8889
      79     148.1596
      80     130.0001
      81     129.2778
      82     142.5920
      83     138.6300
      84     137.8382
      85     139.4192
      86     134.4374
      87     133.4599
      88     144.0873
      89     140.0366
      90     159.1562
      91     159.4330
      92     133.4939
      93     135.0271
      94     148.7713
      95     158.3378
      96     134.2297
      97     145.4604
      98     118.1659
      99     136.3568
     100     149.0769
     101     131.0113
     102     147.8254
     103     130.8336
     104     125.9432
     105     146.6474
     106     130.0858
     107     105.0025
     108     134.7391
     109     138.3968
     110     145.6279
     111     130.7799
     112     115.4026
     113     160.7523
     114     139.3782
     115     112.9411
     116     132.2156
     117     149.5608
     118     120.8142
     119     147.8251
     120     128.1631
     121     157.8661
     122     146.8669
     123     151.7477
     124     138.7444
     125     130.5500
     126     123.1612
     127     144.1926
     128     131.4739
     129     145.8572
     130     107.5160
     131     168.2414
     132     139.5813
     133     141.2673
     134     121.9132
     135     125.5549
     136     136.8869
     137     148.0661
     138     153.0718
     139     123.0895
     140     118.0420
     141     131.0071
     142     158.1666
     143     128.7134
     144     129.0778
     145     137.6529
     146     160.6578
     147     144.3717
     148     142.9899
     149     144.1938
     150     128.1915
     151     131.0277
     152     112.0136
     153     134.9183
     154     144.3326
     155     139.0114
     156     130.8849
     157     126.4137
     158     153.3707
     159     145.1213
     160     143.7267
     161     137.8705
     162     124.8345
     163     151.4471
     164     136.6180
     165     126.7080
     166     153.6765
     167     147.2537
     168     167.6589
     169     162.6179
     170     132.0586
     171     138.1416
     172     160.7341
     173     137.8934
     174     148.2696
     175     135.2221
     176     135.0983
     177     143.4347
     178     146.0959
     179     119.3040
     180     130.6476
     181     138.0565
     182     115.1470
     183     151.3872
     184     138.3581
     185     128.6411
     186     136.1967
     187     118.2652
     188     148.0604
     189     119.5560
     190     173.8620
     191     125.9271
     192     119.0394
     193     141.9418
     194     113.6899
     195     134.7175
     196     142.6442
     197     151.1418
     198     150.4170
     199     114.5859
     200     139.4470
     201     142.2993
     202     144.1677
     203     128.0340
     204     137.4049
     205     136.6951
     206     163.0687
     207     164.7665
     208     128.6344
     209     155.0708
     210     116.6025
     211     146.7992
     212     156.8995
     213     128.7545
     214     126.7707
     215     138.1788
     216     147.7825
     217     142.9780
     218     138.4731
     219     144.1655
     220     139.0013
     221     131.6220
     222     126.5721
     223     147.6425
     224     143.0718
     225     127.7922
     226     155.7635
     227     140.8740
     228     128.0668
     229     130.4211
     230     143.2913
     231     122.3637
     232     146.3219
     233     113.5493
     234     145.3171
     235     112.1376
     236     116.0639
     237     159.7745
     238     117.6280
     239     133.9137
     240     146.6419
     241     120.4878
     242     140.7412
     243     134.5684
     244     132.0631
     245     125.4004
     246     132.8300
     247     135.2652
     248     141.8531
     249     138.9251
     250     119.0761
     251     152.7798
     252     155.8212
     253     132.9028
     254     155.9455
     255     155.5418
     256     138.2644
     257     116.3885
     258     142.9303
     259     131.3447
     260     142.4549
     261     126.7360
     262     139.8878
     263     120.1186
     264     149.0628
     265     112.4840
     266     134.4373
     267     131.9135
     268     157.0015
     269     128.6182
     270     133.2888
     271     106.0954
     272     137.5633
     273     149.3103
     274     113.1968
     275     117.6797
     276     140.6189
     277     131.9439
     278     122.3215
     279     128.9194
     280     132.2980
     281     146.2082
     282     155.5372
     283     143.7020
     284     150.3983
     285     107.8481
     286     125.3160
     287     155.5982
     288     169.4113
     289     139.5611
     290     121.4101
     291     119.2117
     292     142.8396
     293     125.8180
     294     126.6472
     295     134.0295
     296     129.3814
     297     159.9961
     298     138.5322
     299     123.4559
     300     150.9462
     301     148.0116
     302     166.3505
     303     138.3384
     304     122.4968
     305     148.5747
     306     113.8027
     307     126.6424
     308     147.7318
     309     133.7978
     310     124.9836
     311     143.0104
     312     136.0911
     313     138.7284
     314     143.9106
     315     127.8579
     316     147.4909
     317     115.2405
     318     149.0880
     319     127.1082
     320     133.9558
     321     131.0617
     322     154.8204
     323     142.0186
     324     111.8886
     325     143.1459
     326     150.5615
     327     147.2193
     328     119.8080
     329     107.0672
     330     106.7926
     331     117.4070
     332     138.8611
     333     158.2352
     334     101.4559
     335     145.4854
     336     106.0695
     337     152.1345
     338     142.5564
     339     141.7033
     340     115.9344
     341     125.5534
     342     147.9510
     343     146.9979
     344     116.7339
     345     136.0226
     346     152.6873
     347     138.8130
     348     160.4524
     349     135.4001
     350     142.3056
     351     117.9174
     352     134.2567
     353     139.0886
     354     159.2457
     355     159.1484
     356     148.3381
     357     141.1994
     358     138.4905
     359     153.5154
     360     121.2921
     361     137.5910
     362     129.0797
     363     125.6218
     364     148.3665
     365     123.7663
     366     165.8656
     367     121.5832
     368     141.8972
     369     141.5041
     370     139.7840
     371     145.3688
     372     137.5243
     373     124.9569
     374     132.9500
     375     142.9654
     376     146.0581
     377     126.2598
     378     131.5077
     379     159.1219
     380     140.4555
     381     146.6972
     382     157.6416
     383     149.7097
     384     153.5521
     385     161.8735
     386     131.6354
     387     133.7130
     388     114.1896
     389     146.5875
     390     120.7180
     391     138.0819
     392     144.0526
     393     140.6409
     394     139.4709
     395     153.4715
     396     145.1681
     397     159.9350
     398     167.5975
     399     156.5638
     400     164.1429
     401     154.1164
     402     170.4895
     403     152.3580
     404     132.1370
     405     154.2588
     406     115.0602
     407     139.3861
     408     118.9898
     409     105.3793
     410     132.3469
     411     127.2465
     412     134.7204
     413     150.7850
     414     140.3077
     415     144.0975
     416     150.3818
     417     131.3274
     418     143.3135
     419     136.8782
     420     140.9051
     421     163.0214
     422     148.8528
     423     137.7292
     424     123.9270
     425     123.7840
     426     135.4555
     427     130.5501
     428     141.1706
     429     143.9191
     430     162.3067
     431     127.5526
     432     141.0062
     433     153.9100
     434     152.8321
     435     130.4183
     436     127.4564
     437     127.1020
     438     123.4093
     439     143.8259
     440     138.7478
     441     130.8916
     442     157.5246
     443     138.2012
     444     136.6361
     445     151.8049
     446     121.6576
     447     124.0963
     448     120.3057
     449     122.0060
     450     139.4538
     451     136.8602
     452     126.3367
     453     125.4323
     454     138.0119
     455     143.4560
     456     133.3439
     457     135.0769
     458     139.8191
     459     126.6038
     460     137.7640
     461     115.8503
     462     147.7955
     463     139.9046
     464     133.2981
     465     130.1566
     466     138.1700
     467     143.3147
     468     124.5969
     469     138.4792
     470     116.3040
     471     143.1424
     472     151.9087
     473     124.8479
     474     154.6554
     475     121.4794
     476     158.0070
     477     142.0011
     478     157.2292
     479     135.9061
     480     155.9177
     481     135.5739
     482     136.6956
     483     130.1019
     484     118.3531
     485     158.6057
     486     117.9665
     487     143.6134
     488     153.4060
     489     160.3598
     490      92.3920
     491     146.0090
     492     152.4234
     493     146.0289
     494     129.9212
     495     138.1856
     496     139.6777
     497     147.0547
     498     142.9527
     499     125.3688
     500     152.3768
     501     146.0683
     502     124.2690
     503     141.6875
     504     142.1019
     505     142.0777
     506     128.7656
     507     119.3593
     508     145.4478
     509     152.3215
     510     119.3996
     511     156.9818
     512     127.1792
     513     148.9368
     514     125.5349
     515     131.0223
     516     144.0729
     517     112.8981
     518     130.4251
     519     125.8215
     520     135.4364
     521     130.3984
     522     143.0514
     523     139.2377
     524     163.5405
     525     140.8486
     526     116.8502
     527     106.5361
     528     146.4675
     529     127.0144
     530     152.5491
     531     144.9810
     532     124.2587
     533     130.2907
     534     103.5284
     535     144.7228
     536     152.7111
     537     132.0927
     538     142.3871
     539     145.2069
     540     139.4655
     541     143.9010
     542     148.0829
     543     150.9867
     544     160.6444
     545     146.0195
     546     153.1176
     547     127.0524
     548     152.4557
     549     105.3720
     550     134.2457
     551     151.2477
     552     159.2550
     553     163.7160
     554     155.8461
     555     135.8899
     556     137.1972
     557     105.5864
     558     126.4601
     559     143.2141
     560     130.3158
     561     133.7684
     562     155.8843
     563     126.5300
     564     142.7125
     565     137.1082
     566     125.6112
     567     112.3483
     568     129.8925
     569     117.0189
     570     129.5488
     571     134.1998
     572     115.0912
     573     152.8088
     574     131.8535
     575     145.9134
     576     158.1673
     577     131.3335
     578     150.1056
     579     153.5789
     580     131.5374
     581     144.6646
     582     115.0057
     583     145.2573
     584     137.8012
     585     147.0372
     586     142.5878
     587     133.5193
     588     150.2430
     589     109.6250
     590     127.4806
     591     131.8418
     592     156.3878
     593     137.8824
     594     141.4375
     595     120.0703
     596     126.5437
     597     128.2377
     598     144.9718
     599     160.4784
     600     137.1532
     601     133.2252
     602     133.0980
     603     157.8865
     604     170.6205
     605     149.1285
     606     177.4271
     607     166.4606
     608     127.4014
     609     134.4167
     610     143.5111
     611     147.4838
     612     127.0473
     613      95.7529
     614     141.7660
     615     145.7567
     616     149.8541
     617     127.9241
     618     128.8943
     619     138.1807
     620     145.9785
     621     120.8155
     622     127.7137
     623     131.5463
     624     135.6260
     625     149.2644
     626     134.8253
     627     138.8213
     628     150.8442
     629     140.6795
     630     118.9729
     631     126.0708
     632     159.3452
     633     146.7524
     634     141.4828
     635     133.9697
     636     139.7715
     637     134.2710
     638     156.7660
     639     140.5132
     640     126.9287
     641     153.2486
     642     128.1095
     643     120.4852
     644     156.0341
     645     132.3724
     646     134.7147
     647     151.4188
     648     116.9733
     649     154.3451
     650     134.9865
     651     130.3440
     652     110.5768
     653     136.0853
     654     165.3935
     655     127.3519
     656     126.9994
     657     149.2582
     658     128.5664
     659     133.1639
     660     130.0345
     661     135.6341
     662     140.4839
     663     153.6719
     664     150.1247
     665     144.6789
     666     119.5119
     667     147.2210
     668     147.9216
     669     147.5759
     670     141.2334
     671     143.3941
     672     144.3728
     673     134.8125
     674     126.6401
     675     120.4278
     676     135.4805
     677     121.8898
     678     132.9179
     679     159.3367
     680     130.4260
     681     140.1374
     682     139.2697
     683     109.8600
     684     144.7248
     685     128.6946
     686     126.7782
     687     162.6198
     688     154.4739
     689     133.5618
     690     119.5256
     691     142.3490
     692     134.6420
     693     123.4639
     694     109.4575
     695     131.5890
     696     118.9212
     697     135.6795
     698     115.2436
     699     113.9474
     700     120.0409
     701     115.6269
     702     128.1724
     703     120.3555
     704     131.1850
     705     126.4670
     706     130.5541
     707     120.4966
     708     130.6452
     709     126.2679
     710     120.8893
     711     136.8719
     712     139.3546
     713     144.2642
     714     144.5685
     715     154.1534
     716     142.2701
     717     139.5846
     718     125.3684
     719     133.6283
     720     141.1786
     721     148.8339
     722     152.0880
     723     139.5006
     724     146.2097
     725     126.6565
     726     156.0566
     727     116.1712
     728     130.2769
     729      94.6086
     730     141.2006
     731     139.5839
     732     158.0554
     733     153.5615
     734     148.0610
     735     156.3842
     736     116.8607
     737     155.3779
     738     119.9952
     739     132.1849
     740     121.2750
     741     143.4429
     742     122.8673
     743     135.4462
     744     145.3303
     745     142.7730
     746     148.4284
     747     142.3344
     748     144.0251
     749     150.8169
     750     128.0988
     751     143.3670
     752     141.3386
     753     149.2591
     754     122.1573
     755     140.6167
     756     152.8186
     757     150.2101
     758     127.9820
     759     152.7696
     760     138.1610
     761     105.1183
     762     126.6599
     763     155.6660
     764     139.1506
     765     158.7128
     766     167.3248
     767     152.7064
     768     153.5588
     769     140.5898
     770     144.3802
     771     128.0332
     772     121.8652
     773     150.3522
     774     138.1659
     775     148.4563
     776     143.1341
     777     129.9900
     778     140.7591
     779     138.3659
     780     163.1468
     781     143.2299
     782     155.0819
     783     134.6828
     784     144.1488
     785     148.8886
     786     145.2609
     787     126.3967
     788     124.4580
     789     115.7564
     790     137.3315
     791     135.4813
     792     124.9988
     793     127.1149
     794     138.0946
     795     133.8035
     796     139.8717
     797     151.5984
     798     139.6638
     799     136.0746
     800     123.0464
     801     115.6698
     802     150.2969
     803     141.6357
     804     137.7165
     805     139.9463
     806     148.3385
     807     160.5493
     808     162.6729
     809     144.7982
     810     129.8608
     811     147.2267
     812     144.4706
     813     154.9292
     814     157.1319
     815     152.9889
     816     128.3125
     817     134.7270
     818     140.6969
     819     146.0611
     820     139.7186
     821     133.7752
     822     122.0497
     823     131.3436
     824     109.9328
     825     136.4711
     826     117.8024
     827     134.9275
     828     145.7096
     829     123.4149
     830     138.6619
     831     132.4077
     832     146.0511
     833     140.3639
     834     133.4293
     835     132.3140
     836     140.2828
     837     160.2365
     838     162.9977
     839     159.0115
     840     151.4062
     841     162.8414
     842     153.6690
     843     152.0876
     844     166.9120
     845     147.9998
     846     160.6617
     847     146.5168
     848     150.1466
     849     140.1419
     850     130.1701
     851     140.1332
     852     148.4278
     853     163.2807
     854     179.3436
     855     155.2863
     856     152.0594
     857     139.8367
     858     117.0031
     859     143.6002
     860     143.9659
     861     153.4692
     862     154.1088
     863     140.5583
     864     117.2992
     865     124.8577
     866     151.6622
     867     134.5780
     868     111.7194
     869     168.6521
     870     142.0639
     871     140.5545
     872     137.6139
     873     152.5677
     874     133.1270
     875     148.7901
     876     139.0073
     877     143.9655
     878     139.2250
     879     129.4616
     880     145.1974
     881     141.5842
     882     146.7456
     883     143.9261
     884     148.0591
     885     130.3858
     886     131.7435
     887     168.0299
     888     115.1221
     889     137.0722
     890     148.1224
     891     145.4868
     892     147.8982
     893     131.8460
     894     134.1483
     895     122.4550
     896     140.4808
     897     154.3784
     898     159.8235
     899     149.1875
     900     137.1275
     901     126.4493
     902     139.3007
     903     137.6823
     904     137.2247
     905     138.4871
     906     146.9742
     907     144.3480
     908     130.2672
     909     127.9007
     910     120.9833
     911     149.7982
     912     157.7878
     913     160.4811
     914     137.9859
     915     122.9472
     916     164.9134
     917     152.7545
     918     127.8786
     919     120.7573
     920     148.1442
     921     147.2461
     922     155.3821
     923     149.9291
     924     146.2978
     925     142.4001
     926     137.4273
     927     133.8884
     928     110.4612
     929     118.8298
     930     146.4355
     931     132.8164
     932     131.3098
     933     146.6532
     934     165.0770
     935     153.9440
     936     130.9928
     937     146.5147
     938     140.2300
     939     125.2156
     940     144.3471
     941     141.1414
     942     118.0689
     943     131.2944
     944     150.0545
     945     128.6149
     946     122.5305
     947     134.3063
     948     133.2597
     949     140.9281
     950     131.2654
     951     134.6300
     952     132.5927
     953     111.5295
     954     128.4297
     955     152.0676
     956     145.0601
     957     149.1291
     958     168.6988
     959     145.0214
     960     174.1958
     961     128.2922
     962     143.4330
     963     151.6978
     964     148.0207
     965     123.6097
     966     160.1353
     967     137.0544
     968     154.6027
     969     152.0999
     970     164.6465
     971     130.3499
     972     127.5187
     973     158.9926
     974     143.8356
     975     145.9827
     976     127.9406
     977     123.9963
     978     148.3504
     979     153.7603
     980     150.8467
     981     129.5053
     982     143.1767
     983     146.4233
     984     126.3410
     985     157.9302
     986     148.0548
     987     118.6694
     988     131.9015
     989     124.2834
     990     146.8186
     991     149.5320
     992     110.5025
     993     117.6714
     994     137.4442
     995     139.1942
     996     164.2416
     997     172.7970
     998     152.3030
     999     164.3238
    1000     177.1788
