#Frame        phi:120
       1    -106.3915
       2     -81.4520
       3     -68.6046
       4     -67.5229
       5     -76.4462
       6     -48.6756
       7     -60.9600
       8     -69.1957
       9     -68.6146
      10     -48.8314
      11     -68.0757
      12     -52.7475
      13     -69.5872
      14     -48.8027
      15     -61.8699
      16     -54.1241
      17     -71.8579
      18     -68.4613
      19     -58.5169
      20     -82.4866
      21     -65.9464
      22     -68.6458
      23     -67.2757
      24     -73.2846
      25     -57.6693
      26     -58.9055
      27     -82.0078
      28     -69.0543
      29     -61.3125
      30     -58.5221
      31     -69.0267
      32     -66.6519
      33     -87.1109
      34     -76.1522
      35     -57.3685
      36     -61.4910
      37     -77.5677
      38     -72.9959
      39     -69.1593
      40     -63.2883
      41     -62.6863
      42     -64.9515
      43     -85.1354
      44     -79.2336
      45    -106.6765
      46     -62.1383
      47     -89.8264
      48     -57.4801
      49     -65.0228
      50     -62.1861
      51     -80.2959
      52     -55.8424
      53     -57.7379
      54     -62.1750
      55     -80.9577
      56     -74.0084
      57     -62.2781
      58     -83.5983
      59     -72.0423
      60     -66.1947
      61     -69.3077
      62     -72.1190
      63     -87.7164
      64     -73.5231
      65     -72.5210
      66     -70.5975
      67     -66.3123
      68     -59.4949
      69     -67.3743
      70     -72.4406
      71     -56.5623
      72     -70.1851
      73     -75.1539
      74     -54.3461
      75     -66.0202
      76     -66.8100
      77     -67.7349
      78     -69.2264
      79     -61.7548
      80     -78.0335
      81     -69.1762
      82     -74.0685
      83     -54.3539
      84     -58.0344
      85     -78.0717
      86     -70.1297
      87     -75.3505
      88     -56.1351
      89     -66.1279
      90     -78.6098
      91     -75.9717
      92     -55.3713
      93    -102.8357
      94     -83.2179
      95     -77.4741
      96     -90.5255
      97     -84.6470
      98     -69.3443
      99     -61.1299
     100     -66.2062
     101     -55.6053
     102     -60.5341
     103     -54.9597
     104     -83.0539
     105     -74.3015
     106     -57.9929
     107     -60.7224
     108     -84.1502
     109     -66.0316
     110     -56.1013
     111     -53.3764
     112     -85.4011
     113     -87.9153
     114     -78.7303
     115     -65.5984
     116     -87.6036
     117     -75.8063
     118     -65.6724
     119     -78.5729
     120     -56.4557
     121     -62.5360
     122     -73.4223
     123     -58.2437
     124     -66.1354
     125     -61.4219
     126     -79.2719
     127     -71.2234
     128     -50.6185
     129     -76.8215
     130     -39.8041
     131     -89.1997
     132     -69.8483
     133     -62.2666
     134     -63.3066
     135     -83.8372
     136     -71.8844
     137     -62.0316
     138     -53.2963
     139     -70.3443
     140     -70.8536
     141     -71.1551
     142     -47.4206
     143     -68.2983
     144     -80.5824
     145     -80.9724
     146     -59.7811
     147     -60.4862
     148     -59.7028
     149     -85.0479
     150     -67.5594
     151     -67.7614
     152     -55.8846
     153     -51.2796
     154     -66.7328
     155     -79.1653
     156     -77.0401
     157     -57.1946
     158     -75.1651
     159     -85.3630
     160     -85.3275
     161     -71.5712
     162     -77.9545
     163     -45.4521
     164     -42.7973
     165     -81.1768
     166     -69.5658
     167     -81.2913
     168     -91.8140
     169     -83.2440
     170     -65.8953
     171     -56.5858
     172     -76.7725
     173     -76.8031
     174     -80.3276
     175     -63.4804
     176     -74.2977
     177     -69.9430
     178     -76.2069
     179     -56.3437
     180     -64.1108
     181     -93.7371
     182     -66.7854
     183     -74.9004
     184     -59.3211
     185     -70.0534
     186     -44.1742
     187     -71.5617
     188     -55.1657
     189     -66.7018
     190     -71.5138
     191     -75.0918
     192     -76.4302
     193     -53.3951
     194     -69.6085
     195     -65.4581
     196     -66.0467
     197     -58.5102
     198     -56.0035
     199     -64.9131
     200     -49.2923
     201     -75.9439
     202     -87.3358
     203     -76.2929
     204     -60.0201
     205     -62.9163
     206     -67.8250
     207     -62.1911
     208     -60.0273
     209     -61.5512
     210     -70.1505
     211     -71.5144
     212     -53.9020
     213     -58.7175
     214     -58.6854
     215     -74.6081
     216     -66.5292
     217     -63.1440
     218     -77.8741
     219     -75.8430
     220     -65.4699
     221     -69.3731
     222     -58.1402
     223     -71.4594
     224     -64.1918
     225     -68.0239
     226     -66.0358
     227     -73.6259
     228     -64.9277
     229     -64.2102
     230     -61.3774
     231     -74.8271
     232     -76.5440
     233     -85.5472
     234     -70.0337
     235     -54.6056
     236     -86.4409
     237     -69.1419
     238     -82.5554
     239     -85.6162
     240     -64.1212
     241     -97.4638
     242     -57.0519
     243     -69.2519
     244     -53.9672
     245     -67.3356
     246     -59.0947
     247     -80.4009
     248     -80.7881
     249     -41.8064
     250     -49.9194
     251     -55.4743
     252     -75.2866
     253     -67.6020
     254     -67.2672
     255     -84.0477
     256     -55.8528
     257     -82.7218
     258     -51.1644
     259     -71.3263
     260     -60.0705
     261     -85.1690
     262     -54.7857
     263     -64.3667
     264     -59.8997
     265     -76.9259
     266     -66.3381
     267     -73.6405
     268     -63.4036
     269     -69.8007
     270     -62.6974
     271     -60.0931
     272     -68.1329
     273     -70.2799
     274     -65.6380
     275     -69.6858
     276     -61.7492
     277     -68.5775
     278     -60.3206
     279     -73.6123
     280     -64.0315
     281     -64.9426
     282     -57.5463
     283     -66.0686
     284     -78.9332
     285    -104.9800
     286     -78.2792
     287     -77.0756
     288     -79.7182
     289     -88.1236
     290     -65.3226
     291     -58.9116
     292     -62.8861
     293     -81.0416
     294     -68.1306
     295     -66.5129
     296     -71.0828
     297     -72.6315
     298     -72.3706
     299     -73.9824
     300     -80.3284
     301     -81.2013
     302     -82.4297
     303     -79.7852
     304     -76.6521
     305     -62.7948
     306     -70.1403
     307     -84.1768
     308     -70.9868
     309     -72.0148
     310     -58.5719
     311     -73.3059
     312     -68.6130
     313     -75.3641
     314     -67.5308
     315     -64.8587
     316     -62.7262
     317     -61.2108
     318     -72.1592
     319     -66.7698
     320     -64.7849
     321     -73.5432
     322     -68.3660
     323     -62.9657
     324     -67.1981
     325     -76.6487
     326     -87.8711
     327     -68.7118
     328     -76.4489
     329     -64.9575
     330     -63.8054
     331     -94.1511
     332     -76.1688
     333     -60.2590
     334     -69.2392
     335     -76.4431
     336     -70.2472
     337     -79.4377
     338     -62.5080
     339     -71.4680
     340     -74.8614
     341     -82.0215
     342     -67.5058
     343     -70.8628
     344     -83.7421
     345     -70.0066
     346     -64.9915
     347     -59.6468
     348     -71.6748
     349     -70.9595
     350     -60.2890
     351     -88.1694
     352     -53.9631
     353     -56.3001
     354     -62.0491
     355     -69.4290
     356     -70.1782
     357     -76.6568
     358     -75.5278
     359     -63.8494
     360     -66.4725
     361     -57.6277
     362     -72.9388
     363     -70.0848
     364     -73.3537
     365     -81.2585
     366     -57.4590
     367     -65.7276
     368     -77.7525
     369     -69.2735
     370     -58.6683
     371     -53.6841
     372     -64.2523
     373     -80.3889
     374     -47.9291
     375     -75.8689
     376     -65.6735
     377     -77.5889
     378     -70.2263
     379     -61.4649
     380     -74.7749
     381     -59.2342
     382     -66.4150
     383     -58.4522
     384     -65.3544
     385     -75.1956
     386     -71.9712
     387     -49.7668
     388     -78.0973
     389     -68.2896
     390     -57.4376
     391     -89.0983
     392     -65.3619
     393     -69.0736
     394     -75.7622
     395     -76.1654
     396     -69.4450
     397     -76.7738
     398     -69.2078
     399     -52.6924
     400     -69.0677
     401     -75.2612
     402     -60.3210
     403     -53.7198
     404     -80.6236
     405     -72.3668
     406     -49.7141
     407     -72.9517
     408     -54.0970
     409     -68.8976
     410     -87.3737
     411     -66.7634
     412     -73.9396
     413     -90.6437
     414     -67.9896
     415     -83.7712
     416     -77.9996
     417     -64.2387
     418     -78.9331
     419     -54.9428
     420     -55.2757
     421     -83.4805
     422     -73.4523
     423     -66.0363
     424     -80.9496
     425     -53.4732
     426     -74.4821
     427     -69.9293
     428     -55.8118
     429     -68.8847
     430     -69.0883
     431     -78.8869
     432     -65.1718
     433     -54.9232
     434     -66.5481
     435     -61.8926
     436     -88.1853
     437     -72.1942
     438     -67.8787
     439     -53.6675
     440     -56.3444
     441     -81.1812
     442     -43.5444
     443     -68.3104
     444     -74.2232
     445     -78.0900
     446     -57.1090
     447     -69.5732
     448     -74.8779
     449     -47.4913
     450     -77.3619
     451     -69.2513
     452     -68.2410
     453     -78.5901
     454     -63.7812
     455     -62.8047
     456     -80.3026
     457     -84.1687
     458     -78.9039
     459     -71.0591
     460    -100.2817
     461     -63.5936
     462     -74.7953
     463     -77.0025
     464     -31.9218
     465     -81.6175
     466     -72.3371
     467     -65.1681
     468     -66.8168
     469     -60.2380
     470     -72.8851
     471     -69.9211
     472     -62.2789
     473     -65.3645
     474     -84.8655
     475     -61.8605
     476     -76.0780
     477     -74.5795
     478     -52.9977
     479     -68.9153
     480     -79.1042
     481     -72.3058
     482     -77.3901
     483     -75.2167
     484     -81.2503
     485     -88.7649
     486     -80.6756
     487     -49.5603
     488     -85.2221
     489     -57.2304
     490     -61.0869
     491     -65.8955
     492     -84.9604
     493     -66.9782
     494     -99.9991
     495     -74.3801
     496     -74.1611
     497     -76.2613
     498     -55.5594
     499     -57.4508
     500     -57.9148
     501     -75.2637
     502     -57.4352
     503     -62.9525
     504     -54.8533
     505     -50.0018
     506     -60.0062
     507     -81.3079
     508     -78.2777
     509     -57.3644
     510     -75.2165
     511     -82.4923
     512     -60.8236
     513     -76.2760
     514     -69.5989
     515     -65.5903
     516     -71.7722
     517     -48.3025
     518     -58.0572
     519     -57.7908
     520     -69.5043
     521     -51.7225
     522     -72.8986
     523     -61.6232
     524     -74.6418
     525     -77.2368
     526     -57.7769
     527     -69.5391
     528     -61.2657
     529     -74.3688
     530     -70.7202
     531     -38.0600
     532     -58.5315
     533     -63.7564
     534     -59.4315
     535     -69.0977
     536     -66.5183
     537     -54.6882
     538     -69.0728
     539     -69.7960
     540     -55.7305
     541     -59.3622
     542     -75.8462
     543     -83.8287
     544     -84.4305
     545     -60.6153
     546     -78.0055
     547     -68.6283
     548     -59.0458
     549     -61.9228
     550     -57.4830
     551     -58.4832
     552     -64.1275
     553     -88.2212
     554     -69.4644
     555     -58.1566
     556     -76.7964
     557     -92.1919
     558     -67.8042
     559     -63.8760
     560     -75.1588
     561     -73.8542
     562     -87.1391
     563     -64.6320
     564     -67.7978
     565     -66.5869
     566     -73.7629
     567     -87.7268
     568     -63.8963
     569     -70.8004
     570     -63.5370
     571     -71.5829
     572     -58.8582
     573     -85.9387
     574     -48.8004
     575     -66.9573
     576     -82.0051
     577     -80.0603
     578     -67.3393
     579     -71.6066
     580     -65.0552
     581     -49.4657
     582     -53.0006
     583     -71.5457
     584     -70.4350
     585     -77.1650
     586     -70.9556
     587     -86.5684
     588     -80.4690
     589     -68.9615
     590     -60.0730
     591     -90.2461
     592    -151.9233
     593     -74.5836
     594     -66.4852
     595     -73.3755
     596     -69.0254
     597     -77.0238
     598     -75.7947
     599     -47.8648
     600     -77.1590
     601     -84.1812
     602     -90.5812
     603     -65.3934
     604     -67.8661
     605     -98.2762
     606     -61.4296
     607     -74.6394
     608     -84.9854
     609     -73.5773
     610     -72.1819
     611     -62.4435
     612     -57.9108
     613     -60.5713
     614     -63.0469
     615     -60.4039
     616     -80.6517
     617     -61.8116
     618     -55.3442
     619     -80.4718
     620     -60.5372
     621     -57.1168
     622     -63.2657
     623     -70.3973
     624     -54.5725
     625     -69.6119
     626     -70.0480
     627     -74.7546
     628     -64.3399
     629     -66.8972
     630     -75.9463
     631     -62.5963
     632     -64.7460
     633     -58.9875
     634     -68.0546
     635     -76.5284
     636     -65.6626
     637     -81.3110
     638     -70.2588
     639     -58.3088
     640     -66.4695
     641     -72.1355
     642     -38.7966
     643     -58.5182
     644     -83.7608
     645     -68.4170
     646     -59.6974
     647     -77.3157
     648     -70.0122
     649     -51.3545
     650     -70.0863
     651     -78.7576
     652     -66.5074
     653     -74.0492
     654     -65.8720
     655     -72.0904
     656     -65.1060
     657     -46.7599
     658     -78.1848
     659     -86.6687
     660     -70.7832
     661     -66.8818
     662     -95.7693
     663     -56.9157
     664     -58.0113
     665     -66.9607
     666    -102.0643
     667     -68.9388
     668     -74.8613
     669     -84.8363
     670     -64.0089
     671     -70.5560
     672     -56.6429
     673     -74.5905
     674     -72.3149
     675     -56.8636
     676     -72.8306
     677     -70.1458
     678     -79.6224
     679     -63.5060
     680     -61.6186
     681     -59.4859
     682     -84.1401
     683     -80.4406
     684     -51.6315
     685     -59.1018
     686     -77.4095
     687     -62.4419
     688     -73.9814
     689     -62.7032
     690     -70.4896
     691     -51.0454
     692     -65.9906
     693     -54.6345
     694     -60.2405
     695     -65.7527
     696     -78.5021
     697     -90.0938
     698     -67.6801
     699     -48.5132
     700     -47.2874
     701     -65.3635
     702     -67.3044
     703     -53.5102
     704     -71.4614
     705     -57.6771
     706     -63.5726
     707     -83.9937
     708     -78.1943
     709     -61.9989
     710     -65.4947
     711     -61.8031
     712     -51.5577
     713     -54.4308
     714     -57.8420
     715     -66.8998
     716     -71.3274
     717     -54.6924
     718     -58.5772
     719     -70.8735
     720     -90.1683
     721     -69.6408
     722     -53.1434
     723     -80.4214
     724     -59.7965
     725     -67.7425
     726     -64.4925
     727     -74.1152
     728     -72.6571
     729     -76.7190
     730     -82.8429
     731     -71.8581
     732     -59.9439
     733     -69.9889
     734     -65.2117
     735     -52.4764
     736     -44.2729
     737     -65.2383
     738     -52.4488
     739     -67.7754
     740     -59.5838
     741     -62.4269
     742     -66.4636
     743     -75.4753
     744     -61.1914
     745     -55.7337
     746     -67.2716
     747     -75.1141
     748     -79.0292
     749     -77.1416
     750     -87.8371
     751     -65.1773
     752     -72.9166
     753     -60.8764
     754     -70.0249
     755     -59.8019
     756     -82.1994
     757     -78.2588
     758     -73.7515
     759     -67.9187
     760     -58.7055
     761     -66.2204
     762     -80.3733
     763     -60.4571
     764     -68.6979
     765     -73.1898
     766     -46.0512
     767     -73.9649
     768     -79.0637
     769     -87.7867
     770     -72.2856
     771     -79.8264
     772     -75.4206
     773     -53.4128
     774     -64.9952
     775     -58.1270
     776     -54.6668
     777     -86.2955
     778     -65.4328
     779     -71.2442
     780     -71.2868
     781     -81.5801
     782     -75.0292
     783     -68.4594
     784     -62.1891
     785     -72.3741
     786     -78.6429
     787     -82.6550
     788     -84.3286
     789     -69.4554
     790     -73.2440
     791     -74.4297
     792     -52.5741
     793     -70.8296
     794     -68.5927
     795     -56.4173
     796     -57.4974
     797     -80.6207
     798     -67.3660
     799     -66.7569
     800     -73.2394
     801     -57.5481
     802     -84.7834
     803     -77.4729
     804     -65.6443
     805     -76.8304
     806     -83.6457
     807     -61.1421
     808     -83.1403
     809     -69.6506
     810     -74.2627
     811     -59.4145
     812     -62.0567
     813     -87.6197
     814     -78.3240
     815     -75.7152
     816     -68.0816
     817     -86.6084
     818     -61.1055
     819     -78.2024
     820     -71.2362
     821     -72.0551
     822     -80.4186
     823     -75.3554
     824     -77.9388
     825     -80.0825
     826     -89.4004
     827     -77.5884
     828     -54.5760
     829     -66.7584
     830     -87.5233
     831     -76.1488
     832     -87.2514
     833     -65.6558
     834     -82.1520
     835     -77.7507
     836     -74.8334
     837     -78.1667
     838     -84.0213
     839     -93.0705
     840     -53.7134
     841     -61.6896
     842     -61.1560
     843     -69.9575
     844     -73.0796
     845     -88.2225
     846     -67.6141
     847    -110.6310
     848    -108.8554
     849     -92.5761
     850     -81.8107
     851     -72.6021
     852     -80.4906
     853     -82.6164
     854     -73.5761
     855     -74.5068
     856     -99.5894
     857     -99.7092
     858     -78.0061
     859     -78.6787
     860     -82.1343
     861     -74.8897
     862     -66.3856
     863     -76.0495
     864     -83.5415
     865     -70.1162
     866     -87.4450
     867     -70.7751
     868     -73.6472
     869     -80.3745
     870     -70.1409
     871     -69.7225
     872     -64.6720
     873     -74.0653
     874     -75.1037
     875     -48.7447
     876     -70.1976
     877     -73.6898
     878     -60.6817
     879     -71.7698
     880     -62.1493
     881     -61.5641
     882     -61.8324
     883     -82.1766
     884     -63.2806
     885     -77.8688
     886     -79.8799
     887     -78.5403
     888     -87.1167
     889     -89.3681
     890     -61.4824
     891     -58.9562
     892     -66.6474
     893     -60.2388
     894     -71.6158
     895     -71.6089
     896     -69.4538
     897     -60.6558
     898     -73.5105
     899     -69.5527
     900     -69.2162
     901     -75.4247
     902     -84.9836
     903     -65.9812
     904     -74.2575
     905     -74.5533
     906     -96.3347
     907     -62.1382
     908     -81.2798
     909     -62.5670
     910     -69.3635
     911     -57.5383
     912     -52.3697
     913     -79.5492
     914     -71.1624
     915     -72.2009
     916     -66.6204
     917     -59.7180
     918     -68.0241
     919     -93.6558
     920     -98.6551
     921     -57.1405
     922     -60.8071
     923     -65.2914
     924     -73.4789
     925     -72.7830
     926     -62.0081
     927     -45.8659
     928     -84.7129
     929     -83.1830
     930     -58.1868
     931     -92.2827
     932     -78.1616
     933     -67.3057
     934     -62.3805
     935     -64.5244
     936     -64.8444
     937     -67.9172
     938     -55.9798
     939     -67.3586
     940     -57.6028
     941     -69.4244
     942     -73.5813
     943     -46.4841
     944     -71.9165
     945     -62.7277
     946     -50.0309
     947     -62.5682
     948     -60.8742
     949     -86.8106
     950     -75.8883
     951     -76.0596
     952     -73.3824
     953     -73.2779
     954     -51.7407
     955     -80.3697
     956     -78.9020
     957     -67.2100
     958     -51.9845
     959     -57.1110
     960     -64.0796
     961     -65.2325
     962     -64.1653
     963     -59.4679
     964     -51.5869
     965     -51.2913
     966     -73.9809
     967     -64.4778
     968     -71.9456
     969     -67.1000
     970     -54.6386
     971     -66.9537
     972     -69.8395
     973     -63.0657
     974     -59.9561
     975     -56.5515
     976     -62.7735
     977     -78.6060
     978     -48.4603
     979     -56.5535
     980     -54.2328
     981     -80.0425
     982     -72.3175
     983     -64.8974
     984     -68.8540
     985     -58.5632
     986     -52.9999
     987     -32.3730
     988     -64.7746
     989     -55.2358
     990     -72.4578
     991     -51.9502
     992     -66.7466
     993     -58.2289
     994     -56.8134
     995     -54.5924
     996     -64.1866
     997     -65.0260
     998     -82.3075
     999     -77.0004
    1000     -58.0851
