#Frame       chi1:129     chi2:129
       1     -83.4931     103.0242
       2     -80.8578      91.2132
       3     -67.2948      99.3136
       4     -74.5914     105.6393
       5     -62.2703      66.3594
       6     -70.8103      86.4982
       7     -50.9615      76.4046
       8     -64.1005      83.0371
       9     -58.0240      92.6629
      10     -52.2041      83.4399
      11     -67.0252      84.6367
      12     -58.3964      82.5506
      13     -62.3556      97.3579
      14     -79.5512      92.0949
      15     -60.9094     100.7912
      16     -57.9846      90.7507
      17     -62.0191      79.9337
      18     -66.0315      84.9608
      19     -71.2237      84.1353
      20     -65.3655      92.1615
      21     -65.0033      87.7394
      22     -60.7500     100.6711
      23     -66.2437      96.1671
      24     -70.3568      85.2288
      25     -49.8098      84.6613
      26     -64.0710     102.8083
      27     -63.4947      97.8358
      28     -79.4066      90.1373
      29     -75.4804     100.6101
      30     -68.0136     106.4116
      31     -74.5111      97.8563
      32     -86.0704      91.1142
      33     -57.0532      95.4646
      34     -82.6237      76.1161
      35     -81.1540      92.6916
      36     -94.8049      80.6826
      37     -83.1788     104.3866
      38     -76.3211      77.9256
      39     -66.1697      62.3577
      40     -78.1675      81.7153
      41     -83.2049      96.8391
      42     -79.1859      74.5329
      43     -98.6468     102.1470
      44     -98.3647      96.0667
      45     -68.4853      82.3768
      46     -70.0479     101.2311
      47     -69.7306      96.7210
      48     -76.8678     109.5641
      49     -74.9100     111.9551
      50     -73.8948      95.6280
      51     -75.2304      94.2383
      52     -85.6155     109.9137
      53     -83.4768     119.0725
      54     -78.4718      90.3308
      55     -74.9562      98.6676
      56     -63.9957      88.5523
      57     -75.1199      98.4772
      58     -89.6961     102.3751
      59     -76.5602     102.9255
      60     -81.2312     104.0205
      61     -84.8088     101.1121
      62     -74.2525     102.2894
      63     -88.5127      93.6089
      64     -83.8215      93.1367
      65     -86.0601      92.1259
      66     -82.6518     104.2323
      67     -63.0796      96.4138
      68     -76.5742      91.4476
      69     -88.7817      98.7359
      70     -90.5269      83.0256
      71     -99.7209      94.1695
      72     -78.4734     102.7819
      73     -80.5065      97.1104
      74     -71.9355      72.2664
      75     -65.8693      98.9450
      76     -84.7343      96.3529
      77     -87.8861      86.0473
      78     -73.8410      82.1162
      79     -69.8174      90.2144
      80     -81.0191      85.5860
      81     -61.5179      95.4487
      82     -80.6182      99.8298
      83     -76.0621     106.6296
      84     -88.5591      97.9938
      85     -68.3458     101.8404
      86     -88.4599     125.0608
      87     -87.2061     110.2704
      88     -85.6467      76.2179
      89     -89.5693      99.2343
      90     -88.2034     113.6134
      91     -59.4163     100.7935
      92     -68.6794     116.3018
      93     -75.9507     102.9634
      94     -66.7171      98.9068
      95     -85.4821     107.5202
      96     -69.0808     106.1476
      97     -92.2514     117.3415
      98     -81.3978      98.5892
      99     -85.7027      91.7887
     100     -71.4201      94.6337
     101     -85.9496     104.8197
     102     -94.5057      95.1341
     103     -72.8011      92.9746
     104     -69.1054      76.9397
     105     -85.7075      84.9434
     106     -94.7819      85.9586
     107     -73.1452     100.1954
     108     -80.1070     100.6774
     109     -86.7511      96.3692
     110     -74.6154     107.4755
     111     -87.4432     100.0813
     112     -89.9703      92.8768
     113     -71.9959      95.8256
     114     -88.1989      82.0454
     115     -76.0763      83.5790
     116     -86.6112     112.8081
     117     -85.8657     111.1797
     118     -68.7318      89.5087
     119     -80.6022     104.7994
     120     -96.1761     100.4024
     121     -71.4400      87.2881
     122     -73.8070      83.2102
     123     -84.6353      79.1375
     124     -71.9183      78.1369
     125     -87.6592     102.0988
     126     -80.6035     104.4452
     127     -74.7279      87.2983
     128     -57.7027     103.7941
     129     -74.0404     100.2450
     130     -72.2054      85.8999
     131     -86.3711      92.4146
     132     -83.0210      97.2346
     133     -60.8553      94.3331
     134     -76.5119      84.3443
     135     -70.5583      70.3913
     136     -84.2767      90.5737
     137     -59.3986      77.8190
     138     -72.5173      79.3543
     139     -76.9046      65.2211
     140     -84.3869      89.4522
     141     -94.4208      99.4448
     142     -80.7844      97.1491
     143     -80.4974     104.6619
     144     -85.8634      87.1332
     145     -74.5178      96.7532
     146     -66.1898     108.6111
     147     -80.8560     104.2875
     148     -80.0381     112.0986
     149     -73.7276     105.4221
     150     -72.4042      80.4757
     151     -75.4165     109.7579
     152     -67.7360      90.0607
     153     -77.4137      79.8053
     154     -77.5502      95.1617
     155     -70.6056      72.1400
     156     -87.6940      80.5644
     157     -81.4289      96.6343
     158     -75.4660     113.0827
     159     -82.8875      94.5841
     160     -87.0973      82.8746
     161     -81.7705      91.9802
     162     -74.8078      98.3557
     163     -81.7796      81.4223
     164     -75.8388      71.8847
     165     -73.4995      82.7279
     166     -74.7719      79.4807
     167     -90.7804      81.3263
     168     -72.1846      68.1281
     169     -85.8604      89.0113
     170     -92.9114      91.2297
     171     -86.5096      98.1032
     172     -83.1091      90.8743
     173     -82.8115      92.1434
     174     -81.6368      87.3037
     175     -72.5768      88.5843
     176     -79.4454      85.6790
     177     -84.1910     101.9482
     178     -71.4286      79.5992
     179     -81.9535      72.2651
     180     -81.2950     111.6665
     181     -70.9654     106.8495
     182     -86.8815      96.0524
     183     -75.8457     118.7172
     184     -88.1899     103.7037
     185     -70.8129      92.9614
     186     -75.6931     109.4735
     187     -65.0790      90.3505
     188     -72.3055      77.6638
     189     -78.1890      87.9222
     190     -80.0182      91.5485
     191     -85.2993      74.5834
     192     -86.1502      84.1456
     193     -76.8578      89.1587
     194     -82.1178      80.9381
     195     -84.8392      98.1317
     196     -79.1484      87.5866
     197     -89.6687      94.0379
     198     -80.3527      95.6013
     199     -80.7951     101.6619
     200     -80.2248      80.5029
     201     -79.1783      91.1911
     202     -74.4661      98.6967
     203     -74.6153      74.2708
     204     -90.0245     102.9708
     205     -68.3700      81.3436
     206     -74.7869      91.8897
     207     -77.8379      92.3036
     208     -76.9479      86.4970
     209     -90.8496      92.3695
     210     -76.2036      84.7482
     211     -89.3155      94.6580
     212     -69.0392      97.3968
     213     -80.3815      98.6989
     214     -76.1236     103.2091
     215     -74.4705      97.9869
     216     -80.9025      94.6917
     217     -85.6070      86.3127
     218     -83.3159      81.4682
     219     -74.9188     109.3949
     220     -75.7184     102.8925
     221     -82.0389      85.8225
     222     -86.7085      97.6575
     223     -70.0372     100.8619
     224     -72.5316     103.9844
     225     -78.3200      74.7002
     226     -78.6061     116.1538
     227     -81.1559      94.4388
     228     -84.2098     101.6053
     229     -85.3711      85.2191
     230     -72.3044     111.6918
     231     -83.5700      84.8494
     232     -80.4038     100.7662
     233     -87.8403     112.6657
     234     -74.0909      72.5692
     235     -93.9118      83.5723
     236     -92.5299     101.2723
     237     -83.8563      94.1434
     238     -78.8436      81.8938
     239     -89.0308      89.3324
     240     -87.4278      85.3927
     241     -70.0979      74.9455
     242     -76.3485      93.6746
     243     -69.9992     101.9788
     244     -83.4798      89.1419
     245     -87.2934      91.3366
     246     -82.4383     112.0951
     247     -84.2398      97.9225
     248     -76.6184      94.3567
     249     -77.5355      93.8555
     250     -91.1077     109.8377
     251     -69.9017      97.8422
     252     -65.5749      84.3509
     253     -84.1982     106.8712
     254     -59.1636      90.4427
     255     -86.7607     111.6317
     256     -78.4912     113.7006
     257     -76.5029      93.8594
     258     -79.5667      77.0856
     259     -72.7422      78.9258
     260     -73.1138      84.0984
     261     -90.7019      92.0765
     262     -62.2163      82.6948
     263     -83.0885      89.1807
     264     -87.7418      74.4147
     265     -75.3657      74.3022
     266     -63.8676      77.6650
     267     -94.5075      92.3559
     268     -91.5085      93.6661
     269     -76.2727      89.9258
     270     -99.2202     100.5087
     271     -77.9152      81.9834
     272     -75.6179      72.3581
     273     -84.5493      99.8521
     274     -80.4284      89.8882
     275     -94.9620      88.7479
     276     -83.1448      86.1328
     277     -96.0450     107.5346
     278     -75.7651     116.3899
     279     -97.1085      81.7021
     280     -72.8220      95.8246
     281     -59.6326     101.0168
     282     -82.9642      85.3192
     283     -86.0356      72.5605
     284     -91.5653      92.2397
     285     -82.4227      98.2920
     286     -66.7880     105.1196
     287     -67.5298     112.8112
     288     -89.3813     101.1679
     289     -75.4685      96.8295
     290     -76.8237     107.3057
     291     -78.5833     111.4819
     292     -75.0733     104.8685
     293     -80.7170      81.7245
     294     -77.9893     115.7826
     295     -74.3626     104.5657
     296     -77.5166     107.4024
     297     -81.8172      82.7498
     298     -70.9509      99.0841
     299     -70.8327      89.0661
     300     -88.2054      82.2732
     301     -79.2758      79.6882
     302     -85.9779      92.3213
     303     -79.9067      86.8293
     304     -86.8318      97.2623
     305     -71.0739      85.2260
     306     -73.0435      90.8600
     307     -87.6637      80.6464
     308     -81.6744      89.3787
     309     -93.4002      86.1379
     310     -81.0753      83.4441
     311     -73.1248      89.7916
     312     -83.6860      85.7144
     313     -79.7673      78.0231
     314     -72.6935     113.0086
     315     -88.7534      80.8393
     316     -80.8534      69.9243
     317     -56.5784      78.4684
     318     -77.3692     105.5243
     319     -73.7466      83.9324
     320     -71.2085      80.3135
     321     -87.1010      93.6393
     322     -76.7377      92.3009
     323     -79.7517      85.0008
     324     -82.8439      82.0357
     325     -83.9520      94.9392
     326     -74.6436     100.4099
     327     -70.5304      94.0903
     328     -84.0443      97.4004
     329     -83.5835      99.1792
     330     -80.2779      85.5850
     331     -75.5576      83.0989
     332     -77.0228      75.1168
     333     -76.9281      87.1267
     334     -83.3878      82.5305
     335     -76.2072      81.5167
     336     -82.3632      94.2038
     337     -82.8268     101.7713
     338     -83.7100     102.0065
     339     -85.4791     110.7895
     340     -76.5488      81.0331
     341     -72.5930      71.8021
     342     -90.6976      87.1841
     343     -78.5350      96.3871
     344     -89.9168      99.9490
     345     -70.2665      89.4258
     346     -57.4973      81.8525
     347     -87.7682      84.8919
     348     -96.4998     105.1441
     349     -80.7597      82.8955
     350     -92.9075      97.2169
     351     -87.8066      87.6907
     352     -70.8675      69.1611
     353     -90.6871     108.1115
     354     -77.3481      75.3848
     355     -93.5781      92.1440
     356     -90.9927     102.0628
     357     -84.1380      82.3820
     358     -81.2110     106.7926
     359     -70.3047     100.8177
     360     -85.8593      84.7418
     361     -88.7377      97.7267
     362     -86.0383      92.0052
     363     -90.6026      90.7651
     364     -80.2874      88.7781
     365     -75.7264      83.1142
     366     -84.9315      96.4105
     367     -77.6534      86.5790
     368     -85.7285      80.5760
     369     -83.4993      93.8944
     370     -79.5490      85.8814
     371     -71.6791     107.2306
     372     -84.9910      94.2744
     373     -85.1833      80.3589
     374     -80.8922      76.8399
     375     -72.3946      73.2192
     376     -68.4200      99.7784
     377     -81.2275     100.5111
     378     -85.1726      93.4406
     379     -75.0359      81.8518
     380     -80.2662      80.0742
     381     -82.3232      88.6859
     382     -80.6862     100.1699
     383     -79.9041      95.6427
     384     -67.2862      89.7254
     385     -86.0206      88.0860
     386     -80.7744      92.3637
     387     -78.7281      85.7732
     388     -86.1158      90.9187
     389     -83.9187      92.4533
     390     -91.1424      97.3614
     391     -79.9140      87.0554
     392     -73.5185      93.1988
     393     -77.0924      91.6857
     394     -88.7771     107.2059
     395     -80.2236     102.6765
     396     -71.0912      97.3478
     397     -85.2594     103.8285
     398     -70.6823     104.3279
     399     -74.0734      98.5790
     400     -87.3475     105.1206
     401     -74.2366      98.2736
     402     -74.2615     115.1994
     403     -88.4218      98.8605
     404     -72.0664      95.2550
     405     -73.9379      96.0683
     406     -68.9362      74.0332
     407     -90.3579      95.9030
     408     -82.5275     100.0252
     409     -96.2560      93.6652
     410    -106.2062     114.8888
     411     -83.8205      87.5689
     412     -81.6766      85.1647
     413     -75.3742      82.6713
     414     -82.1108      99.3334
     415     -85.7139      78.5340
     416     -89.8688      89.6938
     417     -80.8183      72.0946
     418     -92.1980     101.6206
     419     -93.2412      73.1865
     420     -82.2742      88.5151
     421     -79.6221      83.8728
     422     -91.1123      90.0974
     423     -78.8433      83.4243
     424     -87.3041     100.4337
     425     -80.2077      91.3643
     426     -82.7922      85.2064
     427     -74.5142      88.5720
     428     -80.1177      83.9654
     429     -84.6211      90.8622
     430     -77.9638      96.6279
     431     -73.7172      78.5369
     432     -89.4356      92.4946
     433     -69.9199      94.1903
     434     -84.5706      77.9284
     435     -85.6332      89.8366
     436     -80.0960      88.0686
     437     -61.6679      99.2889
     438     -88.9923      97.6393
     439     -89.1737      87.8399
     440     -92.1065      91.0556
     441     -80.9918      82.8102
     442     -74.0855     101.8965
     443     -79.2325     102.1840
     444     -78.1831      77.4359
     445     -81.6474      86.2904
     446     -75.7322      91.8336
     447     -70.1415      79.4323
     448     -73.8698     102.6562
     449     -92.3625      88.2043
     450     -74.8079      96.9207
     451     -89.9198      82.3791
     452     -83.5966      88.9126
     453     -75.4933      79.8029
     454     -75.5222     109.9894
     455     -75.0086      88.8060
     456     -84.5618      97.3311
     457     -73.7886      94.9314
     458     -85.5759      94.5229
     459     -95.4460     101.3934
     460     -71.4354      82.6869
     461     -83.0846      73.6677
     462     -92.7367      94.2051
     463     -85.7002      84.5252
     464     -88.7558      78.7695
     465     -70.4839      91.1886
     466     -89.9364      80.0358
     467     -74.8998      84.8319
     468     -94.6845     112.7724
     469     -71.4194     108.8829
     470     -78.5624      92.8335
     471     -99.0218      94.1156
     472     -83.2373      93.9191
     473     -90.7757      88.0674
     474     -83.1751      75.7300
     475     -94.3952      69.1415
     476     -76.7183      87.3073
     477     -62.2622      72.7328
     478     -88.2121      85.3697
     479     -80.3281     102.9291
     480     -77.9870      88.6727
     481     -79.7219     123.9696
     482     -73.2453      96.0323
     483     -71.5230      93.7174
     484     -87.3375      99.5971
     485     -78.4280     100.9901
     486     -80.9319      83.1829
     487     -85.4245      86.2504
     488     -78.1935      90.1866
     489     -94.5376      89.4058
     490     -77.2524      82.4310
     491     -89.8099      94.7607
     492     -86.7756     102.8088
     493     -81.6957      99.4379
     494     -89.6850      86.8752
     495     -82.0300      77.6047
     496     -76.7134      92.9649
     497     -85.5707      79.7681
     498     -87.8613     101.6901
     499     -90.5814      84.7791
     500     -82.4912      95.8676
     501     -76.7872      97.2954
     502     -66.2269      68.3231
     503     -88.0514      90.5564
     504     -87.9623      95.2469
     505     -89.8540      84.7225
     506     -90.0921      97.0078
     507     -89.3466     111.1110
     508     -96.8196      79.7389
     509     -82.4375      85.7594
     510     -74.1577      77.7342
     511     -80.4731      88.0830
     512     -92.3045      82.3159
     513     -91.6053      81.4110
     514     -91.3628      81.1269
     515     -73.9310      91.4683
     516     -85.0973      82.7034
     517     -75.7704      93.9669
     518     -84.0239      91.4556
     519     -80.8110      80.1072
     520     -82.8421      96.7365
     521     -84.0275      92.1710
     522     -84.1451     108.6436
     523     -76.6004      98.1165
     524     -86.7377      88.6375
     525     -72.0570      86.8155
     526     -79.8352      81.9098
     527     -79.1629      84.6663
     528     -78.9369      73.9926
     529     -91.6268     105.3371
     530     -87.7284     110.2670
     531     -70.6898      85.4519
     532     -75.0492      82.8161
     533     -74.5383     104.7268
     534     -81.3784      94.7859
     535     -76.9824      86.6688
     536     -75.3980      86.5915
     537     -80.6886     105.6771
     538     -82.9503      86.3880
     539     -87.3206     100.7150
     540     -86.0442     111.3307
     541     -81.5857     110.4181
     542     -81.6966     104.0121
     543     -75.3266     102.6017
     544     -85.6768      99.4335
     545     -87.8165      84.0779
     546     -63.9445      87.1194
     547     -80.3985      96.5672
     548     -75.5310      97.6261
     549     -88.3511      91.8649
     550     -79.1530      99.7530
     551     -83.5541      91.3369
     552     -64.1786      79.6449
     553     -88.1633      90.0926
     554     -78.1670      86.8529
     555     -76.3674      83.1336
     556     -84.6619     111.5532
     557     -76.5592     110.5460
     558     -73.4217      84.4181
     559     -77.9701      94.7736
     560     -80.3516      88.3506
     561     -84.6614      72.9585
     562     -80.3660      83.9163
     563     -70.5545      69.5423
     564     -76.5753     106.1646
     565     -73.3861      93.8012
     566     -63.7720      83.9427
     567     -76.4507      87.0474
     568     -64.8635      90.2828
     569     -72.7488      70.6306
     570     -91.3822      97.4934
     571     -77.2153      96.9332
     572     -73.9818     110.7173
     573     -87.8248      94.7601
     574     -70.7227      79.3668
     575     -86.5687      90.0836
     576     -79.0086      74.1308
     577     -84.7936     107.5762
     578     -88.5326      99.7748
     579     -72.2215      86.6776
     580     -74.2581     100.2068
     581     -95.3285     112.3096
     582     -82.5798      83.7998
     583     -76.2180      86.9300
     584     -83.2639     101.1469
     585     -69.3117     112.0236
     586     -73.8731      78.1636
     587     -78.1717      73.2971
     588     -83.3946      94.2828
     589     -80.9844      87.9631
     590     -73.7394      86.9173
     591     -75.6872      92.2482
     592     -73.3132     112.4137
     593     -79.9399     110.0239
     594     -80.0117      99.3869
     595     -68.1715     103.1858
     596     -54.6886     102.9527
     597     -77.2822     107.4861
     598     -77.5317     100.9087
     599     -79.7398      90.7710
     600     -93.6596     106.5009
     601     -82.7355      94.8842
     602     -85.2683      96.3038
     603     -89.6000     101.4190
     604     -76.9730     111.0010
     605     -89.2027     105.4568
     606     -84.9703      90.9981
     607     -84.5968      93.7235
     608     -67.1375      61.8672
     609     -66.1074     106.6679
     610     -81.5588      99.1603
     611     -85.9863      94.6040
     612     -85.0183      84.7136
     613     -79.2634     101.6824
     614     -75.3746      87.4980
     615     -74.4975      80.5227
     616     -71.6942      77.5799
     617     -80.5142      99.3880
     618     -74.9819      84.8008
     619     -70.8332      96.8956
     620     -76.1501      71.2868
     621     -86.0004      97.1736
     622     -82.3847     109.6534
     623     -56.5232      73.6042
     624     -66.1137      90.5891
     625     -65.7424      89.0934
     626     -89.6587     106.4529
     627     -75.1913     108.6645
     628     -83.4852      74.3749
     629     -74.3254      92.2854
     630     -75.0438     102.0084
     631     -76.7947      72.3022
     632     -66.4079      87.6988
     633     -72.8846     101.9430
     634     -73.5774     118.5083
     635     -84.9657      82.4670
     636     -86.9110      90.9536
     637     -83.3811      99.8415
     638     -80.7638      79.5258
     639     -99.2135     105.5122
     640     -84.8334      91.7624
     641     -85.2776      90.4577
     642     -74.5131      75.9881
     643     -81.0469      81.5121
     644     -88.4489      83.4727
     645     -94.6684      99.5571
     646     -78.4310      83.3608
     647     -75.7098     101.7436
     648     -90.9504      72.1924
     649     -82.1129     112.3133
     650     -76.1717      98.7418
     651     -79.5390      79.0807
     652     -94.9865      94.3001
     653     -76.3868      87.3383
     654     -75.3880     102.7832
     655     -80.6077      88.3952
     656     -77.7778     108.9690
     657     -77.3395      93.5609
     658     -81.8619      87.6317
     659     -71.3746     100.3401
     660     -83.0839      86.7692
     661     -71.4550      83.2436
     662     -73.1210      98.9239
     663     -83.9224      87.1465
     664     -82.5713      83.9379
     665     -77.0750      80.0990
     666     -72.1755      82.0642
     667     -75.5931      72.9075
     668     -90.1084      86.3651
     669     -80.5056     103.5081
     670     -56.8976      82.0842
     671     -82.6605      88.6009
     672     -79.8412      80.4476
     673     -88.0059      93.5810
     674     -77.7935     103.3893
     675     -79.1430      71.4631
     676     -71.5854      82.3393
     677     -92.8116      95.9672
     678     -83.8188     100.9508
     679     -88.4936     110.8781
     680     -82.0594      85.8184
     681     -89.3205     107.1949
     682     -83.7494      91.5374
     683     -90.2057      96.3261
     684     -89.1208     100.5040
     685     -79.9943      89.5169
     686     -70.5420      83.2347
     687     -75.8808      93.5535
     688     -76.2614      89.0920
     689     -75.8613     108.3056
     690     -87.2166     100.1775
     691     -96.7139      97.9596
     692     -82.0504      86.0079
     693     -74.5270      97.0289
     694     -81.3289     109.7215
     695     -70.3050      87.7217
     696     -75.2492      95.0184
     697     -89.1905      86.5200
     698     -88.7027     106.7437
     699     -64.8244      88.7735
     700     -80.8967      97.5033
     701     -76.3912     106.6878
     702     -78.2647     110.1342
     703     -84.0369     109.4687
     704     -77.6083     109.1328
     705     -78.5359      82.3226
     706     -86.6542      89.3722
     707     -85.6347      86.2247
     708     -73.6168      96.6424
     709     -80.5147     112.8603
     710     -90.5351      88.4810
     711     -84.1984      96.1068
     712     -77.4623      93.2848
     713     -79.6261      93.3053
     714     -84.0926      92.5877
     715     -81.6137      89.1143
     716     -78.8559     100.3039
     717     -77.4009      73.9845
     718     -68.4136      88.0081
     719     -78.1022      92.6089
     720     -81.1710      77.1684
     721     -89.8527     110.2158
     722    -104.0424      97.4571
     723     -75.8338      83.9913
     724     -75.5123      87.1143
     725     -87.1765      89.3036
     726     -82.4169      91.9137
     727     -87.5731      91.8623
     728     -95.8908      95.3400
     729     -86.3926     111.3812
     730     -72.0816     101.3068
     731     -78.4742     112.9241
     732     -83.5720     105.0226
     733     -89.0403     110.3127
     734     -72.1398     111.2760
     735     -86.6938      96.2562
     736     -80.8073      76.4863
     737     -77.1619      92.2209
     738     -84.2517      82.3168
     739     -80.2839     104.0167
     740     -79.9147      68.1675
     741     -84.9249      95.6493
     742     -87.4474      91.7208
     743     -71.0715      84.4282
     744     -78.0725      99.7035
     745     -92.8043      79.7056
     746     -78.9757      80.6868
     747     -80.1322      86.5588
     748     -87.1454     100.7222
     749     -94.5755      97.0878
     750     -69.6993      97.0856
     751     -83.0530      96.9269
     752     -81.4409      91.7172
     753     -86.8737      93.8217
     754     -82.3560      97.5088
     755     -80.4951      86.0937
     756     -83.6099      98.7320
     757     -87.3841      99.7005
     758     -91.9018     120.9300
     759     -77.6659      98.8800
     760     -88.2440      85.6992
     761     -78.7653      74.5642
     762     -88.4835     104.6583
     763     -76.3638      88.3065
     764     -76.1275      96.6598
     765     -65.0125      94.0874
     766     -82.6489      81.3873
     767     -81.4088     104.4880
     768     -88.8071      99.7683
     769     -78.9265      94.9519
     770     -60.8057      91.6145
     771     -97.5141      99.1408
     772     -80.3114      85.8974
     773     -80.3072      96.6675
     774     -66.2317      91.2363
     775     -87.4374      90.5429
     776     -88.0086      80.8040
     777     -85.8040      80.9480
     778     -81.3240      71.5925
     779     -80.1728      84.2911
     780     -67.8625     108.1787
     781     -69.3419      82.2440
     782     -89.6527      90.9214
     783     -84.9350     117.4974
     784     -65.9528      89.3798
     785     -81.0088      99.7318
     786     -94.6824      92.8574
     787     -83.4167      93.9093
     788     -83.1744     100.3745
     789     -76.1343      93.0325
     790     -82.4469      89.7962
     791     -67.7432      97.6797
     792     -64.9131      97.5660
     793     -89.7129     121.8344
     794     -76.6692     102.6567
     795     -83.6854      76.8886
     796     -79.6296      88.5452
     797     -79.4110      84.8250
     798     -88.6042      91.0669
     799     -74.4352      86.7719
     800     -79.3537     103.7254
     801     -84.5041      90.2137
     802     -83.9488      98.0530
     803     -73.5973      82.3711
     804     -85.1493      89.3725
     805     -71.7274      90.1696
     806     -83.6433      86.9578
     807     -80.1194      73.2968
     808     -85.1203     114.9473
     809     -76.2460      76.8056
     810     -90.5847      85.8444
     811     -81.0589      99.2134
     812     -70.9849     110.0069
     813     -73.1714      69.5950
     814     -81.2287      69.9622
     815     -82.2825      98.2546
     816     -86.0499      82.2814
     817     -72.8609      77.7596
     818     -76.5815      92.9439
     819     -72.9408      98.9796
     820     -74.0389      89.2971
     821     -64.5192      96.2417
     822     -80.5696     100.6399
     823     -69.6303      73.4792
     824     -61.7774      89.4372
     825     -67.8899      82.8546
     826     -86.8740     100.8535
     827     -72.5034     118.9514
     828     -71.3381      94.4084
     829     -77.6530      98.2274
     830     -68.4988      76.2619
     831     -61.5307      78.2432
     832     -79.8216     102.7371
     833    -102.2061     101.5479
     834     -84.0239      81.1491
     835     -98.9288      90.2092
     836     -81.1789      86.8151
     837     -96.8937     107.7753
     838     -89.1578      77.5770
     839    -106.5886      88.9332
     840     -85.5729      92.7900
     841     -79.4454      90.0203
     842     -82.1044      90.1105
     843     -89.5239      74.4973
     844    -100.3338      98.5042
     845     -77.5342      76.7281
     846     -84.1950      88.2447
     847     -78.6400      89.1646
     848     -75.0549      77.6153
     849     -83.1773      88.7346
     850     -82.4048      86.3608
     851     -80.2826      96.2601
     852     -76.9538      82.1476
     853     -77.3754     104.9432
     854     -81.0585     105.9694
     855     -78.4370     101.1029
     856     -96.5405     102.2256
     857     -85.8187      94.2135
     858     -88.5889      85.7845
     859     -84.7147      86.8593
     860     -84.5671      86.2830
     861     -78.6203      92.9810
     862     -98.7363      74.8165
     863     -90.3985      92.3628
     864     -96.7557      90.7305
     865     -77.3498      76.3496
     866     -75.7425      90.2754
     867     -92.2679      88.0636
     868     -85.1929      87.0430
     869     -85.2454      87.6109
     870     -89.9771      72.7667
     871     -69.6194      79.7480
     872     -91.5985      84.7832
     873     -74.3811      88.8318
     874     -88.2914     107.2476
     875     -90.0579      77.0525
     876     -68.0897      83.3011
     877     -94.4457      91.2149
     878     -82.3913      85.9944
     879     -85.8940      82.8218
     880     -71.1405      86.3213
     881     -83.9987      86.1637
     882     -57.9825      92.6475
     883     -71.5864      79.3840
     884     -81.3593      81.8268
     885     -92.8448      99.1044
     886     -74.3090      59.8672
     887     -89.1698      85.4576
     888     -59.9643     101.3112
     889     -99.0795     100.8383
     890     -78.1736      88.1550
     891     -90.2056      96.6337
     892     -79.6054      98.5450
     893     -85.6358      95.2552
     894     -85.2110      97.8968
     895     -78.3777      83.3297
     896     -78.6781      90.0070
     897     -84.3052      82.6890
     898     -90.0357     101.3567
     899     -71.6524      93.2491
     900     -79.2534      77.2919
     901     -91.6673      96.2348
     902     -91.8004     100.3948
     903     -70.8339     105.2673
     904     -77.0498     104.7446
     905     -75.5821     105.5133
     906     -78.3526     111.4177
     907     -59.9863     100.9660
     908     -83.1558      82.8617
     909     -73.1509      97.4893
     910     -75.9126      83.4627
     911     -68.5224      85.6143
     912     -81.2516      84.1429
     913     -90.1053     109.0879
     914     -74.4811      93.5715
     915     -74.7216     101.7970
     916     -76.6031     101.3052
     917     -73.3941     102.9749
     918     -77.4182      78.2497
     919     -85.9285      82.7236
     920     -75.1374      87.9123
     921     -62.2475      84.0277
     922    -103.0845      86.0401
     923     -90.6396      92.0730
     924     -81.0969      71.8472
     925     -83.1414      96.2384
     926     -68.2232     102.8930
     927     -77.3018      80.5102
     928     -90.5930      90.7159
     929     -81.2947      93.4728
     930     -91.2112      89.8252
     931     -69.5311      83.5502
     932     -82.4784      88.2405
     933     -90.4389      88.5666
     934     -93.3491      84.9707
     935     -82.7234      97.9300
     936     -82.7054      91.2305
     937     -70.7545      85.7040
     938     -82.8418      88.8901
     939     -74.0715     110.9078
     940     -82.7276      87.2168
     941     -92.3065      98.2047
     942     -82.5120      89.1611
     943     -74.9639      73.6825
     944     -83.4877      81.7713
     945     -80.5267      91.1825
     946     -82.3321      93.5251
     947     -72.5308     104.1186
     948     -71.1888      79.3409
     949     -70.4539      89.6699
     950     -97.9009      94.5945
     951     -87.3104     111.4389
     952     -75.2495      89.2929
     953     -71.0552      89.4743
     954     -77.7465      90.2309
     955     -91.2456      95.9243
     956     -82.4286     115.5946
     957     -89.7170      87.2903
     958     -77.6959      78.2426
     959     -77.4239      87.5946
     960     -91.8461     101.6722
     961     -97.8198      89.1951
     962     -78.2503      97.0554
     963     -82.1876      85.8562
     964     -71.9971      78.8902
     965    -100.2118      82.9432
     966     -72.6221      76.7408
     967     -92.5145      93.3849
     968     -75.7775     102.1647
     969     -74.3258      99.8906
     970     -85.6814      87.5859
     971     -74.1452      92.6260
     972     -83.9529      93.2125
     973     -84.1093      88.7209
     974     -77.7452      89.6186
     975     -89.1611      85.5840
     976     -96.6908     107.0575
     977     -66.3922      83.0592
     978     -82.5474      93.6667
     979     -82.3526      88.2793
     980     -75.0623      81.1244
     981     -76.6675      72.1822
     982     -67.8759      85.3533
     983     -78.5598      85.6840
     984     -76.2244      74.0836
     985     -84.0981      89.8323
     986     -78.3176      80.0008
     987     -82.3154      91.4973
     988     -92.9780      82.2759
     989     -81.9699     108.1199
     990     -96.7466      94.5017
     991     -81.4825      96.3761
     992     -83.4936      74.2715
     993     -85.3348      99.1587
     994     -68.8669      96.1069
     995     -81.3138     100.7777
     996     -88.4268      83.7774
     997     -77.1661     101.2798
     998     -77.0808      91.3306
     999     -70.2430      98.6089
    1000     -79.1601     102.2182
