#Frame       T45-T133
       1       2.4008
       2       2.3361
       3       2.4186
       4       2.4291
       5       2.3483
       6       2.3862
       7       2.3764
       8       2.4306
       9       2.4797
      10       2.3287
      11       2.4559
      12       2.3883
      13       2.3542
      14       2.3371
      15       2.4754
      16       2.4600
      17       2.4815
      18       2.4606
      19       2.4075
      20       2.3533
      21       2.3504
      22       2.3560
      23       2.3844
      24       2.5916
      25       2.3749
      26       2.4521
      27       2.4281
      28       2.4693
      29       2.4435
      30       2.3975
      31       2.5184
      32       2.4292
      33       2.4340
      34       2.3202
      35       2.5064
      36       2.5290
      37       2.5114
      38       2.4373
      39       2.4722
      40       2.3956
      41       2.4826
      42       2.5412
      43       2.4699
      44       2.5226
      45       2.4776
      46       2.4196
      47       2.4408
      48       2.5314
      49       2.3853
      50       2.4511
      51       2.4478
      52       2.4312
      53       2.4442
      54       2.5002
      55       2.6033
      56       2.5768
      57       2.4705
      58       2.5450
      59       2.4203
      60       2.3500
      61       2.5031
      62       2.4818
      63       2.4481
      64       2.4841
      65       2.4290
      66       2.4858
      67       2.4746
      68       2.5175
      69       2.6105
      70       2.5557
      71       2.5148
      72       2.4030
      73       2.5826
      74       2.5776
      75       2.4075
      76       2.4720
      77       2.5528
      78       2.4940
      79       2.4967
      80       2.5170
      81       2.3386
      82       2.3145
      83       2.4661
      84       2.3338
      85       2.4412
      86       2.4477
      87       2.4825
      88       2.4802
      89       2.5697
      90       2.4138
      91       2.4869
      92       2.4860
      93       2.4790
      94       2.6201
      95       2.2623
      96       2.5270
      97       2.3931
      98       2.5122
      99       2.3458
     100       2.3345
     101       2.5174
     102       2.4765
     103       2.4431
     104       2.4702
     105       2.4716
     106       2.4252
     107       2.3948
     108       2.3950
     109       2.5143
     110       2.4104
     111       2.5318
     112       2.3910
     113       2.4217
     114       2.4699
     115       2.3138
     116       2.6089
     117       2.4549
     118       2.4735
     119       2.4552
     120       2.4608
     121       2.4005
     122       2.4204
     123       2.4345
     124       2.3892
     125       2.4179
     126       2.3846
     127       2.4215
     128       2.3937
     129       2.4241
     130       2.4718
     131       2.3025
     132       2.5083
     133       2.4645
     134       2.4246
     135       2.4671
     136       2.4717
     137       2.5639
     138       2.4779
     139       2.4312
     140       2.3320
     141       2.4498
     142       2.3870
     143       2.4422
     144       2.4799
     145       2.4792
     146       2.5655
     147       2.3436
     148       2.4393
     149       2.3830
     150       2.4460
     151       2.4170
     152       2.4420
     153       2.5106
     154       2.4633
     155       2.4460
     156       2.4595
     157       2.4301
     158       2.4194
     159       2.4263
     160       2.3643
     161       2.4927
     162       2.3670
     163       2.5005
     164       2.5052
     165       2.3876
     166       2.4694
     167       2.4840
     168       2.4374
     169       2.5040
     170       2.5017
     171       2.4116
     172       2.5532
     173       2.4218
     174       2.3500
     175       2.4359
     176       2.4960
     177       2.4349
     178       2.4437
     179       2.4740
     180       2.4374
     181       2.4163
     182       2.5149
     183       2.3971
     184       2.3895
     185       2.4295
     186       2.5279
     187       2.4202
     188       2.3981
     189       2.5595
     190       2.5102
     191       2.3780
     192       2.3078
     193       2.3783
     194       2.4925
     195       2.3527
     196       2.4725
     197       2.4763
     198       2.4633
     199       2.4464
     200       2.5271
     201       2.3311
     202       2.3726
     203       2.5345
     204       2.4708
     205       2.5010
     206       2.4571
     207       2.4308
     208       2.4805
     209       2.4294
     210       2.4476
     211       2.3687
     212       2.5242
     213       2.4351
     214       2.3489
     215       2.5159
     216       2.4810
     217       2.5068
     218       2.4248
     219       2.4465
     220       2.5196
     221       2.4025
     222       2.3971
     223       2.3636
     224       2.4477
     225       2.5513
     226       2.5509
     227       2.4690
     228       2.3748
     229       2.4005
     230       2.4446
     231       2.5386
     232       2.4797
     233       2.4988
     234       2.4985
     235       2.5402
     236       2.4408
     237       2.5193
     238       2.4652
     239       2.5251
     240       2.4922
     241       2.4207
     242       2.3902
     243       2.4309
     244       2.5095
     245       2.4075
     246       2.4133
     247       2.4920
     248       2.4202
     249       2.3742
     250       2.4199
     251       2.4787
     252       2.5272
     253       2.5789
     254       2.4882
     255       2.4486
     256       2.4610
     257       2.3670
     258       2.4211
     259       2.4463
     260       2.4016
     261       2.3530
     262       2.6195
     263       2.3459
     264       2.4746
     265       2.4420
     266       2.4039
     267       2.4298
     268       2.4220
     269       2.4860
     270       2.5504
     271       2.4919
     272       2.4930
     273       2.4352
     274       2.3969
     275       2.4665
     276       2.4540
     277       2.5724
     278       2.4287
     279       2.4124
     280       2.3991
     281       2.3668
     282       2.3766
     283       2.5099
     284       2.3620
     285       2.4524
     286       2.4142
     287       2.4872
     288       2.3886
     289       2.4581
     290       2.3575
     291       2.4397
     292       2.4572
     293       2.4982
     294       2.4631
     295       2.4682
     296       2.4285
     297       2.4738
     298       2.4262
     299       2.4181
     300       2.5754
     301       2.5276
     302       2.5579
     303       2.4729
     304       2.4435
     305       2.4664
     306       2.5269
     307       2.4719
     308       2.5384
     309       2.5072
     310       2.3657
     311       2.4681
     312       2.5297
     313       2.4413
     314       2.3869
     315       2.5756
     316       2.3614
     317       2.3460
     318       2.4865
     319       2.4025
     320       2.4648
     321       2.5068
     322       2.4510
     323       2.4236
     324       2.4556
     325       2.4905
     326       2.4982
     327       2.4527
     328       2.4450
     329       2.5122
     330       2.4040
     331       2.5016
     332       2.5474
     333       2.4988
     334       2.4523
     335       2.3975
     336       2.4546
     337       2.4966
     338       2.4838
     339       2.4767
     340       2.4676
     341       2.4469
     342       2.5031
     343       2.3560
     344       2.4163
     345       2.4215
     346       2.3594
     347       2.4480
     348       2.3765
     349       2.3735
     350       2.5366
     351       2.4226
     352       2.5354
     353       2.4308
     354       2.3682
     355       2.4314
     356       2.4919
     357       2.4841
     358       2.5983
     359       2.5010
     360       2.3759
     361       2.4197
     362       2.5484
     363       2.4357
     364       2.5043
     365       2.4505
     366       2.4290
     367       2.4124
     368       2.4161
     369       2.4255
     370       2.3769
     371       2.4981
     372       2.3980
     373       2.3559
     374       2.4312
     375       2.4826
     376       2.3222
     377       2.4933
     378       2.3128
     379       2.3618
     380       2.4718
     381       2.3554
     382       2.4836
     383       2.4315
     384       2.4495
     385       2.4622
     386       2.4349
     387       2.3314
     388       2.4162
     389       2.4790
     390       2.5509
     391       2.5077
     392       2.3935
     393       2.5154
     394       2.3932
     395       2.4412
     396       2.5671
     397       2.6274
     398       2.4875
     399       2.4353
     400       2.5702
     401       2.5024
     402       2.3838
     403       2.3443
     404       2.3087
     405       2.3550
     406       2.4999
     407       2.4223
     408       2.4292
     409       2.5460
     410       2.4139
     411       2.5088
     412       2.3036
     413       2.4034
     414       2.3654
     415       2.4338
     416       2.3681
     417       2.4398
     418       2.4089
     419       2.3760
     420       2.3973
     421       2.4555
     422       2.4394
     423       2.4215
     424       2.3923
     425       2.4076
     426       2.4916
     427       2.3426
     428       2.5554
     429       2.5149
     430       2.3475
     431       2.4479
     432       2.3715
     433       2.4834
     434       2.4513
     435       2.4153
     436       2.4483
     437       2.4586
     438       2.4077
     439       2.4913
     440       2.4437
     441       2.5418
     442       2.5816
     443       2.4279
     444       2.3982
     445       2.4388
     446       2.4213
     447       2.4602
     448       2.4993
     449       2.3627
     450       2.4129
     451       2.5752
     452       2.4355
     453       2.4793
     454       2.3756
     455       2.3686
     456       2.4713
     457       2.3401
     458       2.4347
     459       2.5597
     460       2.3888
     461       2.5037
     462       2.4256
     463       2.3534
     464       2.5559
     465       2.4717
     466       2.4367
     467       2.4716
     468       2.3475
     469       2.5410
     470       2.3158
     471       2.2870
     472       2.5223
     473       2.4808
     474       2.5376
     475       2.4123
     476       2.4395
     477       2.5920
     478       2.5062
     479       2.3370
     480       2.3879
     481       2.4414
     482       2.4298
     483       2.4268
     484       2.4674
     485       2.3503
     486       2.3688
     487       2.5836
     488       2.3205
     489       2.5674
     490       2.4142
     491       2.4655
     492       2.3910
     493       2.2881
     494       2.4330
     495       2.5125
     496       2.5919
     497       2.4231
     498       2.4365
     499       2.3846
     500       2.4342
     501       2.4439
     502       2.3374
     503       2.3929
     504       2.3570
     505       2.4554
     506       2.4296
     507       2.4878
     508       2.4176
     509       2.3780
     510       2.4294
     511       2.6385
     512       2.3470
     513       2.4391
     514       2.4552
     515       2.4118
     516       2.4419
     517       2.5693
     518       2.5993
     519       2.5074
     520       2.3654
     521       2.5183
     522       2.3817
     523       2.4157
     524       2.3472
     525       2.5482
     526       2.4601
     527       2.4319
     528       2.5303
     529       2.3807
     530       2.4341
     531       2.4631
     532       2.4966
     533       2.4477
     534       2.4542
     535       2.4261
     536       2.5703
     537       2.4791
     538       2.4617
     539       2.5155
     540       2.4020
     541       2.5201
     542       2.5196
     543       2.4385
     544       2.4480
     545       2.3988
     546       2.4561
     547       2.3916
     548       2.3235
     549       2.4294
     550       2.4945
     551       2.5028
     552       2.5026
     553       2.4482
     554       2.4578
     555       2.3970
     556       2.3498
     557       2.4642
     558       2.4030
     559       2.4508
     560       2.3751
     561       2.4474
     562       2.4202
     563       2.4486
     564       2.4969
     565       2.5388
     566       2.4328
     567       2.5510
     568       2.5879
     569       2.4037
     570       2.4643
     571       2.4202
     572       2.3500
     573       2.5164
     574       2.5831
     575       2.4305
     576       2.4754
     577       2.5683
     578       2.4948
     579       2.4619
     580       2.4419
     581       2.5308
     582       2.3840
     583       2.5086
     584       2.4155
     585       2.3659
     586       2.3965
     587       2.4785
     588       2.4177
     589       2.4260
     590       2.2917
     591       2.4343
     592       2.3708
     593       2.3631
     594       2.4778
     595       2.4103
     596       2.4752
     597       2.3577
     598       2.3739
     599       2.4046
     600       2.4301
     601       2.5066
     602       2.4374
     603       2.4441
     604       2.4919
     605       2.5004
     606       2.5157
     607       2.5608
     608       2.3855
     609       2.4957
     610       2.4842
     611       2.3658
     612       2.4142
     613       2.4642
     614       2.4003
     615       2.4966
     616       2.4773
     617       2.3575
     618       2.3429
     619       2.3379
     620       2.3541
     621       2.3850
     622       2.5522
     623       2.4681
     624       2.4817
     625       2.3817
     626       2.4233
     627       2.4456
     628       2.5074
     629       2.4371
     630       2.4746
     631       2.4847
     632       2.4990
     633       2.4634
     634       2.5599
     635       2.4904
     636       2.5574
     637       2.5164
     638       2.5338
     639       2.4799
     640       2.4721
     641       2.4136
     642       2.4167
     643       2.4613
     644       2.3979
     645       2.4145
     646       2.5066
     647       2.5180
     648       2.5037
     649       2.3689
     650       2.4663
     651       2.4406
     652       2.4641
     653       2.3621
     654       2.3426
     655       2.3803
     656       2.5374
     657       2.4871
     658       2.4575
     659       2.4356
     660       2.4500
     661       2.5409
     662       2.3404
     663       2.4085
     664       2.3862
     665       2.5133
     666       2.5209
     667       2.3889
     668       2.4188
     669       2.3347
     670       2.4802
     671       2.5037
     672       2.3193
     673       2.5130
     674       2.4446
     675       2.3857
     676       2.4583
     677       2.4113
     678       2.5378
     679       2.4705
     680       2.4818
     681       2.5284
     682       2.3700
     683       2.4464
     684       2.5426
     685       2.4507
     686       2.4414
     687       2.5186
     688       2.4639
     689       2.4790
     690       2.4529
     691       2.3826
     692       2.5293
     693       2.4348
     694       2.4061
     695       2.4553
     696       2.3703
     697       2.3883
     698       2.4651
     699       2.3969
     700       2.5446
     701       2.4686
     702       2.5310
     703       2.4755
     704       2.5055
     705       2.4708
     706       2.4035
     707       2.4214
     708       2.3663
     709       2.2740
     710       2.4305
     711       2.4419
     712       2.3982
     713       2.5492
     714       2.4913
     715       2.5037
     716       2.5517
     717       2.4192
     718       2.4346
     719       2.4377
     720       2.3598
     721       2.4377
     722       2.3884
     723       2.4710
     724       2.4768
     725       2.4423
     726       2.4919
     727       2.4796
     728       2.4182
     729       2.3703
     730       2.4185
     731       2.3716
     732       2.4603
     733       2.4326
     734       2.4739
     735       2.5330
     736       2.4373
     737       2.4245
     738       2.5365
     739       2.4283
     740       2.3798
     741       2.4415
     742       2.4620
     743       2.5588
     744       2.4526
     745       2.3921
     746       2.4447
     747       2.4726
     748       2.3803
     749       2.4896
     750       2.3760
     751       2.4175
     752       2.4937
     753       2.4541
     754       2.4580
     755       2.4605
     756       2.4379
     757       2.5251
     758       2.4169
     759       2.3843
     760       2.3473
     761       2.5264
     762       2.4954
     763       2.4692
     764       2.4573
     765       2.5414
     766       2.4447
     767       2.3974
     768       2.4444
     769       2.3984
     770       2.5149
     771       2.4775
     772       2.3613
     773       2.5792
     774       2.5302
     775       2.4718
     776       2.4962
     777       2.5563
     778       2.5650
     779       2.4023
     780       2.4829
     781       2.6236
     782       2.4127
     783       2.4664
     784       2.4399
     785       2.4608
     786       2.5199
     787       2.4659
     788       2.4208
     789       2.4933
     790       2.4936
     791       2.4484
     792       2.4544
     793       2.5534
     794       2.4664
     795       2.4183
     796       2.4525
     797       2.5642
     798       2.5289
     799       2.4851
     800       2.5440
     801       2.4750
     802       2.4533
     803       2.4817
     804       2.4278
     805       2.3805
     806       2.4407
     807       2.4937
     808       2.5130
     809       2.3818
     810       2.4719
     811       2.4552
     812       2.4488
     813       2.4164
     814       2.4947
     815       2.4031
     816       2.5499
     817       2.5309
     818       2.5463
     819       2.4429
     820       2.4902
     821       2.3817
     822       2.4884
     823       2.3722
     824       2.4193
     825       2.5348
     826       2.3853
     827       2.3645
     828       2.3748
     829       2.3934
     830       2.4003
     831       2.4576
     832       2.4784
     833       2.4659
     834       2.4799
     835       2.3579
     836       2.4062
     837       2.3657
     838       2.3577
     839       2.4701
     840       2.3685
     841       2.4367
     842       2.5999
     843       2.4883
     844       2.4420
     845       2.3682
     846       2.5383
     847       2.5145
     848       2.5422
     849       2.5021
     850       2.4142
     851       2.4409
     852       2.3778
     853       2.3899
     854       2.4571
     855       2.3115
     856       2.4202
     857       2.4587
     858       2.4925
     859       2.4774
     860       2.4394
     861       2.4490
     862       2.4819
     863       2.4547
     864       2.4426
     865       2.4707
     866       2.4798
     867       2.3768
     868       2.5403
     869       2.3232
     870       2.4562
     871       2.4361
     872       2.4973
     873       2.3748
     874       2.4979
     875       2.4631
     876       2.3175
     877       2.4070
     878       2.4459
     879       2.4234
     880       2.4081
     881       2.5203
     882       2.4227
     883       2.3834
     884       2.5371
     885       2.5415
     886       2.5062
     887       2.3415
     888       2.3193
     889       2.3549
     890       2.5513
     891       2.3050
     892       2.4053
     893       2.3718
     894       2.4674
     895       2.4217
     896       2.3852
     897       2.4340
     898       2.4998
     899       2.4925
     900       2.5330
     901       2.4706
     902       2.5061
     903       2.4441
     904       2.3945
     905       2.4654
     906       2.5201
     907       2.4123
     908       2.5284
     909       2.5842
     910       2.5321
     911       2.4326
     912       2.4177
     913       2.5029
     914       2.3704
     915       2.4098
     916       2.4005
     917       2.6048
     918       2.3972
     919       2.5404
     920       2.4101
     921       2.5586
     922       2.5648
     923       2.4720
     924       2.5279
     925       2.4564
     926       2.4513
     927       2.5106
     928       2.5213
     929       2.4978
     930       2.5142
     931       2.4946
     932       2.5462
     933       2.4740
     934       2.5122
     935       2.4972
     936       2.4096
     937       2.4437
     938       2.3971
     939       2.5070
     940       2.4857
     941       2.5384
     942       2.4119
     943       2.3877
     944       2.3984
     945       2.4331
     946       2.4907
     947       2.3413
     948       2.4460
     949       2.3410
     950       2.4355
     951       2.3866
     952       2.4836
     953       2.5300
     954       2.4841
     955       2.4012
     956       2.4644
     957       2.5312
     958       2.4762
     959       2.4851
     960       2.4070
     961       2.4573
     962       2.3513
     963       2.4922
     964       2.4247
     965       2.5318
     966       2.5227
     967       2.3292
     968       2.4826
     969       2.5432
     970       2.4246
     971       2.4877
     972       2.5193
     973       2.4235
     974       2.4116
     975       2.3988
     976       2.5642
     977       2.5183
     978       2.4826
     979       2.5099
     980       2.4124
     981       2.5104
     982       2.4654
     983       2.4006
     984       2.5181
     985       2.4267
     986       2.5073
     987       2.5297
     988       2.4623
     989       2.4172
     990       2.3944
     991       2.5679
     992       2.5172
     993       2.4006
     994       2.4966
     995       2.4087
     996       2.4317
     997       2.4321
     998       2.3940
     999       2.4482
    1000       2.4944
