#Frame       T45-T133
       1       3.9994
       2       4.7058
       3       4.7648
       4       4.9922
       5       4.7954
       6       4.7842
       7       4.9124
       8       4.9161
       9       4.9818
      10       4.8625
      11       4.8224
      12       4.9798
      13       4.7677
      14       4.7480
      15       4.8539
      16       4.9770
      17       4.9466
      18       4.8447
      19       4.9355
      20       4.7719
      21       4.8341
      22       4.9363
      23       4.8164
      24       4.8119
      25       4.7171
      26       4.7770
      27       4.9544
      28       4.7587
      29       4.9483
      30       4.9631
      31       4.7662
      32       4.9579
      33       4.7370
      34       4.8763
      35       4.7563
      36       4.9136
      37       4.7050
      38       4.8848
      39       4.8131
      40       4.8086
      41       4.7276
      42       4.8529
      43       4.8583
      44       4.6712
      45       4.8649
      46       4.7970
      47       4.9626
      48       4.7097
      49       4.8907
      50       4.7986
      51       4.8597
      52       4.9528
      53       4.8823
      54       4.9239
      55       4.7747
      56       4.8017
      57       4.7477
      58       4.8046
      59       4.8939
      60       4.8621
      61       4.7206
      62       4.9545
      63       4.8350
      64       4.7901
      65       4.7285
      66       4.6929
      67       4.8154
      68       4.8554
      69       4.8514
      70       4.8247
      71       4.7545
      72       4.6789
      73       4.8099
      74       4.7357
      75       4.8794
      76       4.9290
      77       4.7632
      78       4.9478
      79       4.9747
      80       4.7932
      81       4.9209
      82       4.7247
      83       4.7812
      84       4.8402
      85       4.8765
      86       4.6555
      87       4.8168
      88       4.6726
      89       4.6697
      90       4.9201
      91       4.7663
      92       4.6749
      93       4.7821
      94       4.8150
      95       4.8265
      96       4.6531
      97       4.6157
      98       4.8875
      99       4.9035
     100       4.9512
     101       4.7692
     102       4.9841
     103       4.8653
     104       4.7215
     105       4.8521
     106       4.8282
     107       4.6333
     108       4.7239
     109       4.6451
     110       4.8562
     111       4.7491
     112       4.7001
     113       4.8589
     114       4.8723
     115       4.9652
     116       4.9888
     117       4.7291
     118       4.8810
     119       4.9362
     120       4.7996
     121       4.9775
     122       4.7654
     123       4.8601
     124       4.7541
     125       4.7907
     126       4.6494
     127       4.8411
     128       4.7086
     129       4.7197
     130       4.8649
     131       4.8542
     132       4.7013
     133       4.8042
     134       4.5934
     135       4.7472
     136       4.5608
     137       4.7670
     138       4.8310
     139       4.7933
     140       4.8090
     141       4.6909
     142       4.6287
     143       4.6601
     144       4.8704
     145       4.9163
     146       4.9721
     147       4.4856
     148       4.5033
     149       4.4888
     150       4.4538
     151       4.5944
     152       4.6334
     153       4.6479
     154       4.8915
     155       4.8913
     156       4.7685
     157       4.5858
     158       4.5915
     159       4.8583
     160       4.9116
     161       4.7780
     162       4.9643
     163       4.9219
     164       4.7334
     165       4.8540
     166       4.7078
     167       4.6206
     168       4.9334
     169       4.9898
     170       4.9041
     171       4.7667
     172       4.7400
     173       4.7140
     174       4.9156
     175       4.7190
