3.625040054321289062e+01 4.220989990234375000e+01 -1.665693054199218750e+02 -1.661893005371093750e+02 2.970974755100996845e-08
3.823030090332031250e+01 4.272420120239257812e+01 -1.797230987548828125e+02 -1.589380950927734375e+02 2.309519864240883180e-08
3.621030044555664062e+01 3.753939819335937500e+01 -1.775507965087890625e+02 -1.547015991210937500e+02 2.309519864240883180e-08
3.602389907836914062e+01 4.470569992065429688e+01 -1.690767059326171875e+02 1.750263061523437500e+02 2.309519864240883180e-08
3.411669921875000000e+01 4.331159973144531250e+01 -6.554810333251953125e+01 1.679676055908203125e+02 7.590295142739795262e-29
3.503260040283203125e+01 3.879800033569335938e+01 -7.867510223388671875e+01 -1.767440948486328125e+02 7.006806980844731594e-29
3.791859817504882812e+01 4.087440109252929688e+01 -6.961489868164062500e+01 1.783731994628906250e+02 6.863423903897532368e-29
3.690489959716796875e+01 4.114310073852539062e+01 -8.120819854736328125e+01 1.787507934570312500e+02 9.896125602013350565e-29
3.640930175781250000e+01 3.965290069580078125e+01 -7.228279876708984375e+01 -1.783959045410156250e+02 1.465660673848190861e-29
3.482720184326171875e+01 3.725149917602539062e+01 -6.614019775390625000e+01 -1.742821044921875000e+02 1.465660673848190861e-29
3.513579940795898438e+01 3.826419830322265625e+01 -7.132109832763671875e+01 1.744201049804687500e+02 1.739081186470924104e-29
3.422980117797851562e+01 4.145299911499023438e+01 -7.361820220947265625e+01 -1.798289947509765625e+02 2.931321347696381722e-29
3.473120117187500000e+01 3.941400146484375000e+01 1.668453979492187500e+02 1.683139038085937500e+02 1.536398231983184814e-01
3.470700073242187500e+01 3.643339920043945312e+01 -1.749223937988281250e+02 -1.741614990234375000e+02 2.316820621490478516e-01
3.415940093994140625e+01 3.620940017700195312e+01 1.720774993896484375e+02 -1.694026031494140625e+02 1.335622817277908325e-01
3.163730049133300781e+01 3.798009872436523438e+01 1.698950958251953125e+02 1.749481964111328125e+02 1.821009367704391479e-01
3.254750061035156250e+01 3.794630050659179688e+01 1.667227935791015625e+02 -1.762561035156250000e+02 6.678114086389541626e-02
3.216350173950195312e+01 4.049789810180664062e+01 1.728880004882812500e+02 1.707798004150390625e+02 4.748660698533058167e-02
3.554410171508789062e+01 4.035120010375976562e+01 -1.799069976806640625e+02 1.781517028808593750e+02 1.179654374718666077e-01
3.415689849853515625e+01 3.877610015869140625e+01 1.727946929931640625e+02 -1.687339935302734375e+02 6.678114086389541626e-02
3.656209945678710938e+01 4.167380142211914062e+01 1.750337982177734375e+02 -1.674971008300781250e+02 1.576965780181183163e-10
3.476979827880859375e+01 4.299029922485351562e+01 -1.756427001953125000e+02 -1.753506011962890625e+02 1.576704183881005861e-10
3.342639923095703125e+01 4.171139907836914062e+01 1.783753051757812500e+02 -1.690713043212890625e+02 1.576704183881005861e-10
3.358369827270507812e+01 3.949700164794921875e+01 -1.658134002685546875e+02 -1.567789001464843750e+02 1.576704183881005861e-10
4.176610183715820312e+01 4.446200180053710938e+01 -1.720211944580078125e+02 -1.766452941894531250e+02 6.921949179203995550e-14
4.264339828491210938e+01 4.608129882812500000e+01 -1.758854064941406250e+02 -1.667534942626953125e+02 6.921949179203995550e-14
3.736280059814453125e+01 4.171770095825195312e+01 -1.711147003173828125e+02 -1.532142944335937500e+02 6.921949179203995550e-14
3.929309844970703125e+01 4.365319824218750000e+01 -1.795773010253906250e+02 -1.642705993652343750e+02 6.921949179203995550e-14
2.988590049743652344e+01 3.565900039672851562e+01 -1.694846954345703125e+02 -1.635435028076171875e+02 7.295883996321360737e-37
3.196969985961914062e+01 3.882960128784179688e+01 -1.644990997314453125e+02 -1.773533020019531250e+02 7.295883996321360737e-37
3.449420166015625000e+01 4.239270019531250000e+01 -1.734669952392578125e+02 1.767566986083984375e+02 7.295883996321360737e-37
3.153520011901855469e+01 3.824129867553710938e+01 -1.734010009765625000e+02 -1.767328948974609375e+02 7.295883996321360737e-37
3.111359977722167969e+01 3.746609878540039062e+01 -1.757463989257812500e+02 -1.712424011230468750e+02 1.597697138943483342e-35
2.816119956970214844e+01 3.262099838256835938e+01 1.744250030517578125e+02 -1.705242004394531250e+02 1.239962151660383604e-35
3.202320098876953125e+01 3.755569839477539062e+01 -1.615249023437500000e+02 -1.664145050048828125e+02 1.239962151660383604e-35
3.103249931335449219e+01 3.713359832763671875e+01 -1.600032958984375000e+02 -1.716822967529296875e+02 1.239962151660383604e-35
3.680759811401367188e+01 3.848109817504882812e+01 -1.786721954345703125e+02 -1.762693023681640625e+02 3.007257497584376444e-35
3.298139953613281250e+01 3.338529968261718750e+01 -1.763316955566406250e+02 -1.660991973876953125e+02 3.007257497584376444e-35
3.564780044555664062e+01 3.537789916992187500e+01 -1.612268981933593750e+02 -1.668137969970703125e+02 3.007257497584376444e-35
3.207989883422851562e+01 3.630319976806640625e+01 -1.718280029296875000e+02 -1.577731018066406250e+02 3.007257497584376444e-35
3.267240142822265625e+01 3.834629821777343750e+01 -1.566186065673828125e+02 -1.622662963867187500e+02 1.427025685118987752e-11
3.319639968872070312e+01 4.141139984130859375e+01 -1.714644012451171875e+02 -1.602082977294921875e+02 1.427025685118987752e-11
3.302249908447265625e+01 4.047029876708984375e+01 -1.743392028808593750e+02 -1.669694976806640625e+02 1.427025685118987752e-11
3.188080024719238281e+01 3.866350173950195312e+01 1.711345977783203125e+02 -1.569530029296875000e+02 1.427025685118987752e-11
3.553409957885742188e+01 3.357379913330078125e+01 -1.755727996826171875e+02 -1.617234039306640625e+02 2.828042244829021001e-10
3.697980117797851562e+01 3.674560165405273438e+01 1.765962982177734375e+02 -1.754629058837890625e+02 1.686421696733830800e-10
3.405619812011718750e+01 3.516730117797851562e+01 -1.607127075195312500e+02 -1.641815948486328125e+02 1.686421696733830800e-10
3.502590179443359375e+01 3.582640075683593750e+01 -1.734844970703125000e+02 1.778908996582031250e+02 1.686421696733830800e-10
3.538510131835937500e+01 4.031529998779296875e+01 -1.707489013671875000e+02 -1.666454010009765625e+02 1.823280548762795661e-08
3.632540130615234375e+01 3.839429855346679688e+01 1.785142974853515625e+02 -1.781755981445312500e+02 1.156794748879974577e-08
3.560680007934570312e+01 3.620349884033203125e+01 -1.797521057128906250e+02 -1.737203063964843750e+02 1.156794748879974577e-08
3.771780014038085938e+01 3.694279861450195312e+01 -1.753585052490234375e+02 -1.672465972900390625e+02 1.156794748879974577e-08
3.586930084228515625e+01 3.561149978637695312e+01 -1.792295989990234375e+02 -1.736105041503906250e+02 1.686421696733830800e-10
3.787129974365234375e+01 3.944380187988281250e+01 -1.694902038574218750e+02 -1.639577941894531250e+02 1.686421696733830800e-10
3.556610107421875000e+01 3.787929916381835938e+01 1.796524047851562500e+02 -1.587227020263671875e+02 1.686421696733830800e-10
3.621200180053710938e+01 3.590950012207031250e+01 -1.676645965576171875e+02 -1.669902038574218750e+02 1.686421696733830800e-10
3.304270172119140625e+01 4.030310058593750000e+01 -1.700769958496093750e+02 -1.528211975097656250e+02 2.142979682595580471e-10
3.059510040283203125e+01 3.827930068969726562e+01 1.785124053955078125e+02 -1.714212036132812500e+02 3.698900075121969167e-10
3.323799896240234375e+01 3.687749862670898438e+01 -1.745825958251953125e+02 -1.672073974609375000e+02 1.849450037560984583e-10
3.422249984741210938e+01 4.304859924316406250e+01 -1.669629058837890625e+02 -1.612229003906250000e+02 2.142979682595580471e-10
3.628910064697265625e+01 3.867340087890625000e+01 -1.772718963623046875e+02 -1.604008026123046875e+02 2.031561807669390873e-09
0.000000000000000000e+00 0.000000000000000000e+00 0.000000000000000000e+00 0.000000000000000000e+00 2.031561807669390873e-09
0.000000000000000000e+00 0.000000000000000000e+00 0.000000000000000000e+00 0.000000000000000000e+00 2.031561807669390873e-09
0.000000000000000000e+00 0.000000000000000000e+00 0.000000000000000000e+00 0.000000000000000000e+00 2.963028489233465734e-09
0.000000000000000000e+00 0.000000000000000000e+00 0.000000000000000000e+00 0.000000000000000000e+00 7.847403824846888032e-14
0.000000000000000000e+00 0.000000000000000000e+00 0.000000000000000000e+00 0.000000000000000000e+00 7.847403824846888032e-14
0.000000000000000000e+00 0.000000000000000000e+00 0.000000000000000000e+00 0.000000000000000000e+00 7.847403824846888032e-14
0.000000000000000000e+00 0.000000000000000000e+00 0.000000000000000000e+00 0.000000000000000000e+00 7.847403824846888032e-14
0.000000000000000000e+00 0.000000000000000000e+00 0.000000000000000000e+00 0.000000000000000000e+00 4.161262445734337234e-10
0.000000000000000000e+00 0.000000000000000000e+00 0.000000000000000000e+00 0.000000000000000000e+00 4.161262445734337234e-10
0.000000000000000000e+00 0.000000000000000000e+00 0.000000000000000000e+00 0.000000000000000000e+00 4.161262445734337234e-10
0.000000000000000000e+00 0.000000000000000000e+00 0.000000000000000000e+00 0.000000000000000000e+00 4.161262445734337234e-10
0.000000000000000000e+00 0.000000000000000000e+00 0.000000000000000000e+00 0.000000000000000000e+00 8.073381252415856579e-08
0.000000000000000000e+00 0.000000000000000000e+00 0.000000000000000000e+00 0.000000000000000000e+00 9.912491805152967572e-08
0.000000000000000000e+00 0.000000000000000000e+00 0.000000000000000000e+00 0.000000000000000000e+00 3.484976218715019058e-08
0.000000000000000000e+00 0.000000000000000000e+00 0.000000000000000000e+00 0.000000000000000000e+00 6.899996662923513213e-08
0.000000000000000000e+00 0.000000000000000000e+00 0.000000000000000000e+00 0.000000000000000000e+00 2.092641110309351182e-13
0.000000000000000000e+00 0.000000000000000000e+00 0.000000000000000000e+00 0.000000000000000000e+00 2.092641110309351182e-13
0.000000000000000000e+00 0.000000000000000000e+00 0.000000000000000000e+00 0.000000000000000000e+00 2.092641110309351182e-13
0.000000000000000000e+00 0.000000000000000000e+00 0.000000000000000000e+00 0.000000000000000000e+00 2.877381492794039985e-13
0.000000000000000000e+00 0.000000000000000000e+00 0.000000000000000000e+00 0.000000000000000000e+00 1.307900693943344489e-14
0.000000000000000000e+00 0.000000000000000000e+00 0.000000000000000000e+00 0.000000000000000000e+00 1.307900693943344489e-14
0.000000000000000000e+00 0.000000000000000000e+00 0.000000000000000000e+00 0.000000000000000000e+00 2.615801387886688978e-14
0.000000000000000000e+00 0.000000000000000000e+00 0.000000000000000000e+00 0.000000000000000000e+00 2.615801387886688978e-14
0.000000000000000000e+00 0.000000000000000000e+00 0.000000000000000000e+00 0.000000000000000000e+00 5.357449206488951177e-11
0.000000000000000000e+00 0.000000000000000000e+00 0.000000000000000000e+00 0.000000000000000000e+00 5.357449206488951177e-11
0.000000000000000000e+00 0.000000000000000000e+00 0.000000000000000000e+00 0.000000000000000000e+00 5.357449206488951177e-11
0.000000000000000000e+00 0.000000000000000000e+00 0.000000000000000000e+00 0.000000000000000000e+00 5.357449206488951177e-11
0.000000000000000000e+00 0.000000000000000000e+00 0.000000000000000000e+00 0.000000000000000000e+00 3.943446813536866102e-08
0.000000000000000000e+00 0.000000000000000000e+00 0.000000000000000000e+00 0.000000000000000000e+00 2.018345313103964145e-08
0.000000000000000000e+00 0.000000000000000000e+00 0.000000000000000000e+00 0.000000000000000000e+00 2.018345313103964145e-08
0.000000000000000000e+00 0.000000000000000000e+00 0.000000000000000000e+00 0.000000000000000000e+00 2.018345313103964145e-08
0.000000000000000000e+00 0.000000000000000000e+00 0.000000000000000000e+00 0.000000000000000000e+00 5.231602775773377956e-14
0.000000000000000000e+00 0.000000000000000000e+00 0.000000000000000000e+00 0.000000000000000000e+00 5.231602775773377956e-14
0.000000000000000000e+00 0.000000000000000000e+00 0.000000000000000000e+00 0.000000000000000000e+00 5.231602775773377956e-14
0.000000000000000000e+00 0.000000000000000000e+00 0.000000000000000000e+00 0.000000000000000000e+00 2.615801387886688978e-14
0.000000000000000000e+00 0.000000000000000000e+00 0.000000000000000000e+00 0.000000000000000000e+00 7.295883996321360737e-37
0.000000000000000000e+00 0.000000000000000000e+00 0.000000000000000000e+00 0.000000000000000000e+00 7.295883996321360737e-37
0.000000000000000000e+00 0.000000000000000000e+00 0.000000000000000000e+00 0.000000000000000000e+00 7.295883996321360737e-37
0.000000000000000000e+00 0.000000000000000000e+00 0.000000000000000000e+00 0.000000000000000000e+00 7.295883996321360737e-37
0.000000000000000000e+00 0.000000000000000000e+00 0.000000000000000000e+00 0.000000000000000000e+00 1.949775633635101808e-35
0.000000000000000000e+00 0.000000000000000000e+00 0.000000000000000000e+00 0.000000000000000000e+00 1.949775633635101808e-35
0.000000000000000000e+00 0.000000000000000000e+00 0.000000000000000000e+00 0.000000000000000000e+00 1.949775633635101808e-35
0.000000000000000000e+00 0.000000000000000000e+00 0.000000000000000000e+00 0.000000000000000000e+00 1.949775633635101808e-35
0.000000000000000000e+00 0.000000000000000000e+00 0.000000000000000000e+00 0.000000000000000000e+00 2.324513914686576754e-10
0.000000000000000000e+00 0.000000000000000000e+00 0.000000000000000000e+00 0.000000000000000000e+00 2.324513914686576754e-10
0.000000000000000000e+00 0.000000000000000000e+00 0.000000000000000000e+00 0.000000000000000000e+00 2.324513914686576754e-10
0.000000000000000000e+00 0.000000000000000000e+00 0.000000000000000000e+00 0.000000000000000000e+00 2.324513914686576754e-10
0.000000000000000000e+00 0.000000000000000000e+00 0.000000000000000000e+00 0.000000000000000000e+00 6.539503469716722445e-15
0.000000000000000000e+00 0.000000000000000000e+00 0.000000000000000000e+00 0.000000000000000000e+00 6.539503469716722445e-15
0.000000000000000000e+00 0.000000000000000000e+00 0.000000000000000000e+00 0.000000000000000000e+00 6.539503469716722445e-15
0.000000000000000000e+00 0.000000000000000000e+00 0.000000000000000000e+00 0.000000000000000000e+00 6.539503469716722445e-15
0.000000000000000000e+00 0.000000000000000000e+00 0.000000000000000000e+00 0.000000000000000000e+00 1.427025685118987752e-11
0.000000000000000000e+00 0.000000000000000000e+00 0.000000000000000000e+00 0.000000000000000000e+00 1.427025685118987752e-11
0.000000000000000000e+00 0.000000000000000000e+00 0.000000000000000000e+00 0.000000000000000000e+00 1.427025685118987752e-11
0.000000000000000000e+00 0.000000000000000000e+00 0.000000000000000000e+00 0.000000000000000000e+00 1.427025685118987752e-11
0.000000000000000000e+00 0.000000000000000000e+00 0.000000000000000000e+00 0.000000000000000000e+00 2.142979682595580471e-10
0.000000000000000000e+00 0.000000000000000000e+00 0.000000000000000000e+00 0.000000000000000000e+00 2.142979682595580471e-10
0.000000000000000000e+00 0.000000000000000000e+00 0.000000000000000000e+00 0.000000000000000000e+00 2.142979682595580471e-10
0.000000000000000000e+00 0.000000000000000000e+00 0.000000000000000000e+00 0.000000000000000000e+00 2.142979682595580471e-10
0.000000000000000000e+00 0.000000000000000000e+00 0.000000000000000000e+00 0.000000000000000000e+00 1.190594067779215948e-09
0.000000000000000000e+00 0.000000000000000000e+00 0.000000000000000000e+00 0.000000000000000000e+00 1.190594067779215948e-09
0.000000000000000000e+00 0.000000000000000000e+00 0.000000000000000000e+00 0.000000000000000000e+00 1.190594067779215948e-09
0.000000000000000000e+00 0.000000000000000000e+00 0.000000000000000000e+00 0.000000000000000000e+00 1.190594067779215948e-09
0.000000000000000000e+00 0.000000000000000000e+00 0.000000000000000000e+00 0.000000000000000000e+00 2.324513914686576754e-10
0.000000000000000000e+00 0.000000000000000000e+00 0.000000000000000000e+00 0.000000000000000000e+00 2.324513914686576754e-10
0.000000000000000000e+00 0.000000000000000000e+00 0.000000000000000000e+00 0.000000000000000000e+00 2.324513914686576754e-10
0.000000000000000000e+00 0.000000000000000000e+00 0.000000000000000000e+00 0.000000000000000000e+00 2.324513914686576754e-10
0.000000000000000000e+00 0.000000000000000000e+00 0.000000000000000000e+00 0.000000000000000000e+00 6.539503469716722445e-15
0.000000000000000000e+00 0.000000000000000000e+00 0.000000000000000000e+00 0.000000000000000000e+00 6.539503469716722445e-15
0.000000000000000000e+00 0.000000000000000000e+00 0.000000000000000000e+00 0.000000000000000000e+00 6.539503469716722445e-15
0.000000000000000000e+00 0.000000000000000000e+00 0.000000000000000000e+00 0.000000000000000000e+00 6.539503469716722445e-15
0.000000000000000000e+00 0.000000000000000000e+00 0.000000000000000000e+00 0.000000000000000000e+00 6.539503469716722445e-15
0.000000000000000000e+00 0.000000000000000000e+00 0.000000000000000000e+00 0.000000000000000000e+00 6.539503469716722445e-15
0.000000000000000000e+00 0.000000000000000000e+00 0.000000000000000000e+00 0.000000000000000000e+00 6.539503469716722445e-15
0.000000000000000000e+00 0.000000000000000000e+00 0.000000000000000000e+00 0.000000000000000000e+00 6.539503469716722445e-15
0.000000000000000000e+00 0.000000000000000000e+00 0.000000000000000000e+00 0.000000000000000000e+00 6.539503469716722445e-15
0.000000000000000000e+00 0.000000000000000000e+00 0.000000000000000000e+00 0.000000000000000000e+00 6.539503469716722445e-15
0.000000000000000000e+00 0.000000000000000000e+00 0.000000000000000000e+00 0.000000000000000000e+00 6.539503469716722445e-15
0.000000000000000000e+00 0.000000000000000000e+00 0.000000000000000000e+00 0.000000000000000000e+00 6.539503469716722445e-15
0.000000000000000000e+00 0.000000000000000000e+00 0.000000000000000000e+00 0.000000000000000000e+00 6.921949179203995550e-14
0.000000000000000000e+00 0.000000000000000000e+00 0.000000000000000000e+00 0.000000000000000000e+00 6.921949179203995550e-14
0.000000000000000000e+00 0.000000000000000000e+00 0.000000000000000000e+00 0.000000000000000000e+00 6.921949179203995550e-14
0.000000000000000000e+00 0.000000000000000000e+00 0.000000000000000000e+00 0.000000000000000000e+00 6.921949179203995550e-14
