Using WEST data from '/ix/lchong/dty7/d1d2/2kod/o_angle/3d_oamin_1_2_ss_v01/west.h5'
# successful (recycled) segments
# column 0:    iteration
# column 1:    seg_id
# column 2:    weight
# column>2:    final progress coordinate value
      82           1     9.2109307116951e-21            7.3953            9.9974            7.3953
      91           3     2.8109529759812e-25            8.2414            8.2414            9.3484
     102           0     6.7018341445474e-32            9.8461            9.8461            9.8557
     105           0     1.0471615850855e-33            9.4418            9.4418            9.4678
     111           3     5.1130936771754e-37            7.8128            7.8128            9.8948
     113           0     3.1956835482346e-38            7.4276            7.4276            8.2346
     113          53     1.5978417741173e-38             6.134             6.134             8.753
     119           0     4.9932555441166e-40            7.5504            7.5504            9.1241
     124           1     6.2415694301458e-41            6.7576            6.7576            9.4476
     129           3     3.1207847150729e-41            9.1505            9.1505          9.828501
     138          57     1.0113753376292e-42          8.342999          8.342999            9.5191
     139          56     1.0113753376292e-42            7.0217            7.0217          9.904699
     140          60      2.528438344073e-43            8.8441            9.2763            8.8441
     145           0     3.2804545238763e-43            5.4747            5.4747            9.8881
     147          44      2.624363619101e-44            7.9092            7.9092            9.9752
     158           3     3.9365454286515e-44          8.937799          8.937799             9.729
     158          61     3.9365454286515e-44            4.6243            4.6243          9.434299
     162          63     4.9206817858144e-45            7.7746            7.7746            8.6645
     164          64     9.8413635716288e-45            7.4653            7.4653            9.4311
     166           1      1.722238625035e-44            4.9927            4.9927            8.9534
     168           3     1.9682727143258e-44            9.3602            9.3941            9.3602
     171           3     1.4762045357443e-44            8.7726            8.7726            8.9402
     173           1     6.6978616169866e-45            7.8416            7.8416          9.995501
     174           0       6.69846228615e-45            7.4046            7.4046            8.9816
     175           1     4.3740144488138e-45            5.9632            5.9632            9.9737
     177          61     2.0502840774227e-46            6.8778            6.8778          9.967899
     179           0     1.0934848412921e-45            7.4764            7.4764            9.6993
     186           0     4.0000507935718e-47            3.3266            3.3266            8.3625
     191           2      4.040095404459e-47            8.3492            8.3492            9.7456
     191          63     1.2500158729912e-48            9.0096            9.0096          9.865499
     192           7      3.125039682478e-49            7.6468            9.8293            7.6468
     192          67      3.125039682478e-49            4.9523            4.9523            8.5079
     193           0     2.1875277777346e-48            6.5511            6.5511            8.1321
     194           7     3.9062996030975e-50            8.4062            9.5277            8.4062
     194          52     1.9531498015487e-50            6.2699            6.2699            8.6354
     194          54     1.9531498015487e-50            8.4594            8.4594            8.9807
     195           1     7.8125992061949e-50            6.6639            6.6639            9.6587
     195           6     9.7657490077436e-51            8.3341             9.116            8.3341
     196           3     3.4180121527103e-50            6.7379            6.7379            9.8597
     196          49      1.220718625968e-51            9.4977            9.4977            9.6644
     197           2     2.4414372519359e-51            7.9713            7.9713            9.6151
     198          53     7.6294914122997e-53            6.6236            6.6236            9.5123
     198          54     7.6294914122997e-53            8.8186            8.8186            9.2934
     199          49     1.9073728530749e-53            8.7318            8.7318            9.8637
     200          16     5.7221185592248e-53             8.841             8.841             9.799
     207          62     7.8918544313629e-50            5.9104            5.9104          9.964001
     209           1     1.2625298138934e-48            6.6426            6.6426            9.5144
     226           3     1.3151352228056e-50            6.6337            6.6337            9.5119
     227           0     1.3151352228056e-50             7.407             7.407              9.73
     227           2     1.3151352228056e-50            5.4656            5.4656            7.9902
     230          51     8.2195951425353e-52            7.7737            7.7737          8.832701
     231           0     1.0959460190047e-51            6.2704            6.2704          9.010401
     238           0     8.2251446377126e-53            7.6487            7.6487            9.6402
     244           2     1.0281430797141e-53            6.3597            6.3597            9.9851
     248           1      4.350556215577e-54             8.172             8.172            9.4764
     250          55     2.3242172395089e-55            6.9682            6.9682            8.2957
     252          55     1.3139856948417e-55            9.5105            9.9519            9.5105
     254           1     5.2559427793666e-55            5.6151            5.6151            9.1277
     255          56     8.2124105927603e-57            8.6964            8.6964          9.126101
     256           0     2.4637231778281e-56            8.2512            8.2512              9.39
     257           1     1.3139856948417e-55            8.2381            8.2381            9.2701
     263           1     8.2124105927603e-56            7.3525            7.3525             9.111
     267          53     8.2124105927603e-57            8.8519              9.25            8.8519
     276           1     6.1593079445703e-57            8.2374            8.2374          9.634701
     276           2     1.2703572635676e-56            6.5881            6.5881            9.9251
     294           1     4.4457817680113e-58            6.7581            6.7581            9.9459
     298           0     1.8718538302214e-58            9.3665            9.3665            9.3763
     300          57      1.494919078645e-59            7.5791            7.5791            9.8174
     301           2       2.98983815729e-59            5.9065            5.9065            9.2756
     305          62      1.067020903191e-59            9.1658            9.1658            9.7212
     309          66     1.7459319472416e-60            8.9505            8.9505            9.7932
     327          59     8.0797030991193e-62            9.1001            9.1001            9.7414
     328          57     1.4480397136768e-60            5.5707            5.5707            9.7918
     333           1     3.1384705203271e-60            6.0586            6.0586            9.2951
     334          56     1.2864456516944e-60            8.8244            8.8244          9.376499
     334          58     1.2864456516944e-60             8.593          9.758801             8.593
     334          59     1.2864456516944e-60            6.8998            6.8998            8.5354
     338           2     1.2864456516944e-60            6.9123            6.9123          8.962999
     347          13     4.6525587573323e-66            7.9078            7.9078            9.5239
     347          51     1.2228755132533e-61            6.4518            6.4518            9.9172
     349          50     6.1143775662666e-62            6.9934            6.9934            9.8764
     351           1     1.2228755132533e-61            5.4196            5.4196            9.3365
     357          54     1.5852348462104e-62            9.4702            9.7339            9.4702
     361           1     4.7557045386311e-62            4.7587            4.7587            9.9569
     391           1     2.4566333943902e-64            5.9179            5.9179            9.0752
     395           0     2.4566333943902e-64            6.6808            6.6808            8.3885
     410           0     1.5499510088533e-65            7.0148            7.0148            9.2645
     420           3     9.1229352631644e-67             9.096          9.767099             9.096
     423           1      8.234666576628e-67            6.2743            6.2743            9.5512
     424           1      8.234666576628e-67            6.5541            6.5541          9.714001
     426          57       6.86222214719e-68            7.0186            7.1163            7.0186
     427           2     9.2300461953741e-68            2.6167            2.6167            7.1077
     429          56     1.0722222104984e-69          8.442301          8.442301            9.9088
     430           3     9.1496295295867e-68            5.6638            5.6638            9.4143
     430          59     2.6805555262461e-70          7.249701          7.249701            9.9398
     431           1     2.6805555262461e-70            7.2102            7.2102            9.8555
     432           2     1.6092268342564e-67            6.9143            6.9143            9.9017
     433           0     2.6710618920906e-68            4.5218            4.5218            8.9957
     436           0     2.6894907113336e-68            3.4456            3.4456            8.4224
     437           3     4.5748147647933e-68            6.1664            6.1664            9.4144
     438           3     1.7807079280604e-68             5.398             5.398            9.1702
     441           3     1.1437036911983e-68            6.0196            6.0196            9.8232
     441          58     5.7185184559917e-69            7.5908            7.5908          9.757999
     442           3     1.1437036911983e-68            3.9377            3.9377            7.1206
     447           0     1.7807079280604e-68            8.7715            8.7715            9.9825
     448           2     8.9035396403022e-69            6.5275            6.5275            8.7129
     449           2     8.5777776839875e-69            6.2529            6.2529            9.9599
     449          60     2.1444444209969e-69            5.1884            5.1884            9.4534
     449          63     2.1444444209969e-69            4.0163            4.0163            9.6833
     450           0     2.9678465467674e-69            8.8034            8.8034          9.596601
     450           3     2.9678465467674e-69            7.0606            7.0606            9.1959
     451           3     1.4296296139979e-69            1.7856            1.7856            8.8696
     452           0     1.4296296139979e-69            8.0411            8.0411            9.7366
     452           2     1.4296296139979e-69            5.6016            5.6016          8.115499
     459           1      9.892821822558e-70            5.7501            5.7501            9.6933
     462           3      6.595214548372e-70            6.7783            6.7783            9.8252
     469           0      1.648803637093e-70            9.4111            9.4111             9.454
     471          67     5.1525113659156e-72            6.7791            6.7791            8.3268
     475          56     4.1220090927325e-71            5.2536            5.2536            9.0204
     476           3     1.2366027278197e-70             3.823             3.823            7.1776
     477           3     1.9751293569343e-70            5.8698            5.8698            9.2117
     478           3     4.3074011032509e-71            1.0914            1.0914            9.0712
     479           1     4.2651344084524e-71            4.5661            4.5661            6.0767
     480           3     3.6640080824289e-71            3.9679            3.9679            9.5329
     485           1     1.8320040412144e-71            1.7914            1.7914          9.358299
     490           3     1.8320040412144e-71            4.6823            4.6823            8.7352
     491           0     9.1600202060722e-72            0.6603            0.6603            8.9479
     491          65      2.519291329296e-80             7.805             7.805            9.4294
     493          56       6.29822832324e-81            9.4911          9.817699            9.4911
     499          60     1.5376533992285e-84            7.0836            7.0836            9.1181
     500          62     3.8441334980713e-85            8.2507            8.4752            8.2507
     501          56     9.6103337451783e-86            9.5339            9.5339            9.7119
     506           2     9.1600202060722e-72            0.9481            0.9481            9.7839
     512           0      2.290005858206e-72            6.3683            6.3683            9.1329
     524           0     2.3009341927546e-72            5.1481            5.1481          7.900599
     529          55     5.0206964894945e-25            7.8779            7.8779            8.8881
     531          62     2.5103482447473e-25            5.3497          8.184299            5.3497
     533          61      1.568967652967e-26            9.3106            9.6983            9.3106
     537           0     8.0391149351215e-27            8.5884            8.5884          9.152201
     538           6     4.0195574675607e-27            2.5708            4.5633            2.5708
     539          60     1.2561117086127e-28             9.573            9.6696             9.573
     539          61     1.2561117086127e-28            6.9128            7.4657            6.9128
     540          56     3.1402792715318e-29            7.1439            8.7382            7.1439
     540          58     3.1402792715318e-29            8.5436            8.5436            9.9735
     542          56     1.9626745447074e-30            5.5173            5.5173            6.3162
     543          22     7.0835891088755e-25            8.5913            8.5913            9.4391
     551          59     3.4810207473788e-26            9.2944            9.8467            9.2944
     559          63     5.8043628541501e-26            9.1249            9.1249            9.3308
     568          56     8.8567548433686e-31            8.5989          9.749599            8.5989
     576          53     2.7028670786647e-35          8.577499            9.3437          8.577499
     578          57     1.3514335393324e-35            7.8909            7.8909            9.2463
     580           0     8.4464596208273e-37             8.084             8.084            8.5168
     580          64     8.4464596208273e-37            9.1905            9.6338            9.1905
     581           0     4.2232298104137e-37            6.3672            6.3672            8.9467
     582           0     1.4077432701379e-37            6.9757          8.198999            6.9757
     582          61     1.0558074526034e-37            7.4647            7.4647            8.7328
     584          59     6.5987965787714e-39            7.9395            7.9395            9.1005
     585          18     3.5193581753447e-38              5.94              5.94            7.6504
     587           3     4.3991977191809e-39            4.9567            4.9567            9.3055
     601           0     3.0455509926106e-42            6.7626            6.7626          9.927401
     603          55     1.9034693703816e-43          9.600201            9.9582          9.600201
     604           2     7.6138774815264e-43            7.7395            7.7395            8.9198
     605           1     7.6138774815264e-43          8.385799          8.385799            8.6828
     609           3     9.9139029707375e-45            7.7115            7.7115            8.7568
     618          58     1.8909269277072e-50            8.1866            8.5434            8.1866
     619          58      4.727317319268e-51            8.8599            9.9713            8.8599
     778          55     1.4092693113287e-37            7.2054            7.2054            8.5708
     780          57     6.6059498968532e-39            6.9575            6.9575            8.3616
     781          26     6.6059498968532e-39            7.3669            7.3669            9.9187
     783           2     1.1009916494755e-39          8.202499          8.202499            9.8968
     783          62     5.5049582473777e-40            9.0952          9.125299            9.0952
     785           1     1.3762395618444e-40            6.9237            6.9237            9.6124
     785          56     6.8811978092221e-41            8.2395            9.8195            8.2395
     786           0     1.3762395618444e-40            9.2694            9.2694            9.4375
     787           1      3.440598904611e-41            4.3394            4.3394            5.3946
     789           3      3.440598904611e-41             8.019             8.019            8.6186
     790           3      3.440598904611e-41            6.8294            6.8294            9.5672
     790          19      1.075187157691e-42            5.3241            5.3241            9.4117
     791           0     1.8278181680746e-41            8.3615            8.3615          9.118999
     792           0     8.0639036826821e-43            4.5795            4.5795            8.9413
     794           0     6.4511229461457e-42             5.827             5.827            9.7112
     794           1     6.4511229461457e-42            4.1451            4.1451            7.3002
     794          59     4.1999498347303e-45            7.5704            7.5704            8.2133
     796          56     2.6249686467064e-46            7.7567            7.7567            8.7341
     797           3     5.7343315076851e-42             5.642             5.642            8.3499
     799           0     5.7343315076851e-42            2.2931            2.2931            9.7133
     800           2      1.621213448314e-42          8.693399          8.693399            9.8983
     802           0     3.2424268966279e-42            5.1937            5.1937             9.697
     803           3     4.0530336207849e-43            5.5901            5.5901            8.7901
     805           1     4.0530336207849e-43            5.0719            5.0719             8.404
     806           3     4.0530336207849e-43            5.6386            5.6386            9.5038
     821           3     2.3184677401671e-46             5.397             5.397            9.4026
     823           1     3.2495059665334e-46            7.6156            8.5407            7.6156
     824          52     8.1237649163334e-47            7.8111            7.8111            8.2339
     824          53     8.1237649163334e-47            9.4668             9.626            9.4668
     825           0     1.6247529832667e-46            7.4143            7.4143            7.6816
     831           3     1.1791534481497e-46            7.1758            7.1758            9.8735
     837           2     2.9927697109216e-50            9.3699            9.3699            9.8955
     841           2     9.0118262964663e-47            4.1318            4.1318            7.1817
     850           0     4.5059131482332e-47            2.1623            2.1623            9.8925
     851           0     4.5612793878852e-47            4.5408            4.5408             8.152
     852           2     4.5059131482332e-47             4.122             4.122          9.649401
     852           3     4.5612793878852e-47            4.8741            4.8741            9.9278
     857           2     9.3873190588191e-49             8.312             8.312            9.9049
     868           2      5.408709223343e-50            3.0815            3.0815            8.3956
     871           1     3.5820921165778e-49            4.8366            4.8366            9.9093
     872          54     8.9323120320237e-50            5.7029            5.7029            9.9411
     872          55     8.9323120320237e-50            6.4296            6.4296            9.4826
     874           2     1.9550124110489e-49            3.1855            3.1855            9.0127
     879           0     1.9929256844174e-49            5.5883            5.5883            9.8969
     886           3     1.3200917426464e-49            2.9919            2.9919          8.848801
     890           2     2.3735503285478e-50            4.7215            4.7215            9.8795
     891           0     2.3735503285478e-50            8.4749            9.3212            8.4749
     892           2     3.5603045178141e-50            7.8365            7.8365            9.2423
     896          46      6.490173402278e-51            7.5824            7.5824            9.2184
     896          47      6.490173402278e-51            5.6265            5.6265          8.501801
     897          50     1.6225433505695e-51             9.354            9.6369             9.354
     905           2     7.3246022944677e-51            8.0882            8.0882            9.0926
     906           1     7.3246022944677e-51            8.7869            8.7869            9.5031
     908           2     5.3509871221119e-51            2.1833            2.1833            8.5091
     916           3     9.6211684024281e-52            2.4992            2.4992            6.0315
     918          53     4.8032887700734e-52            6.1409            6.1409          8.955601
     923           1     7.1976377239695e-52            5.3389            5.3389            9.2115
     923           3     7.1976377239695e-52            6.2034            7.4553            6.2034
     928          54     5.6331286941137e-54            6.9873            6.9873               9.3
     934           7     2.7505511201727e-57            8.6642            9.6278            8.6642
     934          52     1.3752755600864e-57            7.8925            8.5576            7.8925
     934          53     1.3752755600864e-57            8.7745            8.8999            8.7745
     934          54     1.3752755600864e-57            8.3517            8.3517              9.71
     934          55     1.3752755600864e-57            6.7138            6.7138            9.4417
     935           1     1.4280812201129e-52            5.9819            5.9819            8.8465
     947           3      4.131806966401e-53            3.3037            3.3037             9.339
     956           2     2.2196740837863e-53            3.8272            3.8272            9.7007
     958           0     1.7358350852445e-53            4.3188            4.3188            9.0242
     958           1     2.2196740837863e-53            3.9932            3.9932             7.879
     959           0     2.5039921734052e-53            8.0977            8.0977             9.886
     959          44     1.2802618136012e-54            6.0489            6.0489            9.7486
     962          45     5.1690794773651e-54            6.4437            6.4437            9.4308
     966           3     1.3176027831646e-53            7.8417            7.8417          9.379499
     968          46     4.8460120100298e-55          7.184401          7.184401            9.4645
     972           3     1.7267550507562e-54            6.7792            6.7792            8.9117
     973           1     2.3631573992557e-54            2.6955            2.6955            8.9502
     989           2     1.9697001826515e-55            3.4377            3.4377          9.437201
     991           1     4.1635575485168e-56            4.2252            4.2252            9.2503
     994          50     1.1544494186053e-56            5.8632            5.8632            9.3944
     996           3     1.0408893871292e-56            7.7229            7.7229            9.1213
     997           2     6.0606684809415e-57            4.1237            4.1237            8.0476
     998           3     6.4887792535893e-57            3.0672            3.0672            7.5295
