#Frame     o_angle_m1   o_angle_m2
       1      13.1655      13.7873
       2      13.2694      17.4962
       3       6.1222       8.6842
       4       8.1656       9.1678
       5      11.9247      16.8663
       6       7.9973       9.2934
       7       9.3056      10.9178
       8      13.0426      14.7151
       9      13.3617      12.5118
      10      10.3572      13.6548
      11       8.1879       8.4283
      12      11.8005      14.3072
      13      13.0187      15.1889
      14       9.3535      11.4804
      15      10.1528      13.1369
      16       8.9236      11.2811
      17       9.8879      14.9028
      18       6.3024      10.0878
      19       9.3561      11.8195
      20       8.8117      13.0375
      21       9.1107      15.7895
      22       6.4438       8.4046
      23       5.2452       9.6985
      24       9.5639      10.6367
      25       8.5520      13.6466
      26       8.6952      10.8509
      27       7.1043      11.6801
      28      10.6615      12.1636
      29      10.8393      13.1158
      30      12.0212      12.3908
      31       7.1517      10.4602
      32      10.3842      11.0967
      33       7.8122       6.6880
      34      13.3656      12.4580
      35      10.4069      14.4055
      36       7.6859      10.3071
      37       7.5105       7.4530
      38      11.0041      11.9396
      39      11.7028      16.3435
      40      12.9807      11.8855
      41      10.8442      11.0555
      42      10.8151      12.1150
      43       7.9899       8.7516
      44      11.9932      12.4186
      45       9.6414      12.9387
      46       8.1833      10.2357
      47       7.8949      10.9786
      48      14.8043      15.6011
      49       8.7931       9.2783
      50       5.9451       7.8155
      51       9.0834      10.4139
      52       9.8062      13.1636
      53       6.8683       7.2097
      54       6.3127       9.0336
      55      10.3571      12.3618
      56       9.9469      10.6039
      57      10.3019      11.1926
      58       9.5186       7.5991
      59       9.2920      12.7933
      60       8.3159      11.3847
      61      13.8862      11.7089
      62      14.2205      11.4090
      63      10.7506       9.2133
      64       8.7946      11.6535
      65      12.3954      14.0564
      66      10.9174      11.2873
      67       9.1164      12.8076
      68      12.3598      16.5471
      69       6.9538       9.4169
      70       8.8855      13.9335
      71       9.9098      10.5319
      72       9.3706       6.6854
      73       9.5435      10.1491
      74      16.5253      20.8671
      75       9.3518      11.0973
      76       7.8913       7.8406
      77      10.7800      12.4634
      78      11.4777      14.5767
      79       9.4058      10.0522
      80      11.9408      14.3891
      81      12.3704      15.4011
      82      10.1683      13.3583
      83       9.5235      10.5953
      84      11.9340      12.9067
      85       6.7615      11.7343
      86      10.4337      15.1544
      87      12.8467      10.5841
      88      12.8052      15.8696
      89      12.8479      15.8318
      90       9.3264       8.4504
      91      14.6718      18.5023
      92      11.5507      18.1305
      93      10.6276      12.9549
      94      10.1730      12.5785
      95       8.0074      13.6839
      96      12.1727      12.5694
      97       4.8079       9.6124
      98       5.6686       7.1510
      99       6.2077      10.4527
     100       7.2725      10.9826
     101       2.1970       6.4986
     102       5.2961       8.1582
     103      10.4254      13.7949
     104       7.9826       6.9847
     105       9.8620      14.5050
     106      10.8261       9.8718
     107       6.3757      10.1790
     108      10.0256      16.6140
     109       4.8517       9.5553
     110       6.8112       9.9204
     111       9.5959      13.6354
     112      12.3334       8.3953
     113      10.6696      10.7857
     114       9.9391       8.0883
     115       7.4026       8.2524
     116       9.8435      16.5266
     117      14.3208      16.7027
     118      10.3237      12.1871
     119       6.1142      17.3772
     120      10.4197      12.8644
     121      12.7335      14.8324
     122       6.0239      10.2743
     123      11.4220      15.2653
     124      12.1530      14.1874
     125       9.0685      11.5036
     126      10.0294      16.4230
     127       6.1505       9.3680
     128      11.2933      14.3892
     129       8.1595       7.6255
     130      12.7977      15.8445
     131      12.6277      14.4359
     132       8.5382      13.3310
     133      12.9014      22.5932
     134      12.3261      15.0659
     135      13.2015      20.7299
     136      13.0750      16.1813
     137      13.6920      17.7906
     138      10.2564      16.2019
     139      11.9872      14.7757
     140      11.8120      15.6003
     141       8.4686      14.3845
     142       8.0223       9.1356
     143      11.4446      15.4799
     144       9.8855      19.6387
     145      13.2184      19.6949
     146       9.9487      14.0836
     147      11.7221      18.5060
     148      10.8410       9.6973
     149       9.4690      19.1784
     150       7.9303      19.0470
     151       9.0740      14.3685
     152       5.3065      13.3478
     153       9.7467      13.6322
     154       8.3664      15.5420
     155       7.3259      12.6903
     156       8.1622      14.6477
     157      11.6010      17.3177
     158       7.2157      13.3807
     159      11.7635      17.3515
     160      10.3393      19.0609
     161      10.6784      13.7062
     162      10.8961      16.7514
     163       8.8374      11.7565
     164       8.9762      18.1861
     165      10.4734      17.6227
     166      13.9038      17.8531
     167      10.6026      20.2790
     168       4.0922      13.7166
     169       7.8106      17.4836
     170      16.0138      19.5232
     171       5.6538      12.5744
     172      12.7859      20.7334
     173      16.7998      17.8437
     174      13.4033      22.7761
     175      15.0844      24.3557
     176      15.9943      20.3779
     177      13.2970      20.7362
     178       8.6368      16.1988
     179      14.1333      19.4941
     180      16.2168      21.4671
     181      17.6163      18.4522
     182      16.9837      20.9639
     183      17.0277      18.7406
     184      14.7712      17.7885
     185      17.3902      20.0979
     186      18.1391      17.9094
     187      14.4277      16.3902
     188      18.7013      20.0111
     189      20.0715      18.3260
     190      19.1796      23.9921
     191      13.8527      23.3153
     192      14.8194      19.6704
     193      16.7949      20.0303
     194      17.7719      22.7987
     195      17.8099      21.8955
     196      19.6812      21.3226
     197      13.8306      20.1621
     198      17.1114      19.4594
     199      18.5231      18.8784
     200      14.8153      18.5657
     201      19.1266      19.9076
     202      17.4874      19.3758
     203      17.0164      18.3527
     204      17.4149      19.8321
     205      17.3440      20.5475
     206      15.3248      18.0651
     207      15.6507      20.5405
     208      17.2551      17.5934
     209      15.9856      21.8024
     210      16.7868      17.0767
     211      15.3823      19.1214
     212      17.6524      18.2945
     213      17.3131      20.3850
     214      19.7759      17.9785
     215      17.3995      18.8820
     216      17.5839      18.8884
     217      16.8861      16.9887
     218      17.3837      18.5070
     219      15.5824      16.5273
     220      17.3515      17.2128
     221      16.5045      18.4755
     222      18.3276      20.4253
     223      15.7035      18.8750
     224      16.9443      21.6547
     225      15.4516      18.6854
     226      17.8693      17.2403
     227      14.6642      18.1658
     228      16.4532      22.5931
     229      19.9952      21.9310
     230      19.1073      21.3017
     231      15.4844      16.7571
     232      14.3784      19.4241
     233      18.8954      23.8709
     234      16.7621      17.4931
     235      16.0355      18.9720
     236      20.0409      19.6865
     237      15.7208      22.7922
     238      15.7764      20.4462
     239      20.7805      21.9955
     240      16.7386      17.7151
     241      20.2255      20.9815
     242      17.9973      20.0275
     243      18.0943      17.7513
     244      16.2448      16.0512
     245      16.3998      16.0218
     246      17.4892      18.5879
     247      16.0728      20.6033
     248      17.8053      21.7073
     249      16.7282      16.8396
     250      16.7674      21.7330
     251      15.6024      19.4267
     252      16.5019      20.2554
     253      18.1559      21.8414
     254      17.0829      19.2509
     255      18.5849      20.5986
     256      17.3809      19.1964
     257      16.5088      19.4537
     258      12.2391      16.7875
     259      15.1541      18.1390
     260      16.1662      19.1277
     261      15.8707      23.5525
     262      17.9623      19.2883
     263      15.2498      19.6808
     264      18.3933      20.7422
     265      18.6545      20.9052
     266      15.4042      18.4222
     267      14.8502      21.2515
     268      17.8974      19.3826
     269      18.2727      18.7818
     270      18.7617      19.2297
     271      14.8691      19.7446
     272      18.9635      19.4566
     273      15.7952      20.5770
     274      13.9503      16.1025
     275      18.7906      20.9536
     276      19.9736      21.7219
     277      14.3422      19.4754
     278      18.8467      21.6501
     279      17.6170      19.6624
     280      17.3134      21.7883
     281      13.0645      17.1701
     282      15.4633      18.6078
     283      16.4695      21.2360
     284      15.6761      22.4427
     285      20.7651      20.5987
     286      19.8874      17.8672
     287      18.8120      21.6979
     288      21.7450      21.1199
     289      16.3650      22.2051
     290      19.1799      20.5424
     291      16.1056      19.7600
     292      17.8240      20.9811
     293      20.5587      21.0807
     294      16.4202      17.3736
     295      18.3235      20.4907
     296      19.9397      23.1055
     297      21.4595      21.6418
     298      22.7755      20.6535
     299      19.8555      22.9082
     300      20.1332      21.5527
     301      19.8364      21.7384
     302      21.3904      21.1850
     303      20.7910      22.3741
     304      15.9061      20.2961
     305      15.8081      18.7763
     306      22.8757      21.0790
     307      19.3581      21.4936
     308      20.3611      20.0340
     309      24.2521      17.9863
     310      19.9196      19.2911
     311      18.1813      23.3981
     312      18.8405      19.1994
     313      19.2933      19.9313
     314      13.9294      16.9305
     315      21.8794      20.9920
     316      22.9791      21.3903
     317      19.3717      19.0843
     318      19.4744      22.1877
     319      16.4870      17.6068
     320      17.1986      21.3826
     321      18.0433      21.0050
     322      19.3426      19.7856
     323      17.8971      23.6237
     324      19.5884      22.2222
     325      19.4169      20.3273
     326      21.8583      20.9461
     327      19.7420      20.5322
     328      20.2496      20.3835
     329      22.9243      21.9467
     330      19.7346      21.3695
     331      19.8287      22.2096
     332      18.2433      21.3661
     333      18.4890      19.1362
     334      21.8007      22.6695
     335      22.1241      22.9325
     336      18.3347      21.1931
     337      21.2853      22.4683
     338      17.6828      18.5674
     339      16.7718      19.1504
     340      18.2168      19.8947
     341      16.5436      19.3424
     342      19.9564      22.6711
     343      21.1600      21.9077
     344      18.2245      21.6261
     345      18.6663      20.9664
     346      20.3338      20.9278
     347      17.7455      22.3987
     348      21.7174      21.7101
     349      22.0057      21.9225
     350      16.6427      20.3031
     351      19.6705      20.0330
     352      22.1213      21.5248
     353      20.8798      22.2212
     354      21.5984      23.2155
     355      21.3774      22.1320
     356      21.8859      20.6373
     357      20.1894      20.9803
     358      18.3045      20.9083
     359      22.3919      20.8985
     360      18.3771      20.3583
     361      20.6027      21.4125
     362      20.7890      20.0285
     363      17.2731      20.8541
     364      18.0718      18.3869
     365      17.1547      21.4924
     366      19.5687      21.8952
     367      20.4627      20.3798
     368      19.8362      23.0109
     369      17.5351      18.7542
     370      19.4654      20.6959
     371      20.2750      19.2727
     372      19.8998      20.0979
     373      19.3995      24.0538
     374      17.8686      19.3917
     375      20.1967      19.0381
     376      19.3603      24.9119
     377      20.0719      19.5259
     378      16.7304      19.5637
     379      18.9782      22.3888
     380      17.0633      20.7148
     381      17.0927      19.6781
     382      22.9549      23.2777
     383      18.1813      19.4905
     384      21.6459      21.9059
     385      24.8498      24.1260
     386      17.6545      19.4149
     387      23.4424      21.4761
     388      23.3209      23.3438
     389      22.3080      22.8964
     390      23.4454      20.9796
     391      18.1107      16.7899
     392      21.8143      22.0513
     393      19.5054      23.5873
     394      17.5905      19.5757
     395      22.0366      18.3733
     396      18.9317      17.4621
     397      16.8423      21.0780
     398      17.1889      20.9589
     399      18.7477      20.5668
     400      17.1016      20.1402
     401      21.9331      23.2280
     402      22.5432      21.3819
     403      22.1629      22.1390
     404      23.1796      20.0043
     405      16.8881      19.6746
     406      20.2567      19.7002
     407      22.6083      21.1252
     408      19.2104      19.5369
     409      16.5814      16.8712
     410      22.7268      22.3312
     411      20.4352      17.9542
     412      22.5145      24.7845
     413      25.4811      26.1045
     414      23.0967      22.3580
     415      21.4065      20.6395
     416      19.9268      22.9311
     417      18.8583      23.1408
     418      21.5973      20.3197
     419      21.8224      23.0416
     420      22.2363      22.7733
     421      21.3954      19.8577
     422      14.7880      17.9744
     423      21.3632      20.9376
     424      17.1129      20.0787
     425      21.8821      20.4054
     426      16.6935      19.4773
     427      20.6805      18.7992
     428      19.5672      20.9858
     429      20.2995      18.6842
     430      20.1429      20.8550
     431      20.1285      19.7707
     432      18.5837      21.5677
     433      17.8860      21.1589
     434      18.4732      21.8608
     435      24.0489      20.7575
     436      17.4254      19.4686
     437      19.0752      22.4885
     438      18.6708      21.1570
     439      17.5983      21.5510
     440      18.8050      22.3596
     441      17.2260      20.0021
     442      20.4890      19.8666
     443      20.4263      21.7699
     444      20.5230      22.5482
     445      18.0762      21.9660
     446      23.3623      22.9830
     447      19.7135      19.4302
     448      20.0348      18.3964
     449      25.5423      23.0198
     450      21.0566      21.6967
     451      20.5736      21.7120
     452      17.4077      19.7630
     453      19.6405      21.0860
     454      22.6482      21.5545
     455      21.7211      21.5456
     456      19.8967      19.5439
     457      21.5937      20.3228
     458      22.1050      20.6064
     459      19.9134      21.5348
     460      17.7924      22.7651
     461      17.0907      23.1693
     462      22.3845      20.7573
     463      22.1786      19.1707
     464      18.8296      19.1073
     465      21.5150      19.2438
     466      18.4572      18.2742
     467      18.9396      20.9088
     468      20.4538      20.9608
     469      18.1346      21.1209
     470      20.9584      19.3780
     471      18.4127      22.8184
     472      21.0571      22.1058
     473      18.6736      18.0906
     474      18.9789      20.7559
     475      19.7575      19.9120
     476      21.0931      21.4454
     477      19.9786      20.5412
     478      18.9538      18.8550
     479      23.2610      23.1647
     480      20.1880      22.0432
     481      20.9351      23.9700
     482      23.4659      19.6696
     483      23.2449      19.9491
     484      23.7903      18.8835
     485      20.8344      21.4320
     486      24.3873      21.9602
     487      19.5076      19.3020
     488      21.1901      24.1479
     489      19.0646      19.6451
     490      18.3772      17.3729
     491      25.7819      22.7341
     492      20.7736      21.9462
     493      20.8308      20.6919
     494      22.4104      21.3385
     495      17.0845      24.5463
     496      24.5054      20.8069
     497      20.5783      20.6878
     498      20.1049      19.5695
     499      20.3871      20.9261
     500      21.7117      19.9553
     501      18.1083      23.8186
     502      19.4668      23.2703
     503      22.2973      21.5897
