5.472810478504359E-36
5.4234107522817976E-36
5.653541055667221E-36
6.097407430587081E-36
2.6610047662695815E-38
1.5768917133449371E-38
1.3305023831347907E-38
1.5768917133449371E-38
3.812041112052624E-23
3.8120411120526284E-23
5.71414199567619E-23
3.9373006067081273E-23
1.9949005379360565E-23
2.2907795145844955E-23
1.9949005379360565E-23
3.9373006067081273E-23
5.917579532968778E-25
5.917579532968778E-25
5.917579532968778E-25
5.917579532968778E-25
0.003936363824019649
0.018220747641874258
0.015850393840141322
0.02481123083148835
0.10184970112046685
0.14416165044733062
0.19418623162560816
0.12462003650288672
0.015779809271233403
0.015779809271233403
0.031559618542466805
0.015779809271233403
2.1437406671521222E-30
4.653542862062145E-30
2.7023488358602885E-30
2.7023488358602885E-30
1.1382693807887375E-31
5.691346903943687E-32
5.691346903943687E-32
2.8456734519718436E-32
5.018360517461876E-127
5.018360517461876E-127
5.018360517461876E-127
5.018360517461876E-127
1.6631279789184884E-39
1.6631279789184884E-39
1.6631279789184884E-39
1.6631279789184884E-39
1.6631279789184884E-39
1.6631279789184884E-39
1.6631279789184884E-39
1.6631279789184884E-39
7.114183629929609E-33
7.114183629929609E-33
7.114183629929609E-33
7.114183629929609E-33
0.024205555658407603
0.024205555658407603
0.024205555658407603
0.024205555658407603
0.0650722732033662
0.04366925476129139
0.04366925476129139
0.04366925476129139
1.4058442228641606E-4
1.4058442228641606E-4
1.4058442228641606E-4
1.4058442228641606E-4
