7.028498583728124123e-11
3.128713301063284648e-11
7.028498583728124123e-11
6.826283565956257530e-11
1.365256713191251506e-10
9.954996867019542178e-11
1.157935429436562871e-10
9.954996867019542178e-11
7.123308077699739044e-11
6.257426602126569295e-11
6.826283565956257530e-11
6.826283565956257530e-11
3.413141782978128765e-11
3.994594776636455043e-11
3.413141782978128765e-11
3.994594776636455043e-11
3.157149632110953970e-09
3.157149632110953970e-09
3.157149632110953970e-09
6.314299264221907940e-09
3.396221008074031782e-09
3.157149632110953970e-09
3.396221008074031782e-09
6.314299264221907940e-09
3.822856150811438563e-08
3.822856150811438563e-08
3.822856150811438563e-08
3.822856150811438563e-08
1.484213796117923377e-07
1.391352437433873120e-07
1.708981207677698122e-07
1.391352437433873120e-07
4.187577424344321745e-07
5.565409749735492479e-07
7.835459209168082606e-07
4.187577424344321745e-07
2.440647683579898495e-06
1.574002013845390850e-06
1.912263665228953964e-06
1.539985696881926329e-06
1.868555371815044101e-06
1.622099840055290236e-06
2.505189066233330579e-06
1.622099840055290236e-06
7.504644794869090080e-07
4.379472653632582379e-07
1.039781074397213707e-06
7.970700036490358069e-07
4.764233937835064822e-07
4.764233937835064822e-07
4.764233937835064822e-07
4.764233937835064822e-07
9.165726968509144146e-02
1.611414721291425656e-01
8.104097743056332126e-02
7.821431904440265259e-02
1.190334646916291761e-01
6.862907010659220763e-02
9.685771102497992002e-02
1.278120380186835159e-01
2.115064967415750466e-02
2.366761167857777889e-02
2.115064967415750466e-02
2.115064967415750466e-02
1.724182327153366348e-02
3.448364654306732696e-02
1.899478958567318160e-02
1.724182327153366348e-02
1.581852814894155212e-04
8.051195868599120395e-05
8.051424655285344600e-05
1.093179895396290130e-04
3.402250482221812895e-10
3.402250482221812895e-10
3.402250482221812895e-10
3.402250482221812895e-10
1.353811106495921978e-09
1.092808165201684901e-09
1.403809254425640343e-09
1.750117160690091675e-09
1.553056110710636708e-09
1.404111733577915018e-09
9.928166636142903102e-10
1.845243214166790151e-09
1.157376869978679734e-09
4.993676635887457542e-11
9.928166636142903102e-10
8.680927165867493893e-10
4.258755281764402199e-11
4.258755281764402199e-11
4.258755281764402199e-11
4.258755281764402199e-11
2.012798967149780099e-05
2.012798967149780099e-05
2.012798967149780099e-05
2.012798967149780099e-05
