#Frame     C45N-C133N
       1       6.0444
       2       5.4239
       3       5.6240
       4       5.4228
       5       5.8519
       6       5.5023
       7       6.1959
       8       5.6435
       9       5.4041
      10       5.7998
      11       6.0820
      12       5.8549
      13       5.4964
      14       5.5125
      15       5.5261
      16       6.0397
      17       5.6810
      18       5.9732
      19       5.7723
      20       5.6755
      21       6.1654
      22       5.6917
      23       5.4557
      24       5.8735
      25       5.6924
      26       5.6114
      27       5.9518
      28       5.4888
      29       5.3865
      30       5.6811
      31       6.0048
      32       6.1261
      33       5.7897
      34       5.8532
      35       5.7056
      36       5.7808
      37       5.5154
      38       5.6958
      39       5.6179
      40       5.6687
      41       5.4442
      42       5.3354
      43       5.8900
      44       5.6442
      45       5.6578
      46       5.9513
      47       5.7738
      48       5.7746
      49       5.6077
      50       5.8205
      51       5.5646
      52       5.6171
      53       5.6431
      54       5.7645
      55       5.4808
      56       5.9195
      57       6.1052
      58       5.6094
      59       5.6477
      60       5.7259
      61       5.7472
      62       5.6310
      63       5.9674
      64       5.7575
      65       5.7586
      66       6.0418
      67       5.6149
      68       5.6799
      69       6.1614
      70       5.7994
      71       6.0018
      72       5.6115
      73       6.0060
      74       6.0973
      75       5.8282
      76       5.6837
      77       6.1270
      78       6.0607
      79       5.9001
      80       6.0102
      81       6.2661
      82       5.6755
      83       6.1168
      84       5.2735
      85       5.5562
      86       5.7894
      87       5.9846
      88       5.9074
      89       6.1145
      90       5.6028
      91       5.8288
      92       5.8118
      93       5.8665
      94       5.6840
      95       6.1229
      96       5.8557
      97       5.8205
      98       5.7633
      99       5.9028
     100       5.9134
     101       5.6685
     102       6.6210
     103       5.6954
     104       5.7231
     105       5.7546
     106       5.7281
     107       5.6259
     108       5.8262
     109       5.7434
     110       5.7100
     111       5.8335
     112       5.7738
     113       5.6990
     114       6.0346
     115       5.6589
     116       5.4509
     117       5.6723
     118       5.8668
     119       6.1872
     120       6.2251
     121       5.8616
     122       5.5888
     123       5.8449
     124       5.7127
     125       5.6851
     126       5.4635
     127       5.9098
     128       5.7486
     129       5.7458
     130       6.1751
     131       5.9176
     132       5.6593
     133       5.6965
     134       5.4292
     135       6.2337
     136       5.8401
     137       5.8634
     138       6.0951
     139       6.0205
     140       5.6683
     141       5.8500
     142       5.9975
     143       5.6379
     144       5.6151
     145       5.6071
     146       5.8362
     147       5.8955
     148       5.7957
     149       6.1056
     150       5.4896
     151       5.7817
     152       5.6616
     153       6.1296
     154       5.7196
     155       5.6806
     156       6.2556
     157       5.7429
     158       6.0052
     159       5.9804
     160       5.6600
     161       5.6509
     162       5.8045
     163       5.7516
     164       5.5817
     165       5.8331
     166       5.8617
     167       6.1647
     168       6.1332
     169       5.9007
     170       5.9526
     171       5.9245
     172       5.9669
     173       5.7768
     174       6.0595
     175       5.9734
     176       5.6492
     177       5.6567
     178       5.8699
     179       6.0039
     180       6.1440
     181       6.0707
     182       6.0767
     183       5.9737
     184       5.7173
     185       5.8005
     186       5.8467
     187       6.0880
     188       5.8045
     189       5.8689
     190       5.6381
     191       5.9981
     192       5.8047
     193       6.0065
     194       5.7658
     195       5.8693
     196       6.0380
     197       5.8849
     198       5.7182
     199       5.8906
     200       5.9969
     201       5.7063
     202       5.9262
     203       6.0363
     204       6.5159
     205       5.7532
     206       5.6646
     207       5.8289
     208       6.3646
     209       6.2145
     210       5.8474
     211       5.5342
     212       5.9705
     213       5.8293
     214       5.5963
     215       5.8522
     216       6.0318
     217       5.8065
     218       5.8447
     219       5.5763
     220       5.6949
     221       5.6918
     222       5.9657
     223       5.7452
     224       6.0014
     225       5.5556
     226       6.1359
     227       5.8301
     228       6.0899
     229       6.3072
     230       6.1242
     231       5.9881
     232       6.1626
     233       5.7667
     234       5.8843
     235       6.1330
     236       6.1905
     237       5.8010
     238       5.9091
     239       6.0961
     240       5.7673
     241       5.5276
     242       6.0305
     243       6.0137
     244       5.7387
     245       5.6166
     246       5.7844
     247       5.8355
     248       6.0629
     249       5.5754
     250       6.1837
     251       5.7442
     252       5.9574
     253       5.6038
     254       5.7357
     255       6.1846
     256       6.2165
     257       6.1695
     258       5.8494
     259       5.5523
     260       5.9603
     261       5.7610
     262       6.2867
     263       5.5865
     264       6.0256
     265       5.7899
     266       5.8195
     267       5.8933
     268       6.0147
     269       5.9275
     270       5.7339
     271       5.8092
     272       5.8627
     273       5.8633
     274       5.9060
     275       6.1696
     276       5.8454
     277       6.0054
     278       6.2874
     279       5.9227
     280       6.0256
     281       6.0416
     282       5.5920
     283       5.4201
     284       5.5996
     285       6.1475
     286       6.0646
     287       6.0481
     288       6.1708
     289       5.8232
     290       5.8424
     291       5.8317
     292       5.9036
     293       5.8829
     294       5.4753
     295       5.9950
     296       5.8581
     297       5.9573
     298       5.9627
     299       5.8922
     300       5.8893
     301       5.9003
     302       5.1248
     303       5.9226
     304       6.1689
     305       6.0129
     306       5.7430
     307       5.8197
     308       5.9109
     309       6.2971
     310       6.1067
     311       5.8937
     312       5.5739
     313       5.8868
     314       5.8673
     315       5.6742
     316       5.9014
     317       5.8661
     318       5.9677
     319       6.0100
     320       6.0249
     321       6.0335
     322       5.8280
     323       5.6603
     324       5.8658
     325       6.1361
     326       5.7679
     327       5.7283
     328       5.9159
     329       5.8273
     330       5.7354
     331       5.9687
     332       5.9279
     333       5.7754
     334       5.9120
     335       5.7295
     336       5.7835
     337       6.0091
     338       5.7081
     339       6.2361
     340       5.6256
     341       5.9441
     342       6.1895
     343       6.1430
     344       5.7025
     345       5.8396
     346       5.5077
     347       6.0731
     348       5.5852
     349       5.6736
     350       6.1692
     351       6.0103
     352       6.1194
     353       6.0023
     354       6.2017
     355       5.9071
     356       5.7749
     357       5.4541
     358       5.7902
     359       5.4482
     360       6.1723
     361       6.0942
     362       5.8552
     363       5.7917
     364       5.4641
     365       5.8687
     366       6.0429
     367       5.8194
     368       5.7141
     369       5.8728
     370       6.2134
     371       5.5754
     372       5.9059
     373       5.5739
     374       5.6991
     375       5.8280
     376       5.9143
     377       5.7253
     378       6.1226
     379       5.8317
     380       5.9151
     381       6.1931
     382       5.6912
     383       5.5782
     384       5.9454
     385       5.8614
     386       5.9421
     387       5.5694
     388       5.4150
     389       5.8508
     390       6.0753
     391       5.9849
     392       6.0029
     393       5.7340
     394       5.9701
     395       5.9200
     396       5.7349
     397       6.2660
     398       5.9341
     399       5.9174
     400       5.8265
     401       5.6749
     402       5.7490
     403       5.8168
     404       5.9220
     405       5.6898
     406       5.4704
     407       5.8444
     408       5.6688
     409       5.8649
     410       5.8335
     411       6.1745
     412       6.0471
     413       5.7219
     414       6.1825
     415       6.0231
     416       5.8402
     417       5.6269
     418       5.6249
     419       6.1535
     420       5.8273
     421       5.8307
     422       5.5341
     423       5.8106
     424       5.3605
     425       6.1345
     426       5.9583
     427       5.5910
     428       6.0261
     429       5.6485
     430       6.2683
     431       5.8017
     432       5.8588
     433       6.0604
     434       5.6290
     435       5.8732
     436       5.8167
     437       5.8252
     438       6.0955
     439       6.1168
     440       5.8946
     441       5.8877
     442       5.7240
     443       5.9844
     444       5.9660
     445       5.8439
     446       6.0964
     447       5.4074
     448       5.6639
     449       5.8541
     450       5.8847
     451       6.0862
     452       5.5175
     453       6.1044
     454       6.1143
     455       5.5779
     456       6.1409
     457       5.4794
     458       6.2142
     459       5.8748
     460       6.2515
     461       6.0397
     462       5.9948
     463       5.8631
     464       6.0105
     465       5.6904
     466       6.1971
     467       6.1765
     468       5.7427
     469       5.9643
     470       5.9416
     471       5.7152
     472       5.5658
     473       5.4471
     474       5.7067
     475       5.6632
     476       5.8093
     477       6.1970
     478       5.8852
     479       6.0995
     480       6.0172
     481       5.4228
     482       5.7257
     483       6.2646
     484       6.0227
     485       5.8312
     486       6.0970
     487       6.0867
     488       5.9523
     489       5.7180
     490       5.7641
     491       6.0057
     492       6.1560
     493       5.9572
     494       5.8849
     495       6.1358
     496       5.6018
     497       5.8389
     498       5.8029
     499       6.0454
     500       6.1346
     501       5.6970
     502       5.9938
     503       5.8721
     504       5.8850
     505       5.8508
     506       5.7002
     507       5.6949
     508       5.9658
     509       5.6447
     510       5.9174
     511       5.7945
     512       6.1529
     513       5.8999
     514       6.1618
     515       5.5199
     516       5.5142
     517       6.0063
     518       5.8429
     519       5.7388
     520       6.0459
     521       6.1723
     522       5.6621
     523       5.5605
     524       6.1533
     525       5.7012
     526       5.8245
     527       5.8118
     528       5.9856
     529       5.8654
     530       5.8690
     531       5.9677
     532       5.9571
     533       5.8786
     534       5.9625
     535       5.9549
     536       5.8124
     537       5.9700
     538       5.8183
     539       5.9544
     540       5.6047
     541       5.6402
     542       6.0198
     543       5.8638
     544       6.0792
     545       5.8162
     546       5.7529
     547       5.7242
     548       5.9459
     549       5.9920
     550       5.9568
     551       5.5857
     552       5.8065
     553       5.7975
     554       5.4480
     555       5.9951
     556       6.2141
     557       5.6500
     558       5.4877
     559       5.6911
     560       5.9668
     561       5.4454
     562       5.7416
     563       5.6642
     564       6.0336
     565       5.8098
     566       6.0099
     567       5.8931
     568       5.8522
     569       5.9595
     570       5.9313
     571       5.8330
     572       5.8972
     573       6.1074
     574       6.2423
     575       5.7316
     576       6.0852
     577       5.9436
     578       5.8486
     579       5.6236
     580       5.9488
     581       6.1786
     582       6.0254
     583       6.2416
     584       5.9442
     585       6.1923
     586       5.8238
     587       5.9989
     588       6.3688
     589       5.8835
     590       6.0509
     591       5.7294
     592       5.8834
     593       6.1958
     594       5.8924
     595       5.6824
     596       5.6177
     597       6.1976
     598       5.6679
     599       5.9210
     600       6.0422
     601       5.8098
     602       6.1717
     603       5.9725
     604       6.2837
     605       5.8446
     606       5.9226
     607       5.9493
     608       5.9078
     609       6.0098
     610       6.2119
     611       5.9191
     612       5.3110
     613       5.9532
     614       5.6451
     615       5.9455
     616       6.1413
     617       6.0406
     618       5.8074
     619       5.9116
     620       5.9114
     621       6.0314
     622       6.1258
     623       6.1068
     624       5.8440
     625       6.0035
     626       6.3067
     627       6.0351
     628       5.7225
     629       5.9073
     630       5.9791
     631       6.1263
     632       5.7479
     633       6.0218
     634       5.9403
     635       5.9390
     636       6.3104
     637       5.8621
     638       6.1319
     639       5.8068
     640       6.1347
     641       6.1880
     642       5.7644
     643       6.0751
     644       5.9687
     645       5.7953
     646       5.6969
     647       6.3663
     648       6.1322
     649       5.9394
     650       5.8784
     651       6.0900
     652       5.8431
     653       6.1462
     654       5.7905
     655       5.8606
     656       5.8344
     657       5.7545
     658       6.2139
     659       6.0439
     660       5.9397
     661       5.6346
     662       5.7433
     663       6.2552
     664       5.8708
     665       5.9128
     666       5.9084
     667       6.0515
     668       5.8707
     669       6.1335
     670       5.9686
     671       5.9603
     672       5.7538
     673       6.1684
     674       5.5328
     675       5.6376
     676       5.9113
     677       5.6792
     678       6.0652
     679       6.0554
     680       5.7150
     681       6.1171
     682       6.4094
     683       5.8106
     684       6.1732
     685       5.9592
     686       5.7331
     687       5.8065
     688       5.7752
     689       6.3025
     690       5.5268
     691       5.9396
     692       5.8814
     693       6.1858
     694       6.0711
     695       5.7877
     696       5.6357
     697       5.8970
     698       5.9820
     699       6.0535
     700       6.1535
     701       6.0841
     702       6.2316
     703       6.1257
     704       6.1808
     705       6.1215
     706       5.7990
     707       5.9242
     708       5.8983
     709       6.1110
     710       6.2037
     711       5.6644
     712       6.1350
     713       5.9986
     714       5.9126
     715       5.9730
     716       5.7957
     717       5.7860
     718       5.6785
     719       5.8604
     720       6.0154
     721       6.0183
     722       5.9919
     723       5.6152
     724       5.7429
     725       5.7767
     726       5.7420
     727       5.5902
     728       5.6003
     729       5.9393
     730       5.9839
     731       5.9696
     732       5.7499
     733       5.5945
     734       5.9064
     735       5.4617
     736       5.8195
     737       6.1375
     738       5.9323
     739       5.9475
     740       6.0478
     741       6.2005
     742       5.6490
     743       5.6300
     744       6.0290
     745       6.0003
     746       5.9322
     747       5.4906
     748       5.7988
     749       5.8772
     750       5.8500
     751       6.3807
     752       5.6367
     753       6.0252
     754       6.1100
     755       6.0430
     756       5.8802
     757       6.0578
     758       5.8448
     759       6.2702
     760       5.7712
     761       5.5754
     762       5.7103
     763       5.8523
     764       5.5431
     765       5.5003
     766       5.9458
     767       5.6435
     768       6.2002
     769       5.7337
     770       5.9215
     771       5.9772
     772       6.3066
     773       5.9738
     774       5.8402
     775       6.1865
     776       5.8197
     777       6.0139
     778       6.2204
     779       5.8826
     780       6.1493
     781       5.7960
     782       5.6908
     783       6.1678
     784       6.0113
     785       5.8641
     786       5.4167
     787       6.0425
     788       5.8076
     789       5.9625
     790       5.8681
     791       5.5363
     792       5.9902
     793       6.1249
     794       5.6357
     795       5.7420
     796       6.0680
     797       5.6132
     798       5.7939
     799       5.5572
     800       6.0136
     801       6.0151
     802       5.9392
     803       5.7303
     804       5.7237
     805       5.1870
     806       6.1115
     807       5.7602
     808       5.9559
     809       6.0259
     810       6.2454
     811       5.6578
     812       5.7720
     813       5.9511
     814       6.0468
     815       6.0038
     816       6.0209
     817       6.2255
     818       5.8438
     819       5.4154
     820       6.2953
     821       6.1059
     822       5.9923
     823       5.8979
     824       5.7184
     825       5.6630
     826       6.1123
     827       6.0538
     828       6.1731
     829       6.2052
     830       6.0790
     831       5.5480
     832       5.7721
     833       5.5855
     834       5.8944
     835       6.1994
     836       5.9087
     837       5.7223
     838       5.6485
     839       5.7156
     840       5.6146
     841       5.8071
     842       5.9115
     843       6.2434
     844       5.7975
     845       6.0115
     846       6.1017
     847       5.6327
     848       6.0885
     849       5.9813
     850       5.7748
     851       6.0001
     852       6.0818
     853       5.7296
     854       5.9730
     855       6.1345
     856       6.0617
     857       5.7185
     858       6.2711
     859       5.8906
     860       5.6043
     861       5.7688
     862       6.1298
     863       6.0805
     864       5.5740
     865       5.9816
     866       6.0403
     867       5.9745
     868       5.9896
     869       6.3793
     870       5.8088
     871       6.2040
     872       5.9688
     873       6.2502
     874       6.2279
     875       6.0660
     876       5.5169
     877       5.8978
     878       5.6180
     879       6.0844
     880       6.1625
     881       6.1219
     882       5.8890
     883       5.9625
     884       6.1372
     885       6.0965
     886       6.0463
     887       5.8734
     888       6.0103
     889       5.8522
     890       6.1706
     891       6.0987
     892       5.9087
     893       5.4383
     894       5.9736
     895       6.1765
     896       5.7901
     897       6.3888
     898       6.0002
     899       6.4225
     900       6.2083
     901       5.9780
     902       6.1479
     903       6.0261
     904       5.6445
     905       5.9238
     906       6.3785
     907       5.8818
     908       5.9364
     909       6.3267
     910       6.2828
     911       6.2008
     912       5.9639
     913       6.0069
     914       6.1338
     915       5.6003
     916       5.8963
     917       5.9590
     918       5.8859
     919       5.7092
     920       6.2269
     921       6.2733
     922       6.0971
     923       5.8271
     924       5.6078
     925       5.6888
     926       6.1170
     927       5.9060
     928       6.2212
     929       5.7345
     930       5.6963
     931       5.7698
     932       6.0598
     933       5.9246
     934       5.4393
     935       6.0818
     936       6.1390
     937       5.6426
     938       6.1535
     939       5.6946
     940       6.1055
     941       5.8653
     942       6.0022
     943       5.9068
     944       6.2069
     945       6.0027
     946       6.0403
     947       6.0015
     948       6.0435
     949       5.9115
     950       5.7183
     951       5.8332
     952       5.5397
     953       6.2146
     954       6.1058
     955       5.8620
     956       5.8021
     957       6.1954
     958       6.0914
     959       6.0147
     960       6.0575
     961       6.1985
     962       5.7771
     963       6.0857
     964       6.1477
     965       6.4062
     966       6.0538
     967       6.3083
     968       6.2660
     969       6.1122
     970       5.7847
     971       6.1082
     972       5.8518
     973       5.8206
     974       6.0375
     975       5.9410
     976       6.0087
     977       5.8672
     978       5.6301
     979       5.4567
     980       6.0810
     981       5.9167
     982       5.8566
     983       5.8548
     984       6.0296
     985       6.1495
     986       5.4531
     987       5.5629
     988       6.2290
     989       5.9301
     990       5.6950
     991       5.9376
     992       5.8529
     993       6.0778
     994       5.6908
     995       5.7937
     996       5.8309
     997       5.6813
     998       6.0778
     999       5.7660
    1000       5.6897
