#Frame       C45-C133
       1       1.9969
       2       2.0546
       3       2.0157
       4       2.0166
       5       2.0287
       6       2.0914
       7       2.0105
       8       2.0541
       9       1.9959
      10       2.0208
      11       1.9864
      12       2.0461
      13       1.9589
      14       2.0528
      15       2.0376
      16       2.0542
      17       2.0620
      18       2.0890
      19       2.0111
      20       2.0324
      21       2.0436
      22       2.0446
      23       2.0151
      24       2.0631
      25       2.0159
      26       2.0181
      27       2.1155
      28       2.0514
      29       2.0097
      30       2.0689
      31       1.9829
      32       2.0468
      33       2.0528
      34       2.0791
      35       2.0956
      36       2.1089
      37       2.0804
      38       2.0055
      39       2.0356
      40       2.0347
      41       1.9499
      42       1.9936
      43       2.1077
      44       1.9985
      45       1.9619
      46       2.0760
      47       2.0464
      48       2.0480
      49       2.0327
      50       2.0453
      51       1.9978
      52       1.9658
      53       2.0477
      54       2.0443
      55       2.0753
      56       2.0515
      57       2.0493
      58       1.9809
      59       2.0622
      60       1.9916
      61       2.0917
      62       2.0550
      63       2.1109
      64       2.0021
      65       2.0529
      66       2.0578
      67       2.0394
      68       1.9735
      69       2.0492
      70       2.0240
      71       2.0437
      72       2.0599
      73       1.9813
      74       1.9837
      75       2.0800
      76       1.9758
      77       1.9980
      78       2.0536
      79       2.0419
      80       1.9764
      81       1.9925
      82       2.0545
      83       1.9965
      84       2.0625
      85       2.0483
      86       2.0206
      87       2.0427
      88       2.0689
      89       2.0537
      90       2.0087
      91       2.0431
      92       2.0103
      93       2.0667
      94       2.0387
      95       2.0840
      96       2.0552
      97       2.0268
      98       2.0253
      99       1.9794
     100       2.0253
     101       2.0098
     102       1.9931
     103       2.0272
     104       1.9873
     105       1.9878
     106       2.1235
     107       1.9778
     108       2.0566
     109       2.0742
     110       2.0477
     111       2.0077
     112       2.0111
     113       2.0371
     114       2.0766
     115       2.0221
     116       1.9797
     117       1.9893
     118       2.0400
     119       2.0165
     120       2.1185
     121       1.9887
     122       2.0348
     123       2.0218
     124       2.0554
     125       1.9716
     126       2.0389
     127       2.0231
     128       1.9874
     129       2.0581
     130       1.9977
     131       2.0852
     132       2.0262
     133       2.0547
     134       2.0038
     135       2.0318
     136       2.0130
     137       2.0661
     138       2.0534
     139       2.0536
     140       2.1066
     141       1.9964
     142       2.0816
     143       2.0710
     144       2.0622
     145       2.0412
     146       2.0355
     147       2.0554
     148       2.0561
     149       2.0424
     150       1.9973
     151       1.9999
     152       2.0407
     153       2.1085
     154       2.0225
     155       2.0395
     156       2.0431
     157       2.0371
     158       2.0347
     159       2.0510
     160       2.0501
     161       1.9938
     162       2.0295
     163       2.0280
     164       1.9199
     165       2.0140
     166       2.0550
     167       2.0606
     168       2.0116
     169       2.0173
     170       1.9972
     171       2.0526
     172       1.9607
     173       1.9283
     174       1.9218
     175       2.0909
     176       2.0330
     177       2.0223
     178       2.0198
     179       1.9964
     180       2.0803
     181       2.0860
     182       1.9136
     183       2.0021
     184       2.0272
     185       2.0193
     186       2.0455
     187       2.0498
     188       1.9756
     189       2.0308
     190       1.9977
     191       2.0144
     192       2.0866
     193       2.1031
     194       2.0510
     195       1.9968
     196       2.0517
     197       1.9955
     198       1.9932
     199       2.0383
     200       2.0408
     201       2.0155
     202       2.0796
     203       1.9859
     204       2.0556
     205       2.0059
     206       2.0093
     207       2.0815
     208       2.0681
     209       2.0161
     210       1.9942
     211       2.0164
     212       2.0640
     213       2.0059
     214       2.0374
     215       2.0245
     216       1.9713
     217       1.9793
     218       1.9554
     219       2.0399
     220       2.0521
     221       2.0411
     222       2.0335
     223       1.9536
     224       2.0626
     225       2.0197
     226       2.1086
     227       2.0392
     228       2.0045
     229       2.0955
     230       2.0201
     231       2.0644
     232       2.1374
     233       1.9825
     234       2.0038
     235       2.0610
     236       1.9924
     237       2.0770
     238       2.0559
     239       2.0313
     240       2.0263
     241       2.0288
     242       2.0354
     243       2.0571
     244       2.0895
     245       1.9961
     246       2.0823
     247       2.0349
     248       2.0018
     249       2.0293
     250       2.0299
     251       2.0112
     252       2.0578
     253       2.0317
     254       2.0044
     255       2.0358
     256       2.0386
     257       1.9835
     258       2.0253
     259       2.0469
     260       1.9842
     261       2.0127
     262       2.0657
     263       2.0003
     264       2.0641
     265       2.0383
     266       2.0245
     267       1.9901
     268       2.0438
     269       2.0641
     270       2.0812
     271       2.0252
     272       2.0244
     273       1.9756
     274       1.9955
     275       1.9821
     276       2.0841
     277       1.9416
     278       2.0626
     279       2.0110
     280       2.0731
     281       2.0657
     282       2.1109
     283       2.0322
     284       1.9925
     285       1.9200
     286       2.0296
     287       2.0936
     288       2.0880
     289       2.0628
     290       2.0182
     291       1.9992
     292       2.0957
     293       1.9973
     294       1.9872
     295       2.1154
     296       1.9880
     297       2.0941
     298       2.0883
     299       2.0317
     300       2.0691
     301       1.9625
     302       2.0833
     303       1.9653
     304       2.0642
     305       2.0584
     306       1.9580
     307       2.0261
     308       2.0407
     309       2.0368
     310       2.0447
     311       2.0398
     312       2.0164
     313       2.0505
     314       1.9709
     315       1.9569
     316       1.9708
     317       2.0372
     318       1.9478
     319       1.9360
     320       2.0610
     321       2.0420
     322       2.0128
     323       2.0281
     324       2.0664
     325       1.9975
     326       2.0449
     327       2.0081
     328       1.9986
     329       1.9909
     330       2.0474
     331       2.0597
     332       1.9988
     333       2.1136
     334       2.0025
     335       2.0571
     336       2.0622
     337       2.0487
     338       2.0291
     339       2.0554
     340       2.0860
     341       2.0281
     342       2.0851
     343       2.0453
     344       2.0515
     345       2.0472
     346       1.9615
     347       2.0564
     348       2.0195
     349       2.0597
     350       2.0221
     351       2.0069
     352       2.0347
     353       2.0449
     354       2.0469
     355       2.0203
     356       2.0064
     357       2.0227
     358       1.9605
     359       2.0301
     360       2.0514
     361       1.9838
     362       2.0392
     363       2.0797
     364       1.9773
     365       1.9959
     366       2.0708
     367       1.9575
     368       2.0579
     369       2.0177
     370       2.0449
     371       1.9555
     372       2.0579
     373       2.0455
     374       2.1008
     375       2.0191
     376       2.0047
     377       1.9941
     378       1.9660
     379       2.0305
     380       1.9832
     381       2.0648
     382       2.0376
     383       1.9904
     384       2.0214
     385       2.0168
     386       1.9783
     387       2.0274
     388       2.0624
     389       1.9936
     390       2.0525
     391       2.0172
     392       2.0445
     393       2.0246
     394       2.0532
     395       2.0419
     396       1.9976
     397       2.0220
     398       2.1064
     399       2.0600
     400       2.0263
     401       2.0604
     402       2.0487
     403       2.0933
     404       2.0219
     405       1.9951
     406       2.0747
     407       2.0351
     408       2.0255
     409       2.0920
     410       2.0030
     411       2.0424
     412       2.0444
     413       1.9775
     414       2.0623
     415       2.0576
     416       2.0273
     417       1.9288
     418       2.0094
     419       2.0244
     420       1.9645
     421       2.0017
     422       1.9939
     423       2.0138
     424       2.0075
     425       2.0942
     426       2.0434
     427       2.0000
     428       2.0299
     429       1.9983
     430       2.0765
     431       1.9988
     432       1.9889
     433       2.0838
     434       1.9916
     435       2.0632
     436       2.0673
     437       1.9844
     438       2.0007
     439       1.9824
     440       1.9622
     441       2.0772
     442       2.0342
     443       1.9881
     444       1.9819
     445       2.0582
     446       2.0337
     447       2.0044
     448       2.0568
     449       2.0644
     450       2.0485
     451       2.0765
     452       1.9865
     453       2.0419
     454       1.9912
     455       2.0737
     456       2.0076
     457       1.9900
     458       2.0277
     459       2.1139
     460       2.1149
     461       2.0491
     462       1.9759
     463       2.0181
     464       2.0206
     465       2.0656
     466       2.0242
     467       2.0603
     468       2.0124
     469       2.0340
     470       2.0610
     471       1.9791
     472       1.9897
     473       1.9974
     474       2.0251
     475       2.0266
     476       1.9743
     477       2.0003
     478       1.9916
     479       2.0008
     480       2.0300
     481       1.9139
     482       1.9397
     483       2.0374
     484       2.0179
     485       2.0203
     486       2.0204
     487       1.9883
     488       2.0179
     489       1.9592
     490       2.0656
     491       1.9543
     492       1.9084
     493       2.1293
     494       2.0496
     495       2.0533
     496       1.9900
     497       2.0569
     498       2.0069
     499       2.1055
     500       2.0204
     501       2.0368
     502       2.0391
     503       2.0808
     504       1.9853
     505       2.0096
     506       1.9117
     507       1.9975
     508       2.0138
     509       2.0262
     510       2.0149
     511       2.0826
     512       1.9747
     513       2.1018
     514       1.9453
     515       1.9473
     516       2.0359
     517       2.0245
     518       1.9828
     519       2.0869
     520       2.0871
     521       2.0522
     522       2.0008
     523       2.0795
     524       2.0366
     525       2.0477
     526       2.0635
     527       2.0086
     528       2.0663
     529       2.0357
     530       2.0098
     531       2.0432
     532       2.1027
     533       2.0130
     534       2.0979
     535       2.0354
     536       2.0193
     537       1.9880
     538       2.0371
     539       2.0939
     540       2.0341
     541       2.0201
     542       2.0009
     543       2.0198
     544       1.9939
     545       2.0627
     546       2.0255
     547       2.0671
     548       1.9898
     549       2.0546
     550       2.0988
     551       2.0757
     552       2.0078
     553       2.0604
     554       2.0367
     555       2.0153
     556       2.0423
     557       1.9998
     558       2.0474
     559       2.0097
     560       2.0625
     561       2.0210
     562       2.0767
     563       1.9891
     564       2.1654
     565       1.9991
     566       1.9568
     567       2.0348
     568       2.0168
     569       2.0452
     570       1.9896
     571       1.9509
     572       1.9867
     573       1.9694
     574       2.0177
     575       2.0584
     576       2.0187
     577       2.0625
     578       2.0203
     579       1.9988
     580       2.0002
     581       1.9569
     582       1.9881
     583       2.0726
     584       2.0594
     585       2.0015
     586       2.0111
     587       2.0377
     588       2.0070
     589       1.9766
     590       2.0743
     591       2.0076
     592       2.0000
     593       2.0088
     594       1.9981
     595       1.9741
     596       2.1125
     597       2.0674
     598       2.0243
     599       2.0503
     600       2.0273
     601       2.0282
     602       2.0395
     603       2.0230
     604       2.0022
     605       2.0470
     606       2.0040
     607       2.0303
     608       2.0020
     609       2.0612
     610       2.0305
     611       2.0479
     612       2.0409
     613       2.1150
     614       2.0646
     615       1.9944
     616       2.0553
     617       2.0744
     618       2.0248
     619       2.0404
     620       2.0087
     621       1.9747
     622       2.0371
     623       2.0483
     624       2.0058
     625       1.9797
     626       2.1029
     627       2.0484
     628       2.0678
     629       2.0767
     630       1.9810
     631       2.0248
     632       1.9803
     633       1.9651
     634       2.0760
     635       2.0405
     636       2.0360
     637       2.0151
     638       2.0068
     639       2.1012
     640       1.9950
     641       1.9315
     642       2.0868
     643       2.0466
     644       2.0383
     645       2.0128
     646       2.0214
     647       2.0280
     648       1.9971
     649       2.0407
     650       2.0196
     651       2.0616
     652       1.8959
     653       2.0019
     654       2.0774
     655       1.9541
     656       2.0883
     657       2.0878
     658       2.0368
     659       2.0232
     660       2.0144
     661       1.9876
     662       2.0873
     663       2.0282
     664       2.0303
     665       1.9745
     666       2.1193
     667       2.0320
     668       2.0270
     669       1.9825
     670       2.0200
     671       2.0882
     672       1.9917
     673       2.0104
     674       1.9451
     675       2.0059
     676       2.0818
     677       2.0225
     678       2.0131
     679       2.0254
     680       2.0279
     681       1.9324
     682       2.0969
     683       2.0444
     684       1.9970
     685       2.0311
     686       2.0441
     687       1.9325
     688       2.0468
     689       1.9867
     690       2.0161
     691       2.0702
     692       2.0327
     693       2.0431
     694       2.0544
     695       1.9790
     696       1.9811
     697       2.0287
     698       1.9930
     699       1.9810
     700       2.0541
     701       2.0458
     702       2.0089
     703       2.0807
     704       2.0739
     705       2.0869
     706       2.0044
     707       2.0044
     708       2.0502
     709       2.0454
     710       1.9835
     711       1.9399
     712       1.9956
     713       1.9831
     714       2.0571
     715       2.0781
     716       2.0761
     717       1.9977
     718       2.0746
     719       2.0931
     720       2.0283
     721       2.0162
     722       2.0827
     723       2.0300
     724       2.0872
     725       2.0222
     726       2.0716
     727       2.1033
     728       1.9898
     729       1.9935
     730       2.0669
     731       1.9625
     732       1.9784
     733       1.9416
     734       2.0032
     735       2.0377
     736       2.0794
     737       2.0745
     738       2.0198
     739       1.9709
     740       2.0702
     741       2.0774
     742       2.0003
     743       1.9999
     744       2.0127
     745       2.0807
     746       2.0564
     747       2.0555
     748       2.0270
     749       2.0598
     750       2.0645
     751       2.0820
     752       1.9947
     753       2.0784
     754       2.0039
     755       2.0861
     756       1.9835
     757       2.0219
     758       1.9821
     759       2.0033
     760       1.9762
     761       2.0019
     762       1.9502
     763       1.9426
     764       2.0026
     765       1.9592
     766       2.0175
     767       2.0153
     768       2.0859
     769       2.0452
     770       1.9682
     771       1.9935
     772       2.0276
     773       1.9863
     774       1.9983
     775       2.0766
     776       2.0094
     777       2.0266
     778       2.0514
     779       2.0626
     780       1.9918
     781       2.0337
     782       2.0108
     783       2.0554
     784       2.0682
     785       2.0528
     786       2.0981
     787       2.0727
     788       2.0111
     789       2.0132
     790       2.0453
     791       2.0163
     792       2.0466
     793       2.0634
     794       1.9934
     795       2.0267
     796       2.0851
     797       2.0450
     798       1.9612
     799       2.0002
     800       1.9972
     801       1.9910
     802       2.0567
     803       2.0156
     804       2.0092
     805       2.0311
     806       2.0992
     807       2.0230
     808       2.0026
     809       2.0523
     810       2.1056
     811       2.0328
     812       2.0260
     813       2.0460
     814       2.0031
     815       2.0662
     816       2.1359
     817       2.0643
     818       2.0199
     819       2.0357
     820       2.0719
     821       2.0343
     822       1.9502
     823       2.0454
     824       1.9316
     825       2.0224
     826       2.0331
     827       2.0597
     828       1.9908
     829       1.9762
     830       2.0596
     831       1.9946
     832       2.0044
     833       2.0099
     834       2.0505
     835       2.0798
     836       2.0596
     837       2.1018
     838       1.9719
     839       2.0397
     840       2.0352
     841       2.0464
     842       2.0500
     843       2.0643
     844       2.0317
     845       2.0708
     846       2.0509
     847       1.9841
     848       2.0853
     849       1.9729
     850       2.0248
     851       2.0429
     852       2.0748
     853       1.9990
     854       2.0955
     855       2.0080
     856       2.0586
     857       1.9913
     858       2.0480
     859       2.0364
     860       2.0047
     861       1.9832
     862       2.0240
     863       2.1088
     864       2.0712
     865       2.0119
     866       2.0907
     867       2.0061
     868       2.0575
     869       2.0558
     870       2.0368
     871       2.0136
     872       2.0323
     873       2.0797
     874       2.0907
     875       2.0408
     876       2.0326
     877       1.9609
     878       2.0900
     879       2.0404
     880       2.0526
     881       1.9703
     882       2.0697
     883       2.0645
     884       2.0333
     885       2.0322
     886       2.0929
     887       2.0167
     888       2.0231
     889       2.0127
     890       2.0161
     891       2.0279
     892       2.0475
     893       2.0178
     894       2.0180
     895       2.0333
     896       2.0710
     897       2.0249
     898       2.0017
     899       2.0301
     900       2.0131
     901       2.1180
     902       2.0737
     903       1.9591
     904       2.0723
     905       2.0175
     906       1.9821
     907       2.0355
     908       1.9930
     909       2.0200
     910       2.0644
     911       2.0944
     912       1.9151
     913       2.0248
     914       1.9946
     915       2.0161
     916       2.0451
     917       2.0227
     918       2.0425
     919       1.9893
     920       2.0973
     921       2.0248
     922       1.9831
     923       2.0351
     924       2.0039
     925       1.9959
     926       2.0676
     927       2.0263
     928       1.9560
     929       2.0117
     930       2.1240
     931       2.0284
     932       2.0298
     933       1.9879
     934       2.0071
     935       2.1098
     936       2.0219
     937       2.0223
     938       2.0335
     939       2.0299
     940       2.0450
     941       1.9610
     942       2.0496
     943       1.9684
     944       2.0124
     945       2.0461
     946       2.0371
     947       1.9986
     948       2.0739
     949       2.0876
     950       2.0141
     951       2.0133
     952       2.0012
     953       2.1128
     954       2.1148
     955       2.0992
     956       1.9528
     957       2.0474
     958       1.9607
     959       2.0355
     960       1.9862
     961       2.0704
     962       2.0565
     963       2.1205
     964       2.0460
     965       2.0350
     966       2.0061
     967       2.0180
     968       2.0184
     969       1.9959
     970       2.0405
     971       1.9901
     972       2.0483
     973       2.0993
     974       2.0963
     975       2.0510
     976       1.9988
     977       1.9822
     978       2.0079
     979       1.8962
     980       2.0327
     981       2.0440
     982       1.9762
     983       2.0520
     984       2.0505
     985       2.0026
     986       2.0752
     987       2.0426
     988       1.9577
     989       2.0025
     990       2.0737
     991       2.0332
     992       2.0549
     993       1.9858
     994       1.9866
     995       2.0825
     996       1.9933
     997       2.0502
     998       2.0543
     999       2.0349
    1000       2.0364
