#Frame      M1-M2-COM
       1      22.6705
       2      21.1868
       3      22.7123
       4      21.8603
       5      22.3251
       6      22.0261
       7      22.8240
       8      23.0746
       9      22.6870
      10      22.1233
      11      23.0500
      12      22.7011
      13      22.6998
      14      22.8338
      15      21.7776
      16      23.0322
      17      22.3965
      18      23.3262
      19      23.3686
      20      22.5174
      21      22.3089
      22      22.5074
      23      21.6045
      24      21.3547
      25      21.7687
      26      21.7533
      27      22.0806
      28      21.5732
      29      21.2922
      30      21.5368
      31      22.8740
      32      22.6246
      33      22.6860
      34      22.9037
      35      22.7428
      36      22.4939
      37      22.3030
      38      22.3196
      39      23.0810
      40      23.0880
      41      22.3849
      42      21.8614
      43      22.1024
      44      23.3881
      45      22.7471
      46      23.0415
      47      22.2641
      48      22.7379
      49      21.5881
      50      22.5033
      51      22.3562
      52      22.2598
      53      21.7876
      54      22.9846
      55      22.2300
      56      21.7710
      57      22.5112
      58      22.2670
      59      21.4771
      60      21.7494
      61      21.7885
      62      21.5214
      63      21.8619
      64      22.3011
      65      22.4216
      66      22.9042
      67      21.7800
      68      21.7048
      69      22.8715
      70      22.1035
      71      22.0764
      72      22.1748
      73      22.4025
      74      22.4781
      75      22.3395
      76      22.0251
      77      23.1037
      78      22.4535
      79      22.9248
      80      22.3545
      81      22.2848
      82      21.9811
      83      21.3167
      84      20.7770
      85      21.5951
      86      21.9337
      87      22.6700
      88      23.0807
      89      22.6808
      90      22.2641
      91      22.3986
      92      22.6880
      93      22.1223
      94      22.3058
      95      23.2127
      96      22.6293
      97      22.4077
      98      22.4008
      99      22.0069
     100      22.6533
     101      21.9664
     102      22.8766
     103      21.4286
     104      21.6704
     105      21.9979
     106      22.0361
     107      21.6334
     108      22.3212
     109      21.3567
     110      21.4483
     111      22.4497
     112      22.0783
     113      22.0546
     114      22.3445
     115      21.5929
     116      21.8224
     117      22.7369
     118      22.8919
     119      23.5074
     120      22.3156
     121      22.2598
     122      21.7601
     123      22.3418
     124      22.2317
     125      21.6749
     126      21.6779
     127      22.5000
     128      22.2804
     129      22.1266
     130      22.8720
     131      22.3357
     132      21.7885
     133      22.7624
     134      22.3903
     135      22.5908
     136      22.4035
     137      22.6447
     138      22.9375
     139      23.0938
     140      23.0818
     141      22.5732
     142      23.2281
     143      22.7589
     144      22.8441
     145      21.9086
     146      23.1218
     147      23.2830
     148      23.0562
     149      23.0243
     150      22.5598
     151      22.7557
     152      22.1605
     153      23.3159
     154      22.5181
     155      22.7905
     156      22.6016
     157      22.8695
     158      23.2725
     159      23.0251
     160      22.2998
     161      23.2393
     162      23.3056
     163      22.7923
     164      22.6177
     165      22.7335
     166      22.3782
     167      23.4254
     168      23.0052
     169      23.0066
     170      22.6734
     171      22.7686
     172      22.7077
     173      22.3450
     174      23.1946
     175      22.5493
     176      22.0534
     177      22.5736
     178      22.2270
     179      22.0205
     180      21.8214
     181      22.3190
     182      21.7992
     183      22.8510
     184      22.2945
     185      22.6795
     186      22.2571
     187      22.8406
     188      22.7968
     189      22.4529
     190      22.8879
     191      22.9118
     192      22.5687
     193      22.6486
     194      22.7437
     195      22.7297
     196      23.0148
     197      22.7698
     198      22.8210
     199      23.0738
     200      23.6794
     201      22.2994
     202      22.9353
     203      23.1510
     204      23.7829
     205      22.8444
     206      22.7571
     207      21.9758
     208      23.3416
     209      22.8552
     210      22.4437
     211      21.1990
     212      22.5254
     213      21.8298
     214      22.0867
     215      21.8008
     216      22.8834
     217      22.2716
     218      22.5791
     219      22.5148
     220      21.5014
     221      22.0859
     222      22.9178
     223      22.5138
     224      22.4319
     225      21.7938
     226      22.8954
     227      21.8556
     228      22.2733
     229      22.6869
     230      22.4219
     231      22.3218
     232      22.3751
     233      22.4981
     234      23.1226
     235      22.6247
     236      22.7294
     237      22.5862
     238      22.2841
     239      22.9672
     240      22.7187
     241      22.6671
     242      22.5677
     243      22.9735
     244      22.9350
     245      22.7292
     246      22.4994
     247      22.2110
     248      23.0813
     249      23.2294
     250      23.3798
     251      22.8463
     252      22.9156
     253      22.2188
     254      22.6713
     255      22.8738
     256      23.3178
     257      22.9793
     258      22.6298
     259      22.5057
     260      22.7769
     261      22.5871
     262      23.6160
     263      22.4422
     264      22.8224
     265      23.1315
     266      23.1252
     267      22.9582
     268      23.2176
     269      22.3250
     270      22.6320
     271      22.1079
     272      23.2760
     273      23.5113
     274      22.5172
     275      22.8731
     276      22.2728
     277      22.3255
     278      22.3303
     279      22.9123
     280      22.7921
     281      22.0792
     282      22.4628
     283      22.6910
     284      22.6683
     285      22.9327
     286      23.7851
     287      22.8059
     288      23.4449
     289      22.8237
     290      22.7502
     291      23.2310
     292      22.5618
     293      22.9777
     294      22.8948
     295      23.3382
     296      22.5327
     297      22.5473
     298      22.7774
     299      22.2986
     300      22.5262
     301      22.6129
     302      22.2038
     303      22.2384
     304      23.2459
     305      23.0619
     306      22.6328
     307      22.3832
     308      22.4542
     309      23.1159
     310      23.6651
     311      23.3957
     312      22.0547
     313      22.6353
     314      22.4996
     315      22.1176
     316      22.3690
     317      22.2770
     318      22.3143
     319      22.4097
     320      22.7772
     321      23.0674
     322      22.7066
     323      22.2705
     324      22.2446
     325      22.9596
     326      22.0863
     327      21.9325
     328      22.0741
     329      22.6349
     330      22.5168
     331      22.3785
     332      23.2704
     333      22.4019
     334      22.7896
     335      21.4221
     336      23.1149
     337      22.1956
     338      21.9510
     339      22.8839
     340      21.6074
     341      22.1512
     342      22.6772
     343      22.6517
     344      22.2152
     345      22.0258
     346      22.2642
     347      22.3113
     348      21.9336
     349      21.8355
     350      22.9463
     351      22.0628
     352      22.4544
     353      22.2238
     354      22.6119
     355      21.9950
     356      22.4362
     357      21.6656
     358      22.3033
     359      22.2579
     360      22.2026
     361      22.2433
     362      21.7374
     363      22.1933
     364      22.7386
     365      22.2051
     366      22.9706
     367      21.9886
     368      22.4045
     369      22.1479
     370      23.0513
     371      22.5397
     372      22.4192
     373      21.9765
     374      21.8105
     375      22.1485
     376      22.7011
     377      22.1295
     378      22.0047
     379      22.4776
     380      22.1491
     381      22.1285
     382      21.7227
     383      21.8002
     384      22.1115
     385      21.8299
     386      21.9744
     387      21.6523
     388      21.6348
     389      22.2639
     390      22.4150
     391      22.3410
     392      21.9080
     393      22.2967
     394      22.5291
     395      22.6123
     396      22.0429
     397      22.9547
     398      22.0626
     399      22.9222
     400      21.7664
     401      21.6338
     402      22.8169
     403      21.7662
     404      22.5815
     405      22.1994
     406      22.4196
     407      22.0004
     408      22.5013
     409      22.5420
     410      21.7489
     411      22.0965
     412      22.3173
     413      22.7611
     414      23.0373
     415      22.6933
     416      22.1313
     417      22.3880
     418      22.0668
     419      22.9033
     420      22.4107
     421      22.1456
     422      21.3711
     423      21.9357
     424      22.0198
     425      23.0267
     426      22.6831
     427      22.7210
     428      22.7959
     429      22.7010
     430      22.6250
     431      22.1007
     432      21.6694
     433      22.6992
     434      21.8170
     435      21.2500
     436      22.0151
     437      21.6032
     438      22.2238
     439      22.4420
     440      22.0923
     441      22.5611
     442      21.7545
     443      22.2140
     444      22.0300
     445      22.4100
     446      22.9220
     447      22.3509
     448      21.7984
     449      22.2115
     450      22.1570
     451      22.6297
     452      22.2701
     453      22.5881
     454      23.4050
     455      22.5991
     456      22.4198
     457      22.1397
     458      22.6002
     459      22.3142
     460      22.9195
     461      22.9862
     462      22.4730
     463      22.1179
     464      22.2353
     465      22.2376
     466      22.3555
     467      22.3822
     468      21.8535
     469      22.5938
     470      22.3032
     471      21.9212
     472      22.2897
     473      22.7874
     474      22.1814
     475      21.7856
     476      22.6898
     477      22.9809
     478      22.4941
     479      22.1806
     480      22.5375
     481      22.2406
     482      21.9696
     483      22.8169
     484      22.2148
     485      22.6545
     486      22.4909
     487      22.2378
     488      23.3845
     489      23.1327
     490      22.7490
     491      22.7558
     492      22.8426
     493      22.6252
     494      22.6673
     495      23.4855
     496      22.1539
     497      22.5735
     498      23.0979
     499      22.0112
     500      22.4647
     501      22.0441
     502      21.9265
     503      21.7830
     504      22.3773
     505      22.1717
     506      22.3477
     507      21.4765
     508      21.4645
     509      22.0371
     510      23.0479
     511      22.9052
     512      22.2726
     513      22.6345
     514      22.4839
     515      21.8999
     516      22.1357
     517      22.0012
     518      22.4815
     519      22.5554
     520      23.0733
     521      22.4279
     522      21.8440
     523      22.2459
     524      23.6167
     525      23.1418
     526      23.4250
     527      22.0401
     528      22.7536
     529      22.0614
     530      22.0090
     531      22.3284
     532      22.0842
     533      21.9308
     534      22.2072
     535      21.6432
     536      22.4476
     537      21.5046
     538      22.8468
     539      22.7058
     540      22.0682
     541      21.6563
     542      22.5264
     543      22.2275
     544      22.0972
     545      22.9332
     546      22.8384
     547      22.5257
     548      22.3957
     549      22.7880
     550      22.8693
     551      22.0181
     552      21.5868
     553      22.0473
     554      21.6019
     555      22.9106
     556      22.6597
     557      22.6521
     558      21.7144
     559      22.3956
     560      23.0669
     561      21.9003
     562      22.5513
     563      22.2255
     564      22.3616
     565      21.7476
     566      22.3061
     567      22.1335
     568      22.1638
     569      22.1989
     570      22.7077
     571      21.9047
     572      22.6307
     573      22.9767
     574      23.3329
     575      22.3560
     576      22.7916
     577      23.2960
     578      23.1107
     579      22.2231
     580      22.7344
     581      22.7727
     582      22.2099
     583      22.7657
     584      22.7332
     585      23.2428
     586      23.1308
     587      22.9670
     588      23.2892
     589      21.9408
     590      22.9498
     591      22.0410
     592      22.4467
     593      22.4520
     594      22.1898
     595      22.3368
     596      20.8505
     597      22.1251
     598      21.9455
     599      22.2704
     600      22.0772
     601      21.7644
     602      22.7629
     603      22.5670
     604      22.3528
     605      22.8819
     606      22.6446
     607      22.0378
     608      22.2208
     609      22.7765
     610      23.3504
     611      22.0129
     612      21.8575
     613      22.6143
     614      22.0049
     615      22.8530
     616      22.1454
     617      22.2702
     618      22.0277
     619      22.1215
     620      22.2562
     621      22.8648
     622      22.3671
     623      22.5098
     624      22.1101
     625      22.9429
     626      22.9502
     627      22.5632
     628      22.0735
     629      21.9946
     630      22.4759
     631      22.5083
     632      21.9297
     633      22.3439
     634      22.1150
     635      22.9060
     636      22.9428
     637      22.5730
     638      22.6924
     639      22.3379
     640      23.1611
     641      22.4092
     642      22.6835
     643      22.2597
     644      22.2359
     645      22.2712
     646      22.2357
     647      22.7511
     648      22.7319
     649      22.3007
     650      22.1275
     651      22.1451
     652      21.8606
     653      22.2430
     654      22.0912
     655      22.0555
     656      22.0029
     657      21.6785
     658      22.9862
     659      22.7731
     660      21.6780
     661      22.1312
     662      22.3089
     663      23.0231
     664      22.3157
     665      22.6960
     666      22.5520
     667      22.7903
     668      22.9160
     669      22.4087
     670      22.0402
     671      22.5538
     672      22.7248
     673      22.9359
     674      21.7709
     675      22.1301
     676      22.6632
     677      22.6525
     678      22.4952
     679      22.5745
     680      22.5782
     681      22.5251
     682      22.8999
     683      22.8972
     684      23.2220
     685      22.7533
     686      22.5979
     687      22.0500
     688      22.3947
     689      22.3483
     690      22.0656
     691      22.5588
     692      22.2526
     693      22.7643
     694      22.8319
     695      22.1365
     696      22.0060
     697      21.9732
     698      22.5845
     699      22.1911
     700      22.8604
     701      22.0838
     702      22.7387
     703      22.1581
     704      22.4592
     705      22.9049
     706      22.3683
     707      21.9293
     708      22.2229
     709      22.3202
     710      22.7720
     711      22.9538
     712      22.9673
     713      22.0941
     714      22.2337
     715      22.1935
     716      21.9413
     717      21.8793
     718      21.6561
     719      21.9765
     720      21.6455
     721      22.5848
     722      21.9760
     723      21.8171
     724      21.6780
     725      22.4361
     726      21.7772
     727      22.2953
     728      22.3832
     729      22.2974
     730      21.2309
     731      22.0109
     732      22.0831
     733      21.7978
     734      21.4780
     735      21.4590
     736      21.7217
     737      21.7995
     738      21.7886
     739      22.1530
     740      22.1831
     741      22.9873
     742      22.1068
     743      21.6067
     744      22.3222
     745      22.5140
     746      21.8732
     747      22.4211
     748      21.9757
     749      21.6760
     750      22.1867
     751      21.5814
     752      22.0276
     753      22.7509
     754      21.8954
     755      22.4871
     756      22.6786
     757      21.8202
     758      21.8562
     759      22.5079
     760      22.3900
     761      22.0622
     762      22.5556
     763      21.8797
     764      21.7394
     765      22.0738
     766      22.6588
     767      22.2529
     768      22.4735
     769      22.0448
     770      22.6623
     771      22.0808
     772      22.0909
     773      22.1910
     774      21.9661
     775      22.6977
     776      22.0799
     777      22.1264
     778      21.6759
     779      22.4798
     780      22.1243
     781      22.3915
     782      22.1245
     783      21.4753
     784      21.5406
     785      21.5022
     786      21.5254
     787      21.7221
     788      22.2236
     789      22.2165
     790      21.4948
     791      21.6670
     792      22.1440
     793      22.6942
     794      22.1589
     795      21.9311
     796      21.5472
     797      21.1984
     798      22.1867
     799      22.3779
     800      21.9025
     801      22.0667
     802      21.7846
     803      22.1723
     804      21.6567
     805      21.0958
     806      22.0358
     807      22.0098
     808      22.2434
     809      22.2052
     810      22.8273
     811      21.8837
     812      21.4919
     813      22.0662
     814      22.0768
     815      21.5459
     816      21.6446
     817      22.2500
     818      20.6343
     819      21.0971
     820      21.4598
     821      21.4469
     822      21.0781
     823      20.8698
     824      20.6591
     825      21.2213
     826      21.6284
     827      21.7953
     828      21.9528
     829      21.3582
     830      22.0767
     831      20.8394
     832      21.3924
     833      21.2157
     834      21.2901
     835      22.0945
     836      21.3512
     837      21.6913
     838      21.8271
     839      21.9879
     840      21.7032
     841      22.0800
     842      22.0851
     843      21.8076
     844      21.0981
     845      21.1751
     846      21.0576
     847      21.1762
     848      21.1739
     849      21.0873
     850      20.9765
     851      21.3519
     852      21.6173
     853      20.5667
     854      21.2594
     855      21.7708
     856      21.4079
     857      21.2150
     858      21.6209
     859      22.0114
     860      21.3958
     861      20.9296
     862      21.9341
     863      21.6262
     864      21.7088
     865      21.9579
     866      21.8423
     867      22.5791
     868      21.9329
     869      21.9955
     870      22.1408
     871      22.0729
     872      21.4380
     873      21.1229
     874      21.2672
     875      21.4958
     876      21.4055
     877      21.6737
     878      21.5722
     879      22.4828
     880      22.0928
     881      22.2296
     882      21.9652
     883      21.4596
     884      22.3859
     885      22.0071
     886      21.1026
     887      21.6377
     888      21.8683
     889      21.2403
     890      21.5161
     891      22.0474
     892      21.9031
     893      21.4961
     894      22.0328
     895      22.3338
     896      22.0487
     897      22.3504
     898      22.7645
     899      22.6256
     900      22.0019
     901      21.8994
     902      22.3410
     903      21.9179
     904      22.1158
     905      22.2788
     906      22.6463
     907      22.5760
     908      22.4804
     909      22.9697
     910      21.7523
     911      23.4339
     912      21.7529
     913      22.1318
     914      22.2864
     915      22.1816
     916      21.4710
     917      21.6118
     918      22.0960
     919      22.3837
     920      22.4652
     921      22.3402
     922      22.2855
     923      22.3250
     924      22.3866
     925      22.5311
     926      22.3855
     927      22.2285
     928      22.9144
     929      22.6468
     930      22.1288
     931      21.8187
     932      22.5598
     933      21.6314
     934      21.6118
     935      21.8798
     936      21.9566
     937      21.6862
     938      21.3832
     939      22.1259
     940      22.4072
     941      22.2352
     942      22.5621
     943      22.4470
     944      22.2078
     945      22.4588
     946      22.7327
     947      22.0142
     948      22.0362
     949      22.1547
     950      22.0693
     951      21.9066
     952      22.1837
     953      22.0613
     954      21.6797
     955      21.6903
     956      22.1788
     957      22.0052
     958      22.4949
     959      22.1051
     960      21.9099
     961      22.3197
     962      21.8165
     963      22.5422
     964      22.6804
     965      22.4741
     966      23.0233
     967      22.7999
     968      22.7334
     969      22.5370
     970      21.9277
     971      22.9677
     972      21.5085
     973      21.8890
     974      22.0511
     975      22.5365
     976      22.0353
     977      22.1120
     978      22.1963
     979      22.1938
     980      22.6753
     981      23.0734
     982      21.7965
     983      22.3695
     984      22.8346
     985      21.9609
     986      22.2281
     987      22.3710
     988      22.2598
     989      22.1711
     990      22.4707
     991      22.2103
     992      22.1579
     993      22.6344
     994      22.6805
     995      22.2348
     996      22.1923
     997      22.1595
     998      22.3913
     999      22.0947
    1000      20.9705
