#Frame   M1-E175-Oe_M1-T148-HG1
       1                 5.8613
       2                 5.6672
       3                 5.5902
       4                 6.1465
       5                 5.5110
       6                 5.3998
       7                 5.6125
       8                 5.9899
       9                 5.6904
      10                 5.9476
      11                 5.6002
      12                 5.4974
      13                 6.7414
      14                 5.5662
      15                 5.6407
      16                 6.2293
      17                 6.4217
      18                 6.4400
      19                 5.7529
      20                 5.5580
      21                 5.8188
      22                 6.2778
      23                 6.1252
      24                 5.8749
      25                 5.9156
      26                 6.2985
      27                 6.3154
      28                 5.7714
      29                 5.7647
      30                 5.8120
      31                 6.0008
      32                 5.8581
      33                 5.6050
      34                 5.8678
      35                 5.8199
      36                 5.8787
      37                 6.1970
      38                 5.8452
      39                 6.2552
      40                 6.6529
      41                 6.0989
      42                 6.4386
      43                 5.2817
      44                 5.9947
      45                 6.5758
      46                 5.8575
      47                 5.9714
      48                 5.9584
      49                 5.8480
      50                 5.8339
      51                 5.9923
      52                 5.5671
      53                 5.4925
      54                 6.0675
      55                 5.8783
      56                 5.9559
      57                 5.9795
      58                 6.3936
      59                 6.1068
      60                 5.4918
      61                 5.4066
      62                 5.7370
      63                 5.7291
      64                 5.5906
      65                 5.9805
      66                 5.9965
      67                 5.9641
      68                 6.2964
      69                 5.6226
      70                 6.2355
      71                 6.0129
      72                 5.8142
      73                 6.1021
      74                 6.3567
      75                 5.2805
      76                 6.1330
      77                 5.6618
      78                 5.4128
      79                 5.6440
      80                 6.5083
      81                 5.5770
      82                 5.2268
      83                 5.5337
      84                 5.7478
      85                 5.8699
      86                 5.6735
      87                 5.9004
      88                 7.0030
      89                 6.0768
      90                 6.1615
      91                 5.3849
      92                 6.3634
      93                 5.7247
      94                 6.0626
      95                 5.7994
      96                 6.0725
      97                 6.2453
      98                 5.5522
      99                 5.9413
     100                 5.6614
     101                 5.7392
     102                 5.8436
     103                 5.6816
     104                 5.4390
     105                 5.9051
     106                 5.6037
     107                 6.0672
     108                 6.2838
     109                 5.7572
     110                 6.2169
     111                 6.4042
     112                 5.5998
     113                 6.2743
     114                 6.2703
     115                 5.7162
     116                 5.6367
     117                 6.0883
     118                 5.9228
     119                 5.8667
     120                 5.8725
     121                 5.5446
     122                 5.9735
     123                 6.1958
     124                 6.1709
     125                 5.8446
     126                 6.1180
     127                 5.8985
     128                 5.3353
     129                 6.2586
     130                 5.3471
     131                 5.7292
     132                 5.9864
     133                 5.8406
     134                 6.3372
     135                 6.2963
     136                 5.7913
     137                 5.9882
     138                 5.5948
     139                 5.2675
     140                 6.1563
     141                 6.1100
     142                 5.5432
     143                 5.3450
     144                 6.7161
     145                 5.4765
     146                 5.9495
     147                 6.0705
     148                 6.2245
     149                 6.0927
     150                 5.4854
     151                 6.1577
     152                 5.5848
     153                 5.4122
     154                 5.9241
     155                 5.8524
     156                 5.7845
     157                 6.1855
     158                 6.2232
     159                 6.1075
     160                 6.1147
     161                 6.0124
     162                 5.8083
     163                 5.3817
     164                 5.9459
     165                 5.6414
     166                 5.5439
     167                 5.7547
     168                 5.8159
     169                 5.7298
     170                 6.3333
     171                 6.0217
     172                 5.8950
     173                 6.0562
     174                 6.2749
     175                 5.8033
     176                 5.7693
     177                 5.5543
     178                 5.7835
     179                 5.9634
     180                 5.5292
     181                 6.1852
     182                 6.0494
     183                 5.9120
     184                 6.0213
     185                 5.7794
     186                 5.3118
     187                 5.8065
     188                 5.8188
     189                 5.9620
     190                 5.4878
     191                 5.5156
     192                 5.6108
     193                 5.7788
     194                 5.5459
     195                 5.1768
     196                 5.9465
     197                 5.8961
     198                 5.4444
     199                 5.2599
     200                 5.7940
     201                 5.5640
     202                 5.4384
     203                 5.4631
     204                 5.6667
     205                 5.3608
     206                 5.5713
     207                 5.7418
     208                 5.6270
     209                 5.6091
     210                 6.0261
     211                 6.0734
     212                 6.2245
     213                 6.2888
     214                 5.7571
     215                 6.1788
     216                 5.8758
     217                 5.5850
     218                 5.6364
     219                 5.3165
     220                 5.4693
     221                 5.7055
     222                 5.8203
     223                 6.1733
     224                 5.6383
     225                 5.9611
     226                 5.7435
     227                 5.4761
     228                 6.1760
     229                 5.5509
     230                 5.7844
     231                 5.4615
     232                 5.8122
     233                 5.6795
     234                 6.1491
     235                 5.8585
     236                 5.9014
     237                 6.0114
     238                 5.6208
     239                 6.1027
     240                 5.5498
     241                 5.8854
     242                 5.8411
     243                 5.8773
     244                 6.3388
     245                 6.2990
     246                 5.7072
     247                 5.1894
     248                 5.9229
     249                 6.6731
     250                 5.7700
     251                 5.6919
     252                 5.4850
     253                 5.5965
     254                 5.8968
     255                 6.2229
     256                 5.8385
     257                 5.6941
     258                 5.3185
     259                 5.3293
     260                 5.6404
     261                 5.6942
     262                 5.7444
     263                 5.7380
     264                 6.2064
     265                 6.1603
     266                 6.1443
     267                 6.1343
     268                 5.9637
     269                 5.2282
     270                 6.0343
     271                 5.5149
     272                 5.2898
     273                 5.9284
     274                 5.9674
     275                 5.6699
     276                 5.9254
     277                 5.6978
     278                 5.8793
     279                 5.8572
     280                 5.8672
     281                 6.0327
     282                 5.6591
     283                 5.3127
     284                 6.0416
     285                 5.4708
     286                 5.7241
     287                 5.9243
     288                 5.3664
     289                 6.0590
     290                 6.3670
     291                 6.1917
     292                 5.3019
     293                 5.2619
     294                 5.6268
     295                 6.0686
     296                 5.9078
     297                 5.6844
     298                 5.7608
     299                 5.5018
     300                 5.4299
     301                 5.0485
     302                 5.9626
     303                 5.9745
     304                 5.6304
     305                 5.8201
     306                 5.8973
     307                 5.8495
     308                 6.1789
     309                 5.9293
     310                 5.6548
     311                 6.2185
     312                 5.6717
     313                 5.8809
     314                 5.8756
     315                 5.4830
     316                 5.8429
     317                 6.0078
     318                 5.3196
     319                 5.6797
     320                 5.7371
     321                 6.1225
     322                 6.0360
     323                 6.4496
     324                 5.7044
     325                 5.9718
     326                 5.7216
     327                 5.7077
     328                 6.4125
     329                 6.3773
     330                 6.0297
     331                 6.0995
     332                 6.1596
     333                 6.1579
     334                 5.4751
     335                 5.5625
     336                 6.2415
     337                 6.1661
     338                 6.1000
     339                 5.6940
     340                 5.8054
     341                 6.2137
     342                 5.9700
     343                 6.1734
     344                 5.2252
     345                 5.3834
     346                 5.8223
     347                 5.7924
     348                 5.3399
     349                 6.4077
     350                 6.1462
     351                 6.2575
     352                 5.4576
     353                 5.4826
     354                 5.7754
     355                 5.6137
     356                 5.6494
     357                 6.0703
     358                 5.3937
     359                 5.9865
     360                 5.8665
     361                 5.2994
     362                 5.9176
     363                 5.7114
     364                 6.0981
     365                 5.4199
     366                 5.9392
     367                 5.4783
     368                 6.1496
     369                 6.7955
     370                 5.4679
     371                 6.1945
     372                 5.4809
     373                 5.4684
     374                 5.5024
     375                 5.1941
     376                 5.1878
     377                 5.4456
     378                 5.8454
     379                 5.6724
     380                 6.1194
     381                 5.8687
     382                 5.7952
     383                 5.8710
     384                 5.9533
     385                 5.7631
     386                 6.0920
     387                 5.2087
     388                 5.6404
     389                 6.0080
     390                 5.8943
     391                 5.8577
     392                 5.9259
     393                 6.0205
     394                 6.0834
     395                 5.5420
     396                 6.1542
     397                 5.6790
     398                 6.1086
     399                 5.8881
     400                 6.1317
     401                 5.8587
     402                 6.0914
     403                 5.9326
     404                 6.3418
     405                 5.6409
     406                 6.2889
     407                 6.0864
     408                 5.5770
     409                 5.7715
     410                 6.0748
     411                 5.6466
     412                 6.3462
     413                 6.0326
     414                 5.8556
     415                 5.7081
     416                 5.5526
     417                 5.9353
     418                 6.6237
     419                 6.0179
     420                 5.6676
     421                 5.8261
     422                 5.5644
     423                 5.9907
     424                 5.4738
     425                 6.0923
     426                 5.5523
     427                 6.1887
     428                 5.6353
     429                 6.0291
     430                 5.8146
     431                 6.3285
     432                 5.1731
     433                 5.7713
     434                 5.5997
     435                 5.6842
     436                 5.1197
     437                 5.7969
     438                 5.3779
     439                 5.8836
     440                 6.0550
     441                 5.9785
     442                 5.8457
     443                 5.7428
     444                 5.5736
     445                 6.0101
     446                 5.9287
     447                 5.8373
     448                 5.9541
     449                 4.6180
     450                 5.9023
     451                 5.4545
     452                 6.4308
     453                 5.8767
     454                 5.9182
     455                 5.7804
     456                 5.8904
     457                 5.9389
     458                 5.7891
     459                 5.7327
     460                 6.3521
     461                 5.7495
     462                 5.2444
     463                 6.3066
     464                 5.5714
     465                 5.7431
     466                 5.8350
     467                 5.5252
     468                 5.5240
     469                 5.9679
     470                 6.0506
     471                 5.2559
     472                 5.2106
     473                 6.1881
     474                 5.8556
     475                 5.7547
     476                 5.8890
     477                 5.3559
     478                 6.0119
     479                 6.0062
     480                 5.2406
     481                 5.3738
     482                 5.4153
     483                 5.6251
     484                 5.7960
     485                 5.8461
     486                 6.0573
     487                 5.4034
     488                 5.5402
     489                 6.8064
     490                 6.1078
     491                 6.0304
     492                 5.7725
     493                 6.6444
     494                 5.8018
     495                 6.4269
     496                 5.6764
     497                 6.2569
     498                 6.0908
     499                 5.8154
     500                 6.1446
     501                 5.2556
     502                 5.8811
     503                 6.2567
     504                 6.2301
     505                 5.2801
     506                 5.0759
     507                 5.3416
     508                 5.2388
     509                 5.6080
     510                 5.6647
     511                 5.5689
     512                 6.0655
     513                 6.3005
     514                 6.0187
     515                 5.6639
     516                 5.9782
     517                 5.8573
     518                 5.4211
     519                 5.9694
     520                 5.9761
     521                 5.9525
     522                 5.5501
     523                 5.4249
     524                 5.6951
     525                 6.4617
     526                 5.6697
     527                 5.5285
     528                 6.1457
     529                 5.8293
     530                 5.7111
     531                 5.7032
     532                 5.9319
     533                 5.5363
     534                 5.9079
     535                 5.9017
     536                 5.4105
     537                 6.0236
     538                 5.6402
     539                 6.2903
     540                 5.8832
     541                 5.4194
     542                 5.6929
     543                 5.4918
     544                 6.3720
     545                 6.2620
     546                 5.4914
     547                 5.4212
     548                 5.9891
     549                 5.7112
     550                 6.0180
     551                 5.5818
     552                 6.0931
     553                 5.7709
     554                 5.6249
     555                 5.9130
     556                 6.0044
     557                 5.6199
     558                 5.6952
     559                 5.4883
     560                 5.6889
     561                 5.5562
     562                 5.9992
     563                 5.5634
     564                 5.4485
     565                 5.5125
     566                 5.6525
     567                 5.3456
     568                 5.9555
     569                 5.4500
     570                 5.7497
     571                 6.4413
     572                 5.4997
     573                 5.9236
     574                 6.0138
     575                 5.6253
     576                 5.3769
     577                 5.3102
     578                 5.9542
     579                 5.3770
     580                 6.1721
     581                 5.6884
     582                 6.2373
     583                 5.5831
     584                 5.4213
     585                 5.7719
     586                 6.1244
     587                 5.6270
     588                 5.8872
     589                 5.2539
     590                 6.5701
     591                 6.4223
     592                 5.7632
     593                 5.8794
     594                 5.2643
     595                 6.1825
     596                 6.2568
     597                 5.3366
     598                 5.8955
     599                 6.0048
     600                 5.7868
     601                 5.6920
     602                 5.3409
     603                 5.9845
     604                 5.8501
     605                 5.7021
     606                 6.1785
     607                 6.0852
     608                 5.4858
     609                 6.0881
     610                 6.6907
     611                 6.0142
     612                 5.7342
     613                 5.7322
     614                 5.8934
     615                 5.9612
     616                 5.7598
     617                 5.8807
     618                 6.1684
     619                 5.5009
     620                 5.4511
     621                 5.8380
     622                 6.2157
     623                 5.9551
     624                 5.8695
     625                 6.2165
     626                 6.2204
     627                 6.7379
     628                 6.1564
     629                 5.8003
     630                 5.7837
     631                 6.0674
     632                 5.8067
     633                 6.1997
     634                 5.3117
     635                 6.0448
     636                 6.5180
     637                 5.6150
     638                 5.9248
     639                 6.6213
     640                 5.4503
     641                 5.3534
     642                 5.9156
     643                 5.7533
     644                 5.8418
     645                 5.8793
     646                 5.6192
     647                 5.7817
     648                 5.8455
     649                 5.7778
     650                 5.7363
     651                 5.8587
     652                 5.3258
     653                 6.1846
     654                 5.2433
     655                 5.9643
     656                 5.5754
     657                 5.8556
     658                 5.9893
     659                 5.9353
     660                 5.5622
     661                 5.9997
     662                 5.4115
     663                 5.5123
     664                 5.8502
     665                 5.5320
     666                 6.0449
     667                 5.4493
     668                 5.6333
     669                 5.7868
     670                 5.7231
     671                 5.5579
     672                 5.5597
     673                 5.8617
     674                 5.9595
     675                 5.6291
     676                 5.7926
     677                 5.6811
     678                 6.6850
     679                 5.6130
     680                 5.4016
     681                 5.9517
     682                 5.6458
     683                 5.4970
     684                 6.3142
     685                 5.6914
     686                 5.6738
     687                 5.7975
     688                 6.1977
     689                 5.6088
     690                 5.2415
     691                 5.1899
     692                 5.6990
     693                 5.3596
     694                 5.5460
     695                 6.1296
     696                 5.6197
     697                 5.7247
     698                 5.2098
     699                 5.5613
     700                 6.3173
     701                 5.4845
     702                 5.3237
     703                 6.3565
     704                 6.2327
     705                 5.6671
     706                 5.9477
     707                 5.4878
     708                 5.5327
     709                 5.6779
     710                 5.6004
     711                 5.5943
     712                 5.6466
     713                 4.9980
     714                 5.6958
     715                 5.9227
     716                 5.4880
     717                 6.0731
     718                 5.5929
     719                 5.7607
     720                 5.6865
     721                 5.4358
     722                 5.9976
     723                 6.1230
     724                 5.5836
     725                 6.0040
     726                 5.9733
     727                 5.7813
     728                 5.1794
     729                 6.2855
     730                 6.2232
     731                 5.7024
     732                 5.2695
     733                 5.9360
     734                 5.6504
     735                 5.6771
     736                 5.7809
     737                 5.5106
     738                 5.4885
     739                 5.3545
     740                 5.8210
     741                 5.3939
     742                 5.7047
     743                 6.3195
     744                 5.2449
     745                 6.7770
     746                 5.8893
     747                 5.9668
     748                 5.0757
     749                 5.8339
     750                 5.7318
     751                 5.7071
     752                 5.7287
     753                 5.9877
     754                 5.5169
     755                 5.9653
     756                 5.7169
     757                 6.2519
     758                 5.4912
     759                 6.0483
     760                 5.8003
     761                 5.9533
     762                 5.7260
     763                 5.8194
     764                 5.5689
     765                 6.3774
     766                 5.8575
     767                 6.1088
     768                 5.9830
     769                 5.8980
     770                 5.6216
     771                 6.2040
     772                 5.8070
     773                 5.8515
     774                 5.7358
     775                 5.8472
     776                 5.6978
     777                 5.7485
     778                 5.5872
     779                 5.6681
     780                 5.7541
     781                 5.4097
     782                 5.6253
     783                 5.5177
     784                 5.8475
     785                 5.2726
     786                 6.0349
     787                 5.8555
     788                 5.4652
     789                 5.9589
     790                 5.3826
     791                 6.2108
     792                 6.2330
     793                 6.0859
     794                 5.4063
     795                 5.3310
     796                 5.5520
     797                 5.7178
     798                 5.5152
     799                 5.6462
     800                 6.0916
     801                 5.8265
     802                 5.4467
     803                 5.7680
     804                 5.9529
     805                 4.9363
     806                 5.8178
     807                 5.2458
     808                 5.6579
     809                 5.6807
     810                 5.8169
     811                 5.7909
     812                 6.0860
     813                 5.5464
     814                 5.7523
     815                 5.6958
     816                 5.9341
     817                 5.9059
     818                 5.6550
     819                 6.3782
     820                 5.8931
     821                 5.9250
     822                 6.1434
     823                 5.9762
     824                 5.8946
     825                 5.8576
     826                 5.7263
     827                 5.5524
     828                 5.5916
     829                 5.5601
     830                 6.3060
     831                 6.2624
     832                 5.7002
     833                 6.1984
     834                 5.5341
     835                 5.6149
     836                 5.4880
     837                 6.0718
     838                 6.0673
     839                 5.5715
     840                 6.2047
     841                 6.2049
     842                 6.0504
     843                 6.4782
     844                 5.8934
     845                 5.5044
     846                 5.4326
     847                 5.5074
     848                 5.5734
     849                 5.5642
     850                 5.3489
     851                 5.5462
     852                 6.1955
     853                 6.1721
     854                 5.4851
     855                 5.8035
     856                 6.0413
     857                 5.9187
     858                 5.7642
     859                 5.8752
     860                 5.7724
     861                 5.5951
     862                 5.7637
     863                 5.4943
     864                 5.8187
     865                 5.8520
     866                 5.6754
     867                 5.6657
     868                 5.8258
     869                 5.5847
     870                 5.6281
     871                 6.0077
     872                 5.3727
     873                 5.8539
     874                 5.4885
     875                 5.9081
     876                 5.9987
     877                 5.8815
     878                 5.4989
     879                 5.0298
     880                 5.8682
     881                 5.6842
     882                 5.5078
     883                 5.6685
     884                 5.8937
     885                 5.9932
     886                 6.1086
     887                 5.8328
     888                 5.8084
     889                 5.3732
     890                 5.6458
     891                 5.7706
     892                 5.8974
     893                 5.1283
     894                 5.2960
     895                 5.5665
     896                 5.7593
     897                 5.7987
     898                 6.0029
     899                 6.0254
     900                 6.3211
     901                 5.4058
     902                 5.6346
     903                 5.6269
     904                 5.3464
     905                 6.0896
     906                 5.6057
     907                 6.2960
     908                 6.0140
     909                 5.6645
     910                 5.7569
     911                 5.7199
     912                 5.5128
     913                 5.5608
     914                 5.7996
     915                 5.8166
     916                 5.8741
     917                 5.7601
     918                 5.9698
     919                 5.6041
     920                 5.5531
     921                 5.5824
     922                 5.4376
     923                 5.6039
     924                 5.9888
     925                 5.8732
     926                 5.5521
     927                 5.3152
     928                 5.8827
     929                 6.2386
     930                 5.4372
     931                 6.0831
     932                 5.4560
     933                 5.6921
     934                 5.6685
     935                 6.1595
     936                 5.9113
     937                 5.9810
     938                 6.6251
     939                 5.9126
     940                 6.2333
     941                 5.4894
     942                 5.7536
     943                 5.7115
     944                 5.6365
     945                 5.4631
     946                 5.7519
     947                 5.8361
     948                 5.8027
     949                 5.3309
     950                 5.5961
     951                 5.7070
     952                 5.7100
     953                 5.7106
     954                 6.4965
     955                 6.0165
     956                 5.9999
     957                 5.5851
     958                 5.6264
     959                 5.8744
     960                 5.4473
     961                 6.2249
     962                 5.3491
     963                 5.5795
     964                 6.4679
     965                 5.6406
     966                 5.7947
     967                 5.7770
     968                 5.1896
     969                 5.4521
     970                 5.3074
     971                 5.6084
     972                 5.9988
     973                 5.5027
     974                 6.1279
     975                 5.6810
     976                 5.6486
     977                 6.0007
     978                 5.6943
     979                 5.4855
     980                 5.6234
     981                 5.8708
     982                 5.3412
     983                 5.4672
     984                 5.6765
     985                 5.5751
     986                 5.2950
     987                 5.2560
     988                 5.6437
     989                 5.4814
     990                 5.6445
     991                 5.7353
     992                 5.9685
     993                 5.8474
     994                 5.9532
     995                 5.6954
     996                 5.7677
     997                 5.7558
     998                 5.9807
     999                 5.9534
    1000                 5.7644
