#Frame   M2-E175-Oe_M1-W184-He1
       1                 8.4713
       2                 8.5754
       3                 7.8471
       4                 8.1115
       5                 8.7523
       6                 9.1561
       7                 8.2939
       8                 7.9821
       9                 7.5244
      10                 8.3180
      11                 8.1891
      12                 8.4654
      13                 9.5657
      14                 8.5568
      15                 8.0488
      16                 9.4951
      17                 8.4033
      18                 8.4395
      19                 7.1150
      20                 8.0736
      21                 9.0275
      22                 7.7130
      23                 7.9257
      24                 8.7470
      25                 8.6272
      26                 8.4186
      27                 9.1823
      28                 8.1646
      29                 7.8158
      30                 7.9885
      31                 7.8059
      32                 7.4127
      33                 8.7352
      34                 8.7609
      35                 8.6996
      36                 7.8710
      37                 8.3575
      38                 7.7345
      39                 7.5817
      40                 9.1529
      41                 8.5873
      42                 9.3635
      43                 8.1801
      44                 8.1298
      45                 9.3485
      46                 8.3233
      47                 8.3445
      48                 7.6740
      49                 8.0082
      50                 8.5968
      51                 8.1266
      52                 8.8038
      53                 7.1922
      54                 8.3929
      55                 8.1512
      56                 8.3173
      57                 9.1091
      58                 7.3883
      59                 7.5058
      60                 8.7797
      61                 8.9136
      62                 8.7486
      63                 8.7142
      64                 8.8083
      65                 8.6228
      66                 8.4072
      67                 8.4907
      68                 7.8628
      69                 8.8661
      70                 8.8613
      71                 8.4502
      72                 7.8863
      73                 8.8931
      74                 8.6675
      75                 9.4186
      76                 9.1102
      77                 8.6105
      78                 8.5069
      79                 8.5362
      80                 9.2948
      81                 8.8448
      82                 8.3395
      83                 8.2843
      84                 7.8974
      85                 7.1371
      86                 7.8785
      87                 8.2153
      88                 8.1199
      89                 7.9823
      90                 8.4855
      91                 9.4824
      92                 8.1123
      93                 8.1230
      94                 9.2171
      95                 8.4430
      96                 8.5091
      97                 7.9536
      98                 8.6385
      99                 8.6422
     100                 8.9963
     101                 9.2408
     102                 8.5372
     103                 8.7264
     104                 8.7316
     105                 8.1782
     106                 8.2402
     107                 8.6707
     108                 8.0427
     109                 7.5846
     110                 8.0521
     111                 8.3529
     112                 9.0195
     113                 8.5202
     114                 7.7332
     115                 7.8466
     116                 8.4183
     117                 8.1133
     118                 8.5476
     119                 7.6158
     120                 8.1310
     121                 8.4401
     122                 8.6080
     123                 9.0764
     124                 9.0328
     125                 8.7951
     126                 8.9365
     127                 8.2494
     128                 9.1764
     129                 8.6246
     130                 8.8351
     131                 6.9699
     132                 8.9749
     133                 7.5320
     134                 8.3987
     135                 8.9273
     136                 8.1980
     137                 8.0936
     138                 7.4978
     139                 8.1643
     140                 7.8878
     141                 7.9547
     142                 6.8753
     143                 8.5264
     144                 8.0211
     145                 8.2139
     146                 9.2328
     147                 8.0680
     148                 7.1222
     149                 9.4476
     150                 8.5631
     151                 8.6209
     152                 8.2566
     153                 8.0696
     154                 8.0891
     155                 7.1365
     156                 7.8969
     157                 9.5151
     158                 7.9110
     159                 8.3967
     160                 7.5853
     161                 7.6556
     162                 8.6374
     163                 7.6016
     164                 8.5161
     165                 8.6343
     166                 8.2758
     167                 8.4743
     168                 8.1557
     169                 8.2465
     170                 8.3048
     171                 7.9326
     172                 7.7729
     173                 7.6635
     174                 7.6179
     175                 8.9736
     176                 8.5335
     177                 8.4946
     178                 9.0492
     179                 9.2334
     180                 8.3022
     181                 7.5783
     182                 7.2109
     183                 6.9384
     184                 8.5246
     185                 8.0627
     186                 7.8867
     187                 8.4912
     188                 7.3093
     189                 8.2026
     190                 7.4166
     191                 8.5832
     192                 7.9323
     193                10.0216
     194                 9.8654
     195                 8.5379
     196                 8.7782
     197                 8.3886
     198                 8.8954
     199                 9.9204
     200                 8.4830
     201                 8.7833
     202                 8.5180
     203                 8.2777
     204                 8.1976
     205                 8.2117
     206                 8.1721
     207                 8.9234
     208                 8.7756
     209                 8.9795
     210                 7.8481
     211                 9.1703
     212                 8.6627
     213                 8.3330
     214                 8.6051
     215                 8.5217
     216                 7.6193
     217                 8.6691
     218                 8.9230
     219                 9.0884
     220                 8.2883
     221                 8.6002
     222                 8.6394
     223                 8.3812
     224                 7.8386
     225                 8.1362
     226                 8.3406
     227                 9.1360
     228                 8.4987
     229                 9.3586
     230                 7.4385
     231                 7.6152
     232                 8.4051
     233                 8.4314
     234                 8.8225
     235                 8.4602
     236                 8.1370
     237                 7.1195
     238                 8.8062
     239                 7.9479
     240                 7.4907
     241                 7.4704
     242                 8.8826
     243                 8.3257
     244                 9.1026
     245                 7.9685
     246                 8.3297
     247                 8.0737
     248                 8.6602
     249                10.0269
     250                 8.6538
     251                 7.4748
     252                 8.8751
     253                 8.9987
     254                 8.1534
     255                 7.9904
     256                 8.6502
     257                 8.7613
     258                 9.4779
     259                 7.8446
     260                 8.1670
     261                 7.7330
     262                 8.6128
     263                 8.3500
     264                 9.3013
     265                 8.0660
     266                 8.2707
     267                 8.3051
     268                 8.5151
     269                 8.8898
     270                 8.4386
     271                 8.2899
     272                 8.1825
     273                 8.4613
     274                 7.7184
     275                 8.1034
     276                 8.2635
     277                 7.2953
     278                 8.5845
     279                 8.4872
     280                 9.1537
     281                 8.0928
     282                 8.6559
     283                 9.6828
     284                 8.9286
     285                 8.5965
     286                 9.8396
     287                 7.9963
     288                 7.7083
     289                 8.8256
     290                 8.3716
     291                 8.1309
     292                 9.0302
     293                 9.0924
     294                 9.3310
     295                 7.7740
     296                10.0459
     297                 8.4929
     298                 9.0675
     299                 8.7881
     300                 8.8151
     301                 9.8073
     302                 9.2447
     303                 9.4111
     304                 8.6311
     305                 7.6136
     306                 8.7356
     307                 9.6609
     308                 9.1054
     309                 8.8630
     310                 7.5856
     311                 8.7928
     312                 8.2862
     313                 9.3704
     314                 8.4974
     315                 8.1142
     316                 9.5051
     317                 8.6039
     318                 8.5202
     319                 9.1243
     320                 8.0247
     321                 8.2558
     322                 7.8479
     323                 8.3147
     324                 7.7364
     325                 8.7470
     326                 7.8645
     327                 8.1585
     328                 8.7489
     329                 9.0572
     330                 8.9461
     331                 9.9059
     332                 8.4399
     333                 8.8949
     334                 7.8798
     335                 7.7726
     336                 9.1108
     337                 8.8358
     338                 8.4367
     339                 8.7923
     340                 8.8969
     341                 8.4793
     342                 8.1156
     343                10.1098
     344                 7.4609
     345                 8.3122
     346                 9.0180
     347                 9.6922
     348                 8.5094
     349                 8.4381
     350                 9.0422
     351                 8.6906
     352                 8.7758
     353                 8.8353
     354                 9.4656
     355                 9.1396
     356                 8.0755
     357                 7.8617
     358                 8.2282
     359                 8.4196
     360                 9.1710
     361                 8.6452
     362                 9.0033
     363                 8.3037
     364                 8.4019
     365                 9.1005
     366                 7.8087
     367                 8.0508
     368                 7.3002
     369                 8.2206
     370                 7.7126
     371                 8.9603
     372                 8.9964
     373                 8.9790
     374                 9.2386
     375                 7.8084
     376                 8.5590
     377                 8.4113
     378                 9.1223
     379                 7.2251
     380                 8.3145
     381                 9.1567
     382                 8.7765
     383                 8.3862
     384                 8.1077
     385                 7.3705
     386                 7.6521
     387                 8.5137
     388                 9.2598
     389                 8.1626
     390                 8.8086
     391                 8.3300
     392                 8.9170
     393                 8.1051
     394                 7.5759
     395                 8.4459
     396                 7.2307
     397                 8.7095
     398                 8.9070
     399                 8.9914
     400                10.0973
     401                 8.4678
     402                 7.9408
     403                 8.2582
     404                 8.4738
     405                 9.2547
     406                 7.1391
     407                 9.8377
     408                10.8626
     409                12.7784
     410                 9.6699
     411                 9.6078
     412                 7.8861
     413                 8.4991
     414                 7.4851
     415                 9.1856
     416                 7.6967
     417                 9.4656
     418                 9.3797
     419                 9.4001
     420                 9.2102
     421                 8.2724
     422                 7.8616
     423                 9.6773
     424                 7.9697
     425                 8.3734
     426                 8.2897
     427                 8.9854
     428                 7.3378
     429                10.2645
     430                 8.3581
     431                 9.3250
     432                 7.7420
     433                 8.1251
     434                 8.4436
     435                 8.6120
     436                 8.3830
     437                 9.2303
     438                 8.5710
     439                 9.0793
     440                 8.0953
     441                 8.7069
     442                 9.3872
     443                 7.2862
     444                 9.0954
     445                 8.5452
     446                 8.5808
     447                 9.3434
     448                 8.1368
     449                 7.4526
     450                 9.0135
     451                 9.0333
     452                 8.4814
     453                 8.3044
     454                 9.3465
     455                 9.1727
     456                 9.7205
     457                 8.5766
     458                 8.2346
     459                 9.1101
     460                 8.1215
     461                 8.0135
     462                 7.3742
     463                 9.3834
     464                 9.2293
     465                 8.6127
     466                 8.0279
     467                 8.4384
     468                 9.3402
     469                 9.2106
     470                 7.5347
     471                 9.7345
     472                 9.4528
     473                 9.1210
     474                 8.7906
     475                 8.4875
     476                 9.0529
     477                10.1750
     478                 8.4952
     479                 9.2981
     480                 9.2423
     481                 7.0559
     482                 8.7428
     483                 9.1483
     484                 9.6207
     485                 9.8179
     486                 9.0940
     487                 9.0473
     488                 8.9373
     489                 8.1465
     490                 9.1306
     491                 8.9172
     492                 9.3121
     493                 9.7429
     494                 8.5727
     495                 8.7397
     496                 8.9316
     497                 9.2711
     498                 7.3660
     499                 7.4673
     500                10.3696
     501                 8.8973
     502                 9.1010
     503                 7.9582
     504                 8.9189
     505                 9.4968
     506                 8.8372
     507                 8.9613
     508                 9.6976
     509                 9.5384
     510                 8.8288
     511                 8.4908
     512                 8.9013
     513                 9.1127
     514                 9.3095
     515                 7.5245
     516                 8.8770
     517                 8.6823
     518                 9.0189
     519                 9.6182
     520                 9.3015
     521                 8.8256
     522                 8.2789
     523                 7.9321
     524                 7.2155
     525                 9.0781
     526                 8.7700
     527                 8.0417
     528                 8.9243
     529                 7.3261
     530                 9.0639
     531                 9.5574
     532                 8.9142
     533                 9.0151
     534                 8.8438
     535                 9.3305
     536                 8.8252
     537                 9.2709
     538                 8.0538
     539                 8.9766
     540                10.2672
     541                 9.3467
     542                 8.6954
     543                 8.4596
     544                 6.8566
     545                 8.6185
     546                 9.2120
     547                 8.6521
     548                 8.5716
     549                 8.4925
     550                 7.8289
     551                 8.3756
     552                 8.7973
     553                 7.5907
     554                 7.1156
     555                 8.2550
     556                 8.0133
     557                 8.5516
     558                 7.5165
     559                 7.6907
     560                 8.5399
     561                10.0523
     562                 8.0560
     563                 8.7732
     564                 8.7532
     565                 9.0529
     566                 8.9337
     567                 7.4507
     568                 8.0373
     569                10.0865
     570                 8.2677
     571                 8.3539
     572                 9.4593
     573                 8.2343
     574                 6.9424
     575                 8.7953
     576                 7.1109
     577                 8.2802
     578                 8.3535
     579                 8.8313
     580                 8.8681
     581                 8.6170
     582                 8.2006
     583                 8.0683
     584                 9.2153
     585                 8.9685
     586                 8.3405
     587                 9.0281
     588                 8.8927
     589                 8.4906
     590                 6.8589
     591                 8.5792
     592                 8.1085
     593                 9.9162
     594                 8.1788
     595                10.4614
     596                 9.0993
     597                 8.2417
     598                 8.7814
     599                 8.0043
     600                 8.5125
     601                 8.6307
     602                 9.3434
     603                 7.2732
     604                 8.3947
     605                 6.5516
     606                 9.0747
     607                 9.9036
     608                 8.9833
     609                 9.1760
     610                 8.7263
     611                 7.8698
     612                 8.5686
     613                 8.9739
     614                 8.4314
     615                 8.0960
     616                 8.0787
     617                 9.2725
     618                 8.7014
     619                 7.7671
     620                 9.0337
     621                 7.1057
     622                 8.2204
     623                 9.2791
     624                 7.4478
     625                 8.3642
     626                 9.3262
     627                 8.3754
     628                 8.6190
     629                 7.0390
     630                 8.9663
     631                 9.2688
     632                 9.6828
     633                 9.4710
     634                 7.5024
     635                 8.8377
     636                 9.5568
     637                 9.4004
     638                 8.7694
     639                 8.5623
     640                 8.5319
     641                10.0641
     642                 8.5547
     643                 6.8658
     644                10.6994
     645                 9.2411
     646                 9.2545
     647                 7.4855
     648                 8.8539
     649                 8.6063
     650                 7.9134
     651                 8.0026
     652                 7.1662
     653                 8.5043
     654                 8.9191
     655                 7.6789
     656                 9.1497
     657                 7.4433
     658                 8.4931
     659                 8.7024
     660                 8.7280
     661                 8.0272
     662                 8.2957
     663                 8.2330
     664                 9.5220
     665                 8.4472
     666                 9.2209
     667                 8.4779
     668                 9.9483
     669                 8.9370
     670                 8.8019
     671                 8.3307
     672                 9.0757
     673                 8.1987
     674                 8.6878
     675                 7.9774
     676                 8.6045
     677                 9.1891
     678                 9.8776
     679                 8.1775
     680                 8.0471
     681                 9.9070
     682                 8.2768
     683                 8.4203
     684                 8.6613
     685                 8.8445
     686                 8.5889
     687                 8.0897
     688                 9.1324
     689                 6.9569
     690                 9.1431
     691                 7.7365
     692                 8.4232
     693                 8.6927
     694                 8.7029
     695                 9.6356
     696                 8.0039
     697                 8.3384
     698                 8.8996
     699                 9.0540
     700                 7.9509
     701                 8.8488
     702                 8.8356
     703                 8.3720
     704                 8.2575
     705                 8.1011
     706                 9.2333
     707                 8.8040
     708                 8.6024
     709                 8.0344
     710                 8.5158
     711                 9.0430
     712                 7.8670
     713                 8.0411
     714                 9.2194
     715                 8.1584
     716                 8.5319
     717                 9.1404
     718                 8.6575
     719                 8.4047
     720                 8.5386
     721                 8.3568
     722                 7.5028
     723                 8.4323
     724                 7.5973
     725                 8.1315
     726                 7.9817
     727                 8.4302
     728                 8.5766
     729                 8.1769
     730                 7.9401
     731                 7.8200
     732                 7.5366
     733                 9.2125
     734                 9.6935
     735                 8.9288
     736                 8.0577
     737                 8.5704
     738                 8.4424
     739                 8.0800
     740                 7.3817
     741                10.1645
     742                 8.4778
     743                 8.8559
     744                 8.5720
     745                 9.5832
     746                 8.9450
     747                 9.7269
     748                 8.7199
     749                 9.5921
     750                 8.7654
     751                 9.0560
     752                 8.6096
     753                 8.6126
     754                 9.3285
     755                 9.3777
     756                 8.8940
     757                 8.8296
     758                 9.1905
     759                 8.3251
     760                 8.7341
     761                10.6116
     762                10.6551
     763                 8.5881
     764                 9.1415
     765                 9.1390
     766                 8.1835
     767                 7.7793
     768                 8.0768
     769                 9.7612
     770                 8.3089
     771                 9.0888
     772                 9.1257
     773                 8.4730
     774                 7.5636
     775                 7.9863
     776                 8.1214
     777                 8.2575
     778                 9.6876
     779                 7.7828
     780                 8.1544
     781                 8.1757
     782                 8.5369
     783                 7.6814
     784                 7.9803
     785                 8.3608
     786                 8.0672
     787                 8.2661
     788                 9.4176
     789                 8.7384
     790                 8.3630
     791                 8.6879
     792                 7.9687
     793                 7.5765
     794                 8.9152
     795                 7.6701
     796                 7.7858
     797                 8.9046
     798                 8.8177
     799                 8.9557
     800                 8.5460
     801                 8.5560
     802                 8.8958
     803                 8.1407
     804                 8.3456
     805                 9.5431
     806                 8.3800
     807                 7.1299
     808                 7.6907
     809                 8.8502
     810                 8.0696
     811                 9.3819
     812                 8.6708
     813                 7.9184
     814                 7.7065
     815                 8.6902
     816                 8.2414
     817                 8.3048
     818                 8.3754
     819                 8.7213
     820                 8.4351
     821                 8.2548
     822                 7.0941
     823                 7.9348
     824                 8.4718
     825                 8.0322
     826                 8.4920
     827                 8.5317
     828                 8.9432
     829                 8.4208
     830                 7.3327
     831                 7.8083
     832                 7.9993
     833                 7.7457
     834                 7.9074
     835                 9.0042
     836                 8.0141
     837                 7.5302
     838                 7.7809
     839                 7.8812
     840                 9.4429
     841                 8.0557
     842                 7.9127
     843                 8.8370
     844                 7.8755
     845                 8.5431
     846                 8.4939
     847                 8.3166
     848                 8.0777
     849                 8.2783
     850                 8.9006
     851                 7.7104
     852                 8.5430
     853                 7.8102
     854                 6.9632
     855                 8.2592
     856                 8.1282
     857                 7.1933
     858                 9.2782
     859                 8.5612
     860                 8.6048
     861                 9.0196
     862                 7.8336
     863                 8.1042
     864                 9.5094
     865                 8.9561
     866                 8.2189
     867                 8.2449
     868                 8.5215
     869                 7.5119
     870                 8.4266
     871                 8.0832
     872                 6.9792
     873                 8.7991
     874                 8.6348
     875                 7.8194
     876                 8.3411
     877                 7.9357
     878                 8.3109
     879                 8.2043
     880                 8.0043
     881                 9.6352
     882                 8.3384
     883                 8.5766
     884                 7.9118
     885                 7.2651
     886                 7.6846
     887                 7.7017
     888                 7.5001
     889                 7.5557
     890                 7.7876
     891                 7.7766
     892                 7.7809
     893                 9.5961
     894                 8.2298
     895                 9.2406
     896                 8.7224
     897                 8.7742
     898                 8.1041
     899                 8.2531
     900                 8.4953
     901                 8.2877
     902                 8.4022
     903                 7.3204
     904                 7.5318
     905                 7.1697
     906                 8.4532
     907                 8.0897
     908                 7.7496
     909                 9.5556
     910                 8.0068
     911                 7.2673
     912                 8.5372
     913                 8.9458
     914                 7.5645
     915                 8.6231
     916                 6.9681
     917                 8.6969
     918                 8.6646
     919                 7.7790
     920                 8.2775
     921                 9.3121
     922                 8.2774
     923                 8.1226
     924                 9.0289
     925                 7.9033
     926                 7.7735
     927                 8.4919
     928                 8.1099
     929                 7.8419
     930                 8.1502
     931                 8.7471
     932                 8.7816
     933                 8.0779
     934                 8.4354
     935                 9.0518
     936                 9.1098
     937                 8.4542
     938                 7.7797
     939                 8.6845
     940                 8.0217
     941                 8.9071
     942                 8.2540
     943                 9.2515
     944                 7.5689
     945                 8.3611
     946                 8.4725
     947                 8.8394
     948                 7.8971
     949                 7.7277
     950                 9.8291
     951                 8.6613
     952                 8.0289
     953                 8.8748
     954                 7.9069
     955                 7.1410
     956                 8.1522
     957                 8.6656
     958                 8.8688
     959                 8.0491
     960                 9.4492
     961                 8.4887
     962                 9.0020
     963                 8.3132
     964                 8.5474
     965                 8.6921
     966                 7.8390
     967                 8.3343
     968                 8.7379
     969                 7.7574
     970                 7.8075
     971                 7.9725
     972                 8.7273
     973                 8.1375
     974                 7.8302
     975                 8.2305
     976                 8.0327
     977                 8.4971
     978                 7.7096
     979                 8.1767
     980                 8.5567
     981                 7.7185
     982                 9.2298
     983                 8.2119
     984                 8.3174
     985                 9.2566
     986                 7.7407
     987                 8.0279
     988                 9.4992
     989                 7.4476
     990                 7.9674
     991                 8.3865
     992                 7.7920
     993                 9.1852
     994                 8.6484
     995                 8.4024
     996                 7.8552
     997                 8.5345
     998                 8.6679
     999                 9.1121
    1000                 8.2333
