#Frame      M1-M2-L46
       1       9.8368
       2       8.8975
       3       9.8239
       4       9.3858
       5       9.0848
       6       9.1796
       7      10.0081
       8       9.7427
       9       9.3090
      10       9.4931
      11      10.0421
      12       9.8712
      13       9.2543
      14       9.6577
      15       9.1682
      16       9.8805
      17       9.7340
      18      10.2732
      19      10.1449
      20       9.9075
      21      10.3486
      22       9.6784
      23       9.3557
      24       9.6556
      25       9.5959
      26       9.6008
      27       9.8451
      28       9.0329
      29       9.2477
      30       9.4009
      31      10.1086
      32      10.1650
      33      10.0970
      34      10.2496
      35       9.9574
      36       9.6756
      37       9.7558
      38       9.5808
      39       9.8263
      40       9.6303
      41       9.5642
      42       9.2965
      43       9.7708
      44      10.1158
      45       9.6270
      46      10.0718
      47       9.6939
      48       9.9579
      49       9.4519
      50       9.9850
      51       9.4385
      52       9.6188
      53       9.6521
      54      10.1189
      55       9.8812
      56      10.0650
      57      10.0315
      58       9.6117
      59       9.8412
      60       9.7462
      61       9.3166
      62       9.6832
      63       9.5217
      64       9.7140
      65       9.6543
      66      10.1904
      67       9.7668
      68       9.8706
      69      10.6240
      70       9.9411
      71      10.0838
      72      10.0730
      73      10.3429
      74      10.2472
      75       9.8877
      76      10.0622
      77      10.3858
      78      10.4726
      79      10.0103
      80      10.3384
      81      10.3425
      82       9.9281
      83      10.3430
      84       9.4767
      85       9.9299
      86       9.9872
      87      10.2459
      88      10.1666
      89      10.3679
      90       9.6844
      91       9.7141
      92       9.8951
      93       9.9989
      94       9.9026
      95      10.5276
      96      10.1720
      97      10.0841
      98      10.0746
      99       9.8182
     100      10.1722
     101      10.0527
     102      10.7578
     103       9.9798
     104       9.8102
     105      10.1633
     106       9.8773
     107       9.8260
     108      10.1721
     109       9.8031
     110      10.1324
     111      10.1390
     112       9.9171
     113      10.0121
     114      10.4174
     115       9.8523
     116      10.0120
     117       9.9672
     118      10.2010
     119      10.5224
     120      10.5363
     121      10.1216
     122       9.7439
     123       9.9650
     124      10.2394
     125       9.8099
     126       9.5633
     127      10.5747
     128      10.1527
     129      10.0654
     130      10.4433
     131       9.9582
     132       9.7053
     133      10.0460
     134       9.9413
     135      10.6838
     136      10.2301
     137      10.3258
     138      10.3943
     139      10.2041
     140      10.1556
     141      10.1597
     142       9.9611
     143       9.8918
     144       9.6423
     145       9.8615
     146      10.3361
     147      10.1999
     148       9.9071
     149      10.4597
     150       9.7915
     151      10.0500
     152      10.0421
     153      10.4391
     154       9.6265
     155       9.8547
     156      10.2922
     157       9.8917
     158      10.0841
     159      10.5347
     160       9.7304
     161       9.8560
     162      10.1724
     163       9.9663
     164       9.4767
     165      10.3224
     166       9.9352
     167      10.6597
     168      10.3535
     169       9.9895
     170       9.9566
     171       9.9099
     172      10.0483
     173       9.8434
     174      10.3139
     175      10.2119
     176       9.7648
     177       9.8669
     178       9.8614
     179       9.9312
     180      10.2434
     181      10.3719
     182       9.8180
     183      10.5087
     184       9.9420
     185      10.0833
     186       9.9824
     187      10.0309
     188      10.2878
     189      10.0530
     190       9.9417
     191      10.2831
     192       9.9229
     193      10.2635
     194       9.9268
     195       9.9199
     196      10.2208
     197      10.0774
     198       9.9848
     199      10.0328
     200      10.1672
     201       9.7829
     202       9.9755
     203      10.0468
     204      10.5900
     205       9.9342
     206       9.8010
     207      10.0125
     208      10.6431
     209      10.1182
     210      10.0808
     211       9.8658
     212      10.1572
     213       9.9022
     214       9.9983
     215       9.9930
     216      10.3549
     217      10.0639
     218       9.8639
     219       9.8798
     220       9.7246
     221       9.9087
     222      10.2208
     223       9.9559
     224      10.0780
     225       9.7749
     226      10.3065
     227      10.0407
     228      10.1817
     229      10.3884
     230      10.1378
     231      10.0713
     232      10.4315
     233       9.7185
     234      10.1867
     235      10.1427
     236      10.1340
     237       9.8463
     238       9.8561
     239      10.2541
     240      10.0420
     241       9.9355
     242      10.1241
     243      10.0914
     244       9.9198
     245       9.9815
     246       9.7292
     247       9.9607
     248      10.1697
     249       9.7406
     250      10.2436
     251      10.1090
     252       9.9922
     253       9.8057
     254      10.2037
     255      10.3934
     256      10.4620
     257      10.2950
     258      10.1392
     259       9.8750
     260      10.1658
     261       9.8772
     262      10.4973
     263       9.8343
     264      10.0864
     265      10.0357
     266      10.1665
     267      10.1986
     268      10.3218
     269      10.0092
     270      10.0848
     271       9.8606
     272      10.1417
     273      10.0542
     274       9.8230
     275      10.2098
     276       9.9348
     277       9.9410
     278      10.4164
     279      10.0939
     280      10.2894
     281       9.9051
     282       9.8250
     283       9.4189
     284       9.7971
     285      10.1988
     286      10.4351
     287      10.2653
     288      10.4194
     289      10.2639
     290      10.0668
     291      10.3398
     292       9.9444
     293      10.3251
     294       9.6481
     295      10.0848
     296       9.8830
     297      10.1402
     298      10.3407
     299      10.2071
     300      10.1945
     301      10.1840
     302       9.6739
     303      10.2839
     304      10.2025
     305      10.3297
     306      10.0043
     307       9.9671
     308      10.2210
     309      10.6088
     310      10.4694
     311      10.0912
     312       9.7060
     313      10.3844
     314      10.1893
     315      10.0369
     316      10.1540
     317      10.1355
     318      10.2245
     319      10.1806
     320      10.2365
     321      10.4829
     322      10.0309
     323      10.2134
     324      10.2118
     325      10.4070
     326      10.0424
     327      10.0718
     328      10.1197
     329      10.0662
     330      10.0511
     331      10.5827
     332      10.2220
     333      10.1618
     334      10.3939
     335       9.9440
     336      10.2408
     337      10.2910
     338       9.9819
     339      10.4563
     340       9.9200
     341      10.2229
     342      10.2903
     343      10.3112
     344       9.9007
     345       9.9647
     346       9.9609
     347      10.2134
     348      10.0040
     349       9.9263
     350      10.1045
     351      10.1533
     352      10.3465
     353      10.2036
     354      10.5053
     355      10.1376
     356       9.9154
     357       9.5517
     358      10.0472
     359       9.4447
     360      10.2948
     361      10.1841
     362       9.9550
     363       9.9314
     364       9.7738
     365      10.1030
     366      10.1388
     367       9.9141
     368       9.7603
     369       9.7775
     370      10.3741
     371       9.8166
     372      10.1489
     373       9.8588
     374       9.9959
     375       9.8854
     376      10.2583
     377       9.9109
     378      10.2500
     379      10.0870
     380      10.2397
     381      10.2385
     382       9.8224
     383       9.6337
     384       9.8807
     385       9.8805
     386      10.0650
     387       9.5087
     388       9.4911
     389      10.0079
     390      10.2945
     391      10.0996
     392       9.9025
     393       9.7051
     394       9.8643
     395      10.3001
     396       9.8250
     397      10.6104
     398      10.3258
     399       9.9162
     400       9.9946
     401       9.9219
     402       9.9901
     403       9.9598
     404       9.8938
     405       9.7580
     406       9.6925
     407      10.2308
     408      10.0827
     409      10.1769
     410      10.0224
     411      10.0827
     412      10.3198
     413       9.9877
     414      10.4982
     415      10.3132
     416       9.7992
     417       9.8539
     418       9.8499
     419      10.2651
     420      10.0268
     421      10.0149
     422       9.7378
     423       9.8353
     424       9.4373
     425      10.3659
     426      10.3149
     427       9.8703
     428      10.2875
     429       9.8727
     430      10.5547
     431       9.9619
     432      10.0268
     433      10.3063
     434       9.7559
     435      10.0799
     436      10.2909
     437      10.0213
     438      10.4938
     439      10.4701
     440      10.1182
     441      10.2830
     442       9.9095
     443       9.8493
     444      10.0905
     445      10.1148
     446      10.4897
     447       9.5326
     448      10.0032
     449      10.1678
     450      10.1705
     451      10.4099
     452       9.8613
     453      10.3034
     454      10.3687
     455       9.9296
     456      10.3575
     457       9.8081
     458      10.2838
     459       9.8115
     460      10.2091
     461      10.0049
     462      10.0524
     463       9.9890
     464      10.1498
     465       9.8518
     466      10.0140
     467      10.0554
     468      10.0493
     469      10.2499
     470       9.8276
     471       9.8502
     472       9.8998
     473       9.9454
     474       9.9896
     475       9.8705
     476       9.9883
     477      10.4126
     478      10.0434
     479      10.2332
     480      10.2426
     481       9.7217
     482       9.8348
     483      10.2454
     484      10.1586
     485      10.1558
     486      10.3946
     487      10.4449
     488      10.1232
     489       9.8402
     490      10.1923
     491      10.0939
     492      10.1975
     493      10.1063
     494       9.9360
     495      10.5182
     496       9.7894
     497      10.2219
     498      10.0516
     499      10.3620
     500      10.5435
     501       9.9233
     502      10.3616
     503       9.9623
     504      10.0970
     505      10.0671
     506      10.0680
     507       9.8139
     508      10.0983
     509       9.9585
     510      10.2288
     511      10.0887
     512      10.1665
     513      10.2267
     514       9.9263
     515       9.7378
     516       9.7734
     517      10.1036
     518      10.1080
     519      10.1017
     520      10.2001
     521      10.4536
     522      10.0384
     523      10.0202
     524      10.3050
     525      10.1539
     526      10.4337
     527       9.7933
     528      10.2255
     529       9.9666
     530      10.0851
     531      10.4160
     532      10.0973
     533       9.9413
     534      10.2894
     535       9.8741
     536      10.1677
     537       9.9667
     538       9.6785
     539       9.9856
     540       9.8078
     541       9.8220
     542      10.1049
     543      10.1041
     544      10.1860
     545       9.7666
     546      10.2957
     547      10.0023
     548      10.0226
     549      10.3369
     550      10.2906
     551      10.0835
     552       9.9016
     553      10.1805
     554       9.7981
     555      10.1627
     556      10.5319
     557       9.9607
     558       9.4118
     559       9.8221
     560      10.2952
     561       9.7083
     562       9.8432
     563       9.9692
     564      10.5890
     565       9.8083
     566      10.3614
     567       9.9316
     568      10.0559
     569      10.1985
     570      10.0427
     571      10.0692
     572      10.0663
     573      10.2794
     574      10.5903
     575       9.5871
     576      10.4510
     577       9.9895
     578       9.9015
     579       9.6922
     580      10.2986
     581      10.6059
     582      10.2999
     583      10.3572
     584       9.9972
     585      10.5293
     586      10.1077
     587      10.1908
     588      10.5550
     589       9.8647
     590      10.3181
     591       9.9433
     592       9.9393
     593      10.1705
     594       9.9455
     595       9.8430
     596       9.5070
     597      10.2294
     598       9.7303
     599      10.0367
     600      10.2492
     601      10.0797
     602      10.4770
     603      10.0559
     604      10.1645
     605       9.7992
     606      10.1865
     607       9.7498
     608       9.8726
     609      10.2292
     610      10.2716
     611       9.9737
     612       9.3956
     613      10.1118
     614       9.8463
     615      10.1231
     616      10.3531
     617      10.0144
     618       9.7722
     619       9.8640
     620      10.0644
     621      10.0703
     622      10.2618
     623      10.0252
     624       9.9470
     625      10.0990
     626      10.5679
     627      10.0957
     628       9.6287
     629      10.1376
     630      10.0004
     631      10.2307
     632      10.1161
     633      10.2319
     634      10.2406
     635      10.1663
     636      10.4505
     637      10.0740
     638      10.3519
     639       9.9204
     640      10.5821
     641      10.5978
     642       9.9242
     643      10.1683
     644      10.1327
     645       9.7754
     646       9.8386
     647      10.5025
     648      10.3261
     649       9.7931
     650      10.0271
     651      10.3273
     652       9.9390
     653      10.2889
     654       9.9301
     655      10.1157
     656       9.8952
     657      10.1058
     658      10.4921
     659      10.3349
     660       9.8994
     661      10.0292
     662      10.1151
     663      10.4352
     664       9.8852
     665      10.0660
     666      10.2862
     667      10.3211
     668      10.1589
     669      10.3687
     670      10.0484
     671      10.1979
     672      10.0722
     673      10.3525
     674       9.7129
     675      10.0555
     676      10.2809
     677       9.9493
     678      10.4092
     679      10.0603
     680       9.9165
     681      10.6648
     682      10.6115
     683      10.2707
     684      10.5249
     685      10.2677
     686      10.0358
     687       9.9912
     688      10.0935
     689      10.6969
     690       9.5920
     691      10.2005
     692      10.2337
     693      10.2808
     694      10.4447
     695       9.8919
     696       9.8094
     697      10.1310
     698      10.2363
     699      10.1578
     700      10.5181
     701      10.4399
     702      10.4896
     703      10.2888
     704      10.2460
     705      10.2656
     706       9.9329
     707      10.0385
     708      10.0168
     709      10.2564
     710      10.1706
     711       9.7965
     712      10.5816
     713      10.0057
     714      10.2526
     715      10.0045
     716       9.9439
     717      10.1183
     718       9.7430
     719       9.8165
     720      10.0533
     721      10.2304
     722      10.0781
     723      10.0122
     724      10.1314
     725      10.0178
     726       9.6492
     727       9.9272
     728       9.5744
     729      10.1110
     730       9.7139
     731      10.0658
     732      10.0686
     733       9.8159
     734       9.9772
     735       9.7887
     736      10.0927
     737      10.0945
     738      10.2550
     739      10.1430
     740      10.3548
     741      10.6331
     742       9.9285
     743       9.8126
     744      10.4090
     745      10.4300
     746      10.1771
     747      10.0329
     748       9.9596
     749       9.8099
     750       9.8487
     751      10.5049
     752       9.8187
     753      10.5006
     754      10.2676
     755      10.3193
     756      10.2991
     757      10.1822
     758      10.1201
     759      10.2525
     760      10.0874
     761       9.9033
     762       9.8499
     763       9.8633
     764       9.8155
     765       9.7749
     766      10.3236
     767       9.7260
     768      10.3941
     769       9.9258
     770      10.1741
     771      10.0750
     772      10.1332
     773       9.9580
     774       9.6312
     775      10.2683
     776      10.3050
     777       9.7166
     778       9.7738
     779       9.7921
     780      10.4237
     781       9.8053
     782       9.4768
     783      10.3238
     784       9.9276
     785      10.0942
     786       9.9210
     787      10.4974
     788      10.1043
     789      10.1679
     790       9.9052
     791       9.6738
     792      10.2029
     793      10.3855
     794       9.9417
     795       9.8931
     796       9.9758
     797       9.5456
     798      10.0297
     799       9.6679
     800      10.4376
     801      10.2556
     802       9.9369
     803       9.8916
     804       9.7390
     805       9.1828
     806      10.4062
     807       9.9655
     808      10.1272
     809      10.2108
     810      10.1880
     811       9.8839
     812       9.8187
     813      10.1065
     814      10.1254
     815       9.6683
     816      10.0341
     817      10.5449
     818       9.8702
     819       9.4009
     820      10.3352
     821       9.9250
     822       9.7800
     823       9.5856
     824       9.6463
     825       9.5765
     826       9.6572
     827      10.1202
     828      10.2015
     829      10.0093
     830      10.2136
     831       9.6247
     832       9.9336
     833       9.9014
     834       9.9975
     835      10.3002
     836      10.1066
     837       9.8343
     838       9.6345
     839       9.6578
     840       9.8923
     841       9.9443
     842      10.0545
     843      10.4307
     844       9.7118
     845       9.6635
     846      10.0417
     847       9.5090
     848      10.1056
     849      10.1745
     850      10.0044
     851       9.9884
     852      10.1955
     853       9.5095
     854       9.8502
     855       9.8966
     856      10.0008
     857       9.6789
     858      10.1586
     859       9.9398
     860       9.6225
     861       9.7049
     862      10.3575
     863      10.0684
     864       9.5985
     865      10.1659
     866      10.1221
     867       9.9911
     868       9.7871
     869      10.1085
     870       9.6868
     871      10.0896
     872      10.0294
     873       9.6955
     874       9.7657
     875       9.7488
     876       9.5240
     877       9.6868
     878       9.6842
     879      10.2557
     880      10.0109
     881      10.2820
     882      10.1344
     883      10.1251
     884      10.0169
     885      10.3306
     886       9.7683
     887      10.0703
     888      10.2832
     889       9.7088
     890      10.2098
     891      10.2011
     892       9.8469
     893       9.4669
     894      10.0347
     895      10.2965
     896       9.6973
     897      10.0139
     898      10.0367
     899      10.3846
     900      10.1865
     901       9.6076
     902      10.4232
     903      10.0133
     904       9.4583
     905       9.8738
     906      10.3985
     907      10.0427
     908      10.0226
     909      10.3428
     910       9.8948
     911      10.3559
     912       9.8714
     913      10.1673
     914       9.8871
     915       9.5265
     916       9.6159
     917       9.9889
     918      10.1347
     919       9.7857
     920      10.1292
     921      10.2038
     922      10.2348
     923      10.0671
     924       9.8459
     925       9.9468
     926      10.0191
     927      10.2142
     928      10.4821
     929      10.0056
     930      10.0704
     931       9.9908
     932      10.0659
     933       9.9666
     934       9.7193
     935      10.4610
     936      10.2031
     937       9.9885
     938      10.2974
     939       9.5266
     940      10.2568
     941      10.1362
     942      10.1704
     943      10.2468
     944      10.1470
     945      10.1753
     946      10.3665
     947      10.1891
     948      10.2080
     949      10.1366
     950      10.0460
     951       9.9259
     952       9.5619
     953      10.1894
     954      10.0080
     955       9.8601
     956       9.8945
     957      10.0720
     958       9.9598
     959      10.0452
     960       9.6808
     961      10.1443
     962       9.6318
     963      10.0626
     964      10.0596
     965      10.3181
     966      10.0911
     967      10.4449
     968      10.1007
     969      10.1557
     970       9.9936
     971      10.1428
     972       9.9157
     973       9.4563
     974       9.8518
     975      10.0533
     976      10.2035
     977       9.8989
     978       9.9433
     979      10.0717
     980      10.4358
     981      10.2795
     982      10.0113
     983       9.8880
     984      10.4193
     985      10.0595
     986       9.6809
     987       9.9193
     988      10.0957
     989      10.0407
     990      10.0409
     991      10.2085
     992      10.1800
     993      10.3859
     994      10.1983
     995       9.9492
     996       9.6438
     997       9.7916
     998      10.3136
     999       9.7702
    1000       9.6521
