#Frame   M2-E175-Oe_M2-T148-HG1
       1                 5.7385
       2                 5.6957
       3                 5.5170
       4                 5.7785
       5                 5.4064
       6                 5.8436
       7                 5.8514
       8                 6.0777
       9                 5.3684
      10                 5.9539
      11                 5.9110
      12                 5.5658
      13                 6.0660
      14                 6.1368
      15                 5.6181
      16                 6.8216
      17                 5.5275
      18                 5.9152
      19                 5.5888
      20                 5.9153
      21                 6.1666
      22                 5.9618
      23                 5.6857
      24                 6.0984
      25                 5.7945
      26                 5.8957
      27                 6.0398
      28                 5.8709
      29                 5.6549
      30                 5.4944
      31                 5.8725
      32                 5.6511
      33                 6.0650
      34                 6.1450
      35                 6.1545
      36                 5.5783
      37                 5.9340
      38                 6.2645
      39                 5.1972
      40                 5.8663
      41                 5.5631
      42                 5.9678
      43                 5.3962
      44                 5.6030
      45                 6.1361
      46                 5.4899
      47                 5.9057
      48                 5.4267
      49                 6.2366
      50                 5.8425
      51                 5.4532
      52                 5.5944
      53                 5.2740
      54                 5.5378
      55                 5.8033
      56                 5.6692
      57                 6.2595
      58                 5.6328
      59                 5.6220
      60                 6.1170
      61                 5.7488
      62                 6.1613
      63                 5.9300
      64                 5.5189
      65                 5.8318
      66                 5.6731
      67                 5.9349
      68                 5.9472
      69                 5.5517
      70                 5.8130
      71                 5.9229
      72                 5.7512
      73                 6.2368
      74                 5.9669
      75                 6.1228
      76                 5.9756
      77                 5.9735
      78                 5.7772
      79                 5.9121
      80                 5.9518
      81                 6.0806
      82                 5.7774
      83                 5.6178
      84                 5.9609
      85                 5.3315
      86                 5.4869
      87                 5.8966
      88                 6.1812
      89                 5.9604
      90                 5.9190
      91                 5.8297
      92                 5.8912
      93                 5.6947
      94                 6.2810
      95                 5.9798
      96                 5.8053
      97                 5.6108
      98                 5.9532
      99                 6.1207
     100                 6.3892
     101                 6.4746
     102                 5.8254
     103                 5.9951
     104                 6.2016
     105                 5.5294
     106                 6.0048
     107                 5.7689
     108                 5.7270
     109                 5.3015
     110                 5.9031
     111                 6.0210
     112                 5.9252
     113                 6.3052
     114                 5.7202
     115                 5.6220
     116                 5.5681
     117                 6.0903
     118                 5.3429
     119                 5.8353
     120                 5.5300
     121                 6.0104
     122                 5.6202
     123                 6.2321
     124                 5.6656
     125                 5.3440
     126                 5.6854
     127                 5.8214
     128                 5.6673
     129                 5.8549
     130                 5.6620
     131                 5.5547
     132                 5.7103
     133                 5.8216
     134                 5.4091
     135                 5.4978
     136                 5.7112
     137                 5.2058
     138                 5.3257
     139                 5.6010
     140                 5.7035
     141                 6.0090
     142                 5.3380
     143                 5.5788
     144                 5.3801
     145                 5.6561
     146                 6.1750
     147                 5.4814
     148                 5.2626
     149                 6.1439
     150                 5.7933
     151                 5.7173
     152                 1.9270
     153                 1.6849
     154                 5.2308
     155                 5.7749
     156                 5.6759
     157                 5.9873
     158                 5.3828
     159                 5.9264
     160                 5.7052
     161                 5.5115
     162                 5.7605
     163                 4.9893
     164                 5.5536
     165                 6.0175
     166                 5.6191
     167                 6.0510
     168                 5.7944
     169                 6.0188
     170                 5.5628
     171                 5.9464
     172                 5.9215
     173                 5.4639
     174                 5.9026
     175                 5.7515
     176                 5.1650
     177                 5.6272
     178                 5.2805
     179                 6.0492
     180                 6.2865
     181                 6.3515
     182                 5.5903
     183                 5.7610
     184                 5.4087
     185                 5.6377
     186                 5.7545
     187                 6.3413
     188                 6.0649
     189                 5.6310
     190                 5.9784
     191                 5.8379
     192                 5.9137
     193                 6.2687
     194                 5.3986
     195                 5.6635
     196                 6.0148
     197                 5.9788
     198                 6.0399
     199                 5.8471
     200                 5.5559
     201                 6.1060
     202                 5.6821
     203                 5.8400
     204                 5.3786
     205                 5.8662
     206                 6.1440
     207                 6.1044
     208                 5.9906
     209                 5.3826
     210                 5.8950
     211                 5.8141
     212                 6.0576
     213                 5.5745
     214                 5.6343
     215                 6.0016
     216                 5.9864
     217                 6.4365
     218                 5.7566
     219                 5.8337
     220                 6.1288
     221                 6.0826
     222                 5.8918
     223                 6.1056
     224                 5.5472
     225                 5.9169
     226                 5.7821
     227                 5.5742
     228                 6.0846
     229                 5.7852
     230                 5.5371
     231                 6.0966
     232                 5.5491
     233                 5.6003
     234                 6.7788
     235                 5.9134
     236                 5.8747
     237                 5.5207
     238                 5.8144
     239                 6.3673
     240                 5.6185
     241                 5.4468
     242                 6.6150
     243                 5.7385
     244                 6.1312
     245                 5.9027
     246                 5.6926
     247                 5.5220
     248                 5.8375
     249                 6.0177
     250                 5.3478
     251                 5.6801
     252                 5.6759
     253                 5.9979
     254                 5.6811
     255                 6.3259
     256                 5.6985
     257                 5.4198
     258                 6.6338
     259                 5.5513
     260                 5.8107
     261                 6.0679
     262                 6.6096
     263                 6.1039
     264                 5.8806
     265                 5.5529
     266                 5.5410
     267                 5.6587
     268                 5.3423
     269                 6.0091
     270                 6.0943
     271                 5.8832
     272                 5.5011
     273                 5.5467
     274                 5.7967
     275                 5.8919
     276                 5.9430
     277                 5.4584
     278                 5.7713
     279                 5.4332
     280                 5.7189
     281                 5.5673
     282                 5.9416
     283                 6.0178
     284                 5.5647
     285                 5.7429
     286                 6.6361
     287                 5.5720
     288                 7.3675
     289                 7.1926
     290                 5.8519
     291                 5.6619
     292                 5.9057
     293                 5.6455
     294                 5.9025
     295                 6.1045
     296                 5.7226
     297                 5.5106
     298                 6.0431
     299                 5.5026
     300                 5.8621
     301                 5.9645
     302                 6.2257
     303                 5.8716
     304                 5.6807
     305                 5.8327
     306                 5.2266
     307                 6.3770
     308                 5.5699
     309                 5.7709
     310                 5.5936
     311                 5.8541
     312                 6.0739
     313                 5.9291
     314                 5.3784
     315                 5.7289
     316                 5.8128
     317                 6.3767
     318                 5.8738
     319                 5.8751
     320                 5.8806
     321                 6.0543
     322                 5.5267
     323                 5.9322
     324                 5.7623
     325                 6.0516
     326                 5.9944
     327                 5.9030
     328                 6.0064
     329                 5.7287
     330                 6.0693
     331                 5.7734
     332                 6.1190
     333                 5.6365
     334                 5.5511
     335                 5.6070
     336                 6.1456
     337                 6.1767
     338                 5.4288
     339                 6.0113
     340                 6.6856
     341                 6.5302
     342                 6.0633
     343                 5.7952
     344                 5.7796
     345                 5.8158
     346                 5.9242
     347                 5.8226
     348                 6.3522
     349                 6.0027
     350                 6.1781
     351                 5.5256
     352                 7.2390
     353                 6.2778
     354                 5.7124
     355                 5.6601
     356                 5.8598
     357                 5.5835
     358                 6.1523
     359                 5.7444
     360                 6.1495
     361                 6.0080
     362                 5.5623
     363                 5.6214
     364                 6.2775
     365                 5.5403
     366                 5.6881
     367                 5.7539
     368                 5.3911
     369                 6.2679
     370                 5.5765
     371                 5.5677
     372                 5.2903
     373                 5.7219
     374                 6.2916
     375                 5.6459
     376                 5.5559
     377                 5.6968
     378                 5.7322
     379                 5.3955
     380                 5.7182
     381                 5.6491
     382                 6.2824
     383                 6.1724
     384                 5.6570
     385                 5.4659
     386                 6.0939
     387                 5.9161
     388                 5.5944
     389                 5.7453
     390                 6.1486
     391                 6.0826
     392                 5.9374
     393                 5.5317
     394                 5.8081
     395                 6.0646
     396                 2.3971
     397                 2.3181
     398                 2.2122
     399                 2.0678
     400                 2.4949
     401                 2.0824
     402                 2.7020
     403                 2.6968
     404                 1.8950
     405                 2.3734
     406                 1.8801
     407                 2.7123
     408                 2.6589
     409                 5.4370
     410                 2.9566
     411                 2.3429
     412                 2.8527
     413                 2.7149
     414                 2.4209
     415                 2.8598
     416                 3.2570
     417                 2.5623
     418                 2.7176
     419                 2.2315
     420                 2.5420
     421                 1.9561
     422                 2.5307
     423                 4.5142
     424                 2.4159
     425                 3.4195
     426                 2.2918
     427                 3.5116
     428                 2.3737
     429                 4.1474
     430                 2.7356
     431                 3.2865
     432                 2.7404
     433                 2.5391
     434                 2.1003
     435                 2.3797
     436                 2.1992
     437                 2.1861
     438                 2.2077
     439                 2.6403
     440                 2.1988
     441                 2.0864
     442                 2.4185
     443                 2.4298
     444                 2.8545
     445                 2.2769
     446                 1.9648
     447                 2.4160
     448                 2.6032
     449                 2.0156
     450                 2.5160
     451                 2.5421
     452                 2.1410
     453                 2.0628
     454                 2.5062
     455                 2.0584
     456                 2.6020
     457                 2.1993
     458                 2.2469
     459                 2.6285
     460                 2.1115
     461                 2.1239
     462                 2.0692
     463                 2.3567
     464                 2.3209
     465                 2.0836
     466                 2.1261
     467                 1.7540
     468                 2.2818
     469                 2.2036
     470                 2.0173
     471                 2.8448
     472                 2.4796
     473                 2.4878
     474                 2.2883
     475                 2.4320
     476                 2.2656
     477                 2.3428
     478                 1.8975
     479                 2.9284
     480                 2.2055
     481                 2.3762
     482                 2.4196
     483                 3.0776
     484                 2.3212
     485                 2.2839
     486                 2.1428
     487                 2.4754
     488                 2.4355
     489                 2.2973
     490                 2.2548
     491                 2.2075
     492                 2.7569
     493                 2.5561
     494                 2.4106
     495                 2.2488
     496                 2.3092
     497                 2.3744
     498                 1.9250
     499                 2.0461
     500                 3.3078
     501                 2.1158
     502                 2.4501
     503                 2.0415
     504                 2.4987
     505                 2.6778
     506                 2.2840
     507                 2.1300
     508                 2.6181
     509                 2.1710
     510                 2.4493
     511                 2.1679
     512                 3.1058
     513                 2.3872
     514                 2.8284
     515                 2.2438
     516                 2.3743
     517                 2.6202
     518                 1.9566
     519                 2.7838
     520                 2.8824
     521                 2.5507
     522                 2.2594
     523                 1.9977
     524                 2.2202
     525                 2.3975
     526                 2.4757
     527                 2.0518
     528                 2.6263
     529                 2.3786
     530                 2.3043
     531                 2.6152
     532                 1.9721
     533                 2.1446
     534                 2.0400
     535                 3.4578
     536                 2.5451
     537                 2.7623
     538                 2.4577
     539                 2.4319
     540                 2.7025
     541                 2.5380
     542                 2.2803
     543                 2.6951
     544                 2.2525
     545                 2.1035
     546                 1.9532
     547                 2.1020
     548                 2.6784
     549                 2.6545
     550                 2.7789
     551                 2.6542
     552                 2.3708
     553                 2.6738
     554                 2.5898
     555                 2.7244
     556                 2.0095
     557                 2.5570
     558                 1.9344
     559                 2.3510
     560                 2.3397
     561                 3.8449
     562                 2.7194
     563                 2.4672
     564                 2.2646
     565                 2.4406
     566                 2.5561
     567                 1.9905
     568                 2.6481
     569                 2.7110
     570                 2.2282
     571                 2.1144
     572                 2.4480
     573                 2.0922
     574                 1.8683
     575                 3.5942
     576                 2.2914
     577                 2.7384
     578                 2.2036
     579                 2.5335
     580                 5.8665
     581                 5.8221
     582                 5.4110
     583                 5.9166
     584                 6.8834
     585                 5.9423
     586                 5.8807
     587                 6.0030
     588                 2.7275
     589                 2.6508
     590                 2.7531
     591                 2.8628
     592                 2.3770
     593                 2.2638
     594                 2.3229
     595                 2.6078
     596                 2.2395
     597                 2.1377
     598                 2.3095
     599                 2.4089
     600                 2.0725
     601                 2.1360
     602                 2.5138
     603                 2.2152
     604                 1.8061
     605                 3.0067
     606                 2.2692
     607                 1.9297
     608                 2.2932
     609                 2.3005
     610                 2.4460
     611                 2.4617
     612                 2.0672
     613                 2.3935
     614                 2.1820
     615                 2.0506
     616                 1.9099
     617                 2.2406
     618                 2.1667
     619                 2.2522
     620                 2.1644
     621                 2.0818
     622                 2.4206
     623                 2.5704
     624                 2.3685
     625                 2.7594
     626                 2.1349
     627                 2.7401
     628                 2.5033
     629                 2.6935
     630                 2.0599
     631                 3.2045
     632                 2.3580
     633                 2.0001
     634                 2.1124
     635                 6.0769
     636                 5.5810
     637                 5.4184
     638                 5.8613
     639                 5.8481
     640                 5.9122
     641                 6.0519
     642                 5.9480
     643                 5.2508
     644                 6.0127
     645                 6.3034
     646                 6.1169
     647                 5.5671
     648                 6.1947
     649                 6.1688
     650                 6.1562
     651                 6.3012
     652                 5.5961
     653                 5.9461
     654                 5.6712
     655                 5.2224
     656                 5.8008
     657                 5.6865
     658                 5.9582
     659                 6.4407
     660                 5.5562
     661                 5.7203
     662                 5.2967
     663                 5.3225
     664                 5.5348
     665                 6.1796
     666                 5.5180
     667                 5.7386
     668                 6.8180
     669                 5.7022
     670                 6.1252
     671                 5.7099
     672                 5.4741
     673                 5.4336
     674                 5.7505
     675                 5.8201
     676                 5.8836
     677                 5.5151
     678                 5.5874
     679                 5.4568
     680                 5.5978
     681                 5.3485
     682                 5.6378
     683                 6.3194
     684                 6.0372
     685                 5.8038
     686                 5.8855
     687                 6.0582
     688                 6.2417
     689                 5.8365
     690                 6.5395
     691                 5.9888
     692                 5.5238
     693                 5.8915
     694                 5.8362
     695                 5.3860
     696                 5.4871
     697                 5.7126
     698                 5.4783
     699                 5.7555
     700                 5.4446
     701                 6.0037
     702                 5.6755
     703                 5.8438
     704                 5.7749
     705                 5.3032
     706                 6.3931
     707                 6.5803
     708                 6.3538
     709                 5.8081
     710                 5.8589
     711                 5.8068
     712                 5.2914
     713                 5.2802
     714                 5.6202
     715                 5.7652
     716                 6.0924
     717                 5.9071
     718                 5.6077
     719                 5.9681
     720                 5.7631
     721                 5.9812
     722                 5.3642
     723                 6.2661
     724                 5.9596
     725                 5.4479
     726                 5.6104
     727                 5.6137
     728                 5.5184
     729                 5.7686
     730                 5.1991
     731                 5.5287
     732                 5.3249
     733                 5.7026
     734                 5.9010
     735                 5.8552
     736                 5.4848
     737                 5.9377
     738                 6.1203
     739                 6.3770
     740                 5.6851
     741                 6.1181
     742                 5.9418
     743                 5.5937
     744                 6.0616
     745                 5.9522
     746                 6.0212
     747                 6.4346
     748                 6.0278
     749                 5.5539
     750                 6.0149
     751                 6.0158
     752                 6.4022
     753                 5.5205
     754                 5.9282
     755                 6.2732
     756                 6.0004
     757                 5.5977
     758                 5.7679
     759                 5.4502
     760                 5.8809
     761                 6.8593
     762                 6.4999
     763                 5.7883
     764                 5.8559
     765                 5.7370
     766                 5.9713
     767                 5.8174
     768                 5.4115
     769                 8.1444
     770                 5.7413
     771                 6.4571
     772                 6.2916
     773                 5.9259
     774                 6.0309
     775                 6.3728
     776                 5.8158
     777                 6.0060
     778                 5.8822
     779                 6.0362
     780                 5.9729
     781                 5.7572
     782                 6.3612
     783                 6.0438
     784                 6.4287
     785                 5.7041
     786                 5.9432
     787                 6.1806
     788                 6.1511
     789                 6.5329
     790                 5.8030
     791                 5.8713
     792                 5.7974
     793                 5.8380
     794                 6.6805
     795                 6.0011
     796                 5.1147
     797                 5.5012
     798                 6.5129
     799                 5.4781
     800                 5.5354
     801                 5.6161
     802                 6.2718
     803                 5.8353
     804                 6.1267
     805                 2.3424
     806                 5.6199
     807                 5.6131
     808                 6.1242
     809                 5.8641
     810                 6.4208
     811                 5.7194
     812                 5.7437
     813                 6.3523
     814                 5.4071
     815                 6.0125
     816                 5.4143
     817                 6.2517
     818                 6.1118
     819                 6.3139
     820                 5.3668
     821                 5.2812
     822                 5.3761
     823                 5.2834
     824                 5.6424
     825                 5.7749
     826                 5.6465
     827                 5.6793
     828                 6.4583
     829                 5.9342
     830                 5.9441
     831                 5.9076
     832                 5.4067
     833                 6.0996
     834                 5.1879
     835                 5.7766
     836                 5.7063
     837                 6.3756
     838                 5.4888
     839                 5.9008
     840                 5.7313
     841                 5.3510
     842                 5.5415
     843                 5.7773
     844                 5.4814
     845                 5.5647
     846                 5.5699
     847                 5.5456
     848                 5.6003
     849                 5.6101
     850                 5.7056
     851                 5.3798
     852                 5.8300
     853                 5.3697
     854                 5.4827
     855                 6.0501
     856                 5.8021
     857                 5.6045
     858                 6.2617
     859                 6.0774
     860                 5.3223
     861                 5.9890
     862                 5.7330
     863                 5.3440
     864                 5.9383
     865                 6.0729
     866                 5.9389
     867                 5.5815
     868                 5.3745
     869                 5.6433
     870                 6.5732
     871                 5.9868
     872                 5.3705
     873                 5.9563
     874                 5.8388
     875                 5.9204
     876                 5.8550
     877                 6.0391
     878                 5.9230
     879                 5.9397
     880                 5.4199
     881                 5.9562
     882                 6.1514
     883                 6.4036
     884                 5.7143
     885                 5.1995
     886                 5.9201
     887                 6.0524
     888                 5.5354
     889                 5.2878
     890                 5.5721
     891                 5.9745
     892                 5.9870
     893                 6.4684
     894                 5.8184
     895                 5.7255
     896                 6.1664
     897                 5.6958
     898                 5.6421
     899                 5.7158
     900                 5.3643
     901                 5.8502
     902                 5.6913
     903                 5.7916
     904                 5.5768
     905                 5.3302
     906                 5.6497
     907                 5.7806
     908                 5.8004
     909                 5.8155
     910                 5.7198
     911                 5.5842
     912                 5.6858
     913                 5.5197
     914                 5.7541
     915                 6.7193
     916                 5.5205
     917                 5.5687
     918                 6.3800
     919                 5.8129
     920                 6.1292
     921                 5.8044
     922                 5.7369
     923                 5.5242
     924                 5.8205
     925                 5.6251
     926                 5.2383
     927                 6.1030
     928                 6.5907
     929                 6.3823
     930                 6.0262
     931                 6.1479
     932                 6.4167
     933                 5.8804
     934                 5.7448
     935                 6.2324
     936                 6.0326
     937                 5.3515
     938                 5.6037
     939                 5.4702
     940                 5.9906
     941                 5.9941
     942                 5.5773
     943                 6.3622
     944                 5.1925
     945                 5.9024
     946                 5.9437
     947                 6.2393
     948                 6.1004
     949                 5.8412
     950                 6.0040
     951                 6.2509
     952                 6.0813
     953                 5.4409
     954                 6.3364
     955                 5.4568
     956                 5.8451
     957                 6.0593
     958                 5.9750
     959                 5.4524
     960                 6.6749
     961                 5.7945
     962                 6.3827
     963                 5.5061
     964                 5.4439
     965                 6.0733
     966                 5.5436
     967                 5.8365
     968                 5.9896
     969                 6.0620
     970                 5.6080
     971                 6.0373
     972                 6.0431
     973                 5.6374
     974                 5.9943
     975                 6.0692
     976                 6.1412
     977                 5.2044
     978                 5.4400
     979                 5.3079
     980                 5.7514
     981                 6.3148
     982                 6.2380
     983                 5.5105
     984                 5.8763
     985                 5.1717
     986                 5.8039
     987                 5.9785
     988                 5.7703
     989                 5.9752
     990                 5.5755
     991                 6.2480
     992                 5.9330
     993                 5.8727
     994                 5.7205
     995                 5.4912
     996                 6.0395
     997                 6.3303
     998                 6.2379
     999                 6.1196
    1000                 5.5561
