#Frame   M1-E175-Oe_M2-W184-He1
       1                 9.1165
       2                 8.5869
       3                 7.8189
       4                 8.9700
       5                 8.1350
       6                 8.8087
       7                 7.7711
       8                 8.4477
       9                 8.6098
      10                 8.3181
      11                 8.3565
      12                 8.1593
      13                 9.5454
      14                 7.9804
      15                 7.7728
      16                 7.9813
      17                 8.7570
      18                 9.0525
      19                 7.7885
      20                 6.6888
      21                 7.8945
      22                 8.5995
      23                 7.6147
      24                 9.1792
      25                 7.8641
      26                 7.7685
      27                 8.2352
      28                 8.4732
      29                 8.4047
      30                 7.3994
      31                 8.7956
      32                 7.7420
      33                 7.9128
      34                 8.2686
      35                 9.1204
      36                 8.5027
      37                 9.4375
      38                 8.1275
      39                 8.6381
      40                 9.8478
      41                 8.7744
      42                 8.6774
      43                 8.1454
      44                 8.6066
      45                 9.0863
      46                 9.3675
      47                 7.7771
      48                 8.6760
      49                 7.5197
      50                 7.6866
      51                 7.8827
      52                 8.3383
      53                 8.0375
      54                 8.2220
      55                 9.0961
      56                 9.2272
      57                 8.5619
      58                 9.1446
      59                 8.8667
      60                 7.6855
      61                 7.6174
      62                 7.8291
      63                 8.2300
      64                 7.6856
      65                 8.7033
      66                 8.1972
      67                 8.8391
      68                 8.8364
      69                 9.0207
      70                 9.7604
      71                 8.5566
      72                 7.8681
      73                 8.7598
      74                 8.8260
      75                 7.6600
      76                 8.8175
      77                 8.2372
      78                 7.8121
      79                 9.2481
      80                 9.0684
      81                 8.2253
      82                 7.1954
      83                 8.4352
      84                 7.7488
      85                 8.6459
      86                 7.5999
      87                 8.2018
      88                10.2011
      89                 8.3753
      90                 8.7726
      91                 7.6764
      92                 8.4823
      93                 8.4862
      94                 8.8600
      95                 8.3874
      96                 9.0980
      97                 8.5286
      98                 8.4706
      99                 8.5702
     100                 8.4606
     101                 8.8370
     102                 8.2014
     103                 8.2778
     104                 8.3265
     105                 8.4908
     106                 8.3213
     107                 8.6617
     108                 9.2660
     109                 8.5294
     110                 8.0370
     111                 8.4034
     112                 8.2039
     113                 8.3656
     114                 8.7823
     115                 7.8305
     116                 8.3120
     117                 8.6194
     118                 8.7465
     119                 8.9765
     120                 8.5006
     121                 8.1715
     122                 8.5618
     123                 8.4455
     124                 8.0832
     125                 8.3342
     126                 8.5817
     127                 8.9097
     128                 8.4498
     129                 8.9698
     130                 7.4264
     131                 8.2611
     132                 8.8666
     133                 7.9895
     134                 9.6545
     135                 8.9410
     136                 9.4442
     137                 7.9089
     138                 8.7957
     139                 8.2712
     140                 8.3733
     141                 8.6951
     142                 8.1701
     143                 9.1433
     144                 9.2938
     145                 8.7086
     146                 8.2973
     147                 8.5237
     148                 8.4019
     149                 8.7642
     150                 8.1591
     151                 9.0504
     152                 8.0262
     153                 7.6911
     154                 8.4934
     155                 8.4909
     156                 8.2436
     157                 9.1097
     158                 9.9778
     159                 8.6692
     160                 8.6107
     161                 7.7225
     162                 8.1804
     163                 8.2529
     164                 7.9613
     165                 8.2474
     166                 8.3984
     167                 8.4052
     168                 7.7487
     169                 9.1584
     170                 7.2829
     171                 7.6003
     172                 7.4763
     173                 8.3274
     174                 9.0811
     175                 8.9073
     176                 8.6341
     177                 7.6250
     178                 9.4658
     179                 8.1480
     180                 9.1329
     181                 8.4688
     182                 8.6797
     183                 8.1617
     184                 9.1155
     185                 8.7255
     186                 7.7218
     187                 7.9405
     188                 7.6811
     189                 8.5097
     190                 7.3443
     191                 8.5035
     192                 8.1685
     193                 8.1721
     194                 8.7389
     195                 8.2267
     196                 8.0233
     197                 7.5385
     198                 6.6334
     199                 7.8783
     200                 7.9595
     201                 7.8366
     202                 8.2806
     203                 8.2632
     204                 7.7511
     205                 8.2655
     206                 7.7462
     207                 7.8735
     208                 7.8421
     209                 9.7362
     210                 8.8527
     211                 9.7743
     212                 8.3694
     213                 8.3279
     214                 7.8334
     215                 9.4846
     216                 8.1390
     217                 8.8209
     218                 7.9048
     219                 8.1280
     220                 9.4700
     221                 8.5583
     222                 8.2142
     223                 8.0487
     224                 7.3162
     225                 9.1432
     226                 9.0167
     227                 8.3124
     228                 9.1364
     229                 8.4730
     230                 9.0764
     231                 8.0694
     232                 8.6973
     233                 7.7989
     234                 7.8907
     235                 8.7993
     236                 8.4565
     237                 7.9175
     238                 8.6915
     239                 9.2121
     240                 8.0054
     241                 7.8662
     242                 8.3755
     243                 8.0089
     244                 8.5075
     245                 8.7609
     246                 8.0576
     247                 9.0289
     248                 8.7825
     249                 8.6457
     250                 7.9726
     251                 7.8681
     252                 7.4921
     253                 8.3775
     254                 8.5300
     255                 8.4151
     256                 9.3275
     257                 8.6328
     258                 8.2396
     259                 7.2818
     260                 8.0913
     261                 8.8679
     262                 7.8635
     263                 8.5172
     264                 9.1682
     265                 8.2839
     266                 9.0048
     267                 8.9526
     268                10.0423
     269                 8.1407
     270                 8.7679
     271                 7.6475
     272                 7.5650
     273                 9.0065
     274                 8.7744
     275                 8.3123
     276                 8.2237
     277                 8.3270
     278                 8.6112
     279                 9.1004
     280                 8.1722
     281                 9.0618
     282                 8.1092
     283                 8.8452
     284                 7.5039
     285                 8.4783
     286                 7.7539
     287                 7.8192
     288                 7.9711
     289                 8.8258
     290                 9.3481
     291                 7.8886
     292                 7.3084
     293                 7.9185
     294                 8.1921
     295                 8.9041
     296                 8.1231
     297                 8.4940
     298                 8.5174
     299                 8.9250
     300                 7.8078
     301                 8.0440
     302                 8.9949
     303                 8.1520
     304                 8.9910
     305                 8.5319
     306                 8.6688
     307                 8.3497
     308                 9.4622
     309                 9.1265
     310                 8.3184
     311                 8.8467
     312                 8.6412
     313                 7.9665
     314                 9.3234
     315                 8.0276
     316                 9.0715
     317                 8.1270
     318                 8.3797
     319                 8.4385
     320                 8.3828
     321                 8.3089
     322                 7.9722
     323                 9.0644
     324                 8.9321
     325                 8.3901
     326                 8.5440
     327                 8.5864
     328                 9.2529
     329                 8.6677
     330                 8.5181
     331                 8.5906
     332                 8.3507
     333                 8.1448
     334                 7.5171
     335                 8.1610
     336                 8.4222
     337                 8.5081
     338                 9.2321
     339                 8.4702
     340                 8.6609
     341                 8.9426
     342                 8.5498
     343                 9.5523
     344                 8.6644
     345                 8.3260
     346                 7.9220
     347                 8.7386
     348                 7.6021
     349                 9.1755
     350                 8.3353
     351                 9.1341
     352                 9.3212
     353                 8.1669
     354                 8.4547
     355                 8.6636
     356                 8.0955
     357                 8.2593
     358                 7.2691
     359                 9.2136
     360                 8.2658
     361                 8.4014
     362                 8.8247
     363                 8.3254
     364                 8.3537
     365                 9.7866
     366                 8.2975
     367                 8.2524
     368                 8.5384
     369                 8.2420
     370                 8.2180
     371                 8.5275
     372                 7.6043
     373                 8.0243
     374                 8.9628
     375                 8.1036
     376                 8.3836
     377                 8.7768
     378                 8.9424
     379                 8.0847
     380                 8.2617
     381                 7.9151
     382                 8.3001
     383                 7.6423
     384                 8.2111
     385                 8.5564
     386                 8.0133
     387                 8.2836
     388                 8.6062
     389                 8.3010
     390                 8.7122
     391                 8.2907
     392                 9.5191
     393                 8.2684
     394                 9.2647
     395                 8.0573
     396                 8.7852
     397                 9.4352
     398                 8.0028
     399                 7.7392
     400                 8.9553
     401                 8.5592
     402                 8.2104
     403                 9.1069
     404                 8.2430
     405                 8.4646
     406                 8.6976
     407                 8.7517
     408                 7.7428
     409                 8.2325
     410                 8.3211
     411                 9.0845
     412                 7.5033
     413                 8.0845
     414                 9.2131
     415                 8.5212
     416                 8.3056
     417                 7.5869
     418                 8.4559
     419                 7.8563
     420                 8.7593
     421                 8.4178
     422                 7.8599
     423                 8.1694
     424                 9.2921
     425                 7.2886
     426                 9.0020
     427                 8.2407
     428                 8.4370
     429                 7.7577
     430                 8.0009
     431                 7.8275
     432                 8.0201
     433                 8.5971
     434                 8.0905
     435                 8.5673
     436                 7.7022
     437                 9.0041
     438                 8.0210
     439                 8.6673
     440                 8.8248
     441                 7.9365
     442                 8.2633
     443                 9.3137
     444                 8.2637
     445                 8.3282
     446                 8.4166
     447                 8.4220
     448                 8.2882
     449                 8.7789
     450                 7.8618
     451                 8.9331
     452                 9.7526
     453                 7.5387
     454                 9.5183
     455                 8.5899
     456                 8.3932
     457                 8.6346
     458                 7.8640
     459                 7.8761
     460                 8.3915
     461                 7.8978
     462                 7.7846
     463                 8.9885
     464                 8.4109
     465                 8.6947
     466                 8.9214
     467                 8.0640
     468                 8.9711
     469                 8.1603
     470                 7.9787
     471                 8.0584
     472                 8.3166
     473                 8.3015
     474                 7.8354
     475                 8.5216
     476                 8.3794
     477                 8.4220
     478                 8.7350
     479                 8.3279
     480                 7.5967
     481                 7.5197
     482                 7.3966
     483                 8.0857
     484                 7.9740
     485                 8.2160
     486                 8.0126
     487                 7.6491
     488                 8.2060
     489                 8.6792
     490                 8.8576
     491                 8.0311
     492                 7.6413
     493                 8.5653
     494                 7.9094
     495                 8.3495
     496                 8.4357
     497                 9.1667
     498                 9.0397
     499                 8.0231
     500                 9.0650
     501                 8.4026
     502                 8.6907
     503                 8.3971
     504                 9.1392
     505                 8.5441
     506                 8.1175
     507                 8.3134
     508                 7.7751
     509                 8.2258
     510                 8.1455
     511                 8.5021
     512                 8.0976
     513                 8.6076
     514                 8.0777
     515                 7.8625
     516                 7.9959
     517                 9.0323
     518                 7.2523
     519                 8.5815
     520                 8.1109
     521                 8.6063
     522                 9.1085
     523                 8.1140
     524                 8.1987
     525                 8.6663
     526                 8.5423
     527                 8.4229
     528                 9.8730
     529                 8.8945
     530                 8.8456
     531                 8.9162
     532                 8.6935
     533                 8.9354
     534                 8.3929
     535                 9.6374
     536                 7.3488
     537                 9.0221
     538                 9.1959
     539                 9.1054
     540                 8.2271
     541                 9.7622
     542                 8.2284
     543                 8.6296
     544                 8.4444
     545                 8.0765
     546                 8.4131
     547                 7.8254
     548                 8.8764
     549                 8.3291
     550                 8.5098
     551                 8.3703
     552                 9.5438
     553                 8.9135
     554                 9.3035
     555                 8.7444
     556                 8.5370
     557                 8.5427
     558                 8.0295
     559                 6.8068
     560                 8.3099
     561                 8.6174
     562                 8.6809
     563                 8.1612
     564                 8.8873
     565                 8.3327
     566                 8.0850
     567                 7.8116
     568                 9.3111
     569                 7.9652
     570                 8.8063
     571                 8.9112
     572                 7.8938
     573                 8.1106
     574                 8.1440
     575                 8.2522
     576                 8.1757
     577                 8.1659
     578                 7.9729
     579                 7.1104
     580                 8.3826
     581                 7.9224
     582                 8.7108
     583                 8.0332
     584                 8.0228
     585                 8.2887
     586                 9.1325
     587                 8.2022
     588                 8.9341
     589                 7.8440
     590                 8.4542
     591                 8.1754
     592                 9.1779
     593                 9.3793
     594                 8.0093
     595                 7.8689
     596                 9.0869
     597                 8.7229
     598                 7.5042
     599                 8.3460
     600                 8.7940
     601                 8.1388
     602                 8.2787
     603                 8.2005
     604                 9.1014
     605                 7.6677
     606                 8.2011
     607                 8.1610
     608                 8.5981
     609                 8.5622
     610                 8.7613
     611                 7.7733
     612                 8.5656
     613                 8.6027
     614                 8.8169
     615                 8.0142
     616                 7.3927
     617                 8.2178
     618                 8.2891
     619                 8.7381
     620                 8.0005
     621                 8.3915
     622                 8.4099
     623                 8.4838
     624                 8.1554
     625                 8.7107
     626                 9.2420
     627                 8.5988
     628                 8.4430
     629                 7.0853
     630                 8.2691
     631                 8.4307
     632                 8.6722
     633                 8.2451
     634                 7.8029
     635                 9.3978
     636                 9.5418
     637                 8.6481
     638                 8.6802
     639                 9.9003
     640                 8.5289
     641                 7.8835
     642                 8.7763
     643                 8.3765
     644                 8.2443
     645                 8.2738
     646                 8.5127
     647                 7.9680
     648                 8.8439
     649                 8.2524
     650                 7.5409
     651                 8.0077
     652                 8.1720
     653                 9.1348
     654                 8.4648
     655                 7.8924
     656                 7.6307
     657                 7.8137
     658                 7.9757
     659                 7.9267
     660                 8.5712
     661                 8.4259
     662                 8.2104
     663                 7.6569
     664                 8.8047
     665                 7.8686
     666                 8.2653
     667                 7.7063
     668                 8.5788
     669                 8.1609
     670                 8.2584
     671                 8.6803
     672                 7.5049
     673                 8.3885
     674                 8.5227
     675                 7.4474
     676                 8.0987
     677                 8.4545
     678                 8.4938
     679                 7.2547
     680                 7.1374
     681                 8.6641
     682                 9.0938
     683                 7.7060
     684                 8.8622
     685                 8.5339
     686                 7.5134
     687                 8.0509
     688                 8.9645
     689                 8.3156
     690                 7.4377
     691                 7.7395
     692                 8.3492
     693                 8.5950
     694                 8.1463
     695                 8.6565
     696                 7.6291
     697                 7.5804
     698                 8.1453
     699                 8.6666
     700                 9.4290
     701                 7.8317
     702                 8.2349
     703                 8.8845
     704                 8.5450
     705                 7.9118
     706                 9.0630
     707                 8.0811
     708                 7.9798
     709                 7.3640
     710                 7.7541
     711                 7.0711
     712                 8.4311
     713                 9.1953
     714                 9.2930
     715                 8.1996
     716                 8.2764
     717                 8.8926
     718                 8.4588
     719                 7.7511
     720                 8.6535
     721                 8.6910
     722                 9.3482
     723                 7.9183
     724                 7.7388
     725                 8.1511
     726                 8.5236
     727                 8.5514
     728                 8.0046
     729                 8.1700
     730                 8.4225
     731                 9.1745
     732                 9.1381
     733                 8.4254
     734                 8.3747
     735                 8.0154
     736                 8.4958
     737                 8.4531
     738                 8.2167
     739                 7.4211
     740                 8.5638
     741                 8.9116
     742                 8.9293
     743                 9.3677
     744                 8.1209
     745                 9.1300
     746                 8.9361
     747                 8.4393
     748                 8.2036
     749                 7.5856
     750                 8.4585
     751                 7.6602
     752                 7.3027
     753                 9.0209
     754                 7.8723
     755                 8.0608
     756                 8.2564
     757                 8.9464
     758                 8.1626
     759                 8.6265
     760                 8.9773
     761                 8.4118
     762                 8.0696
     763                 7.9051
     764                 7.8057
     765                 8.7120
     766                 8.1116
     767                 8.7624
     768                 8.6891
     769                 9.3826
     770                 8.1221
     771                 8.4499
     772                 8.5004
     773                 8.2047
     774                 7.9968
     775                 8.5138
     776                 8.0538
     777                 9.1107
     778                 9.8173
     779                 8.3270
     780                 8.6944
     781                 8.8330
     782                 9.4960
     783                 9.1887
     784                 8.9602
     785                 8.4527
     786                 9.2476
     787                 8.8394
     788                 8.7678
     789                 8.5871
     790                 8.7520
     791                 8.9443
     792                 8.6231
     793                 8.2222
     794                 8.0000
     795                 8.3103
     796                 8.4322
     797                 8.7508
     798                 9.1073
     799                 8.5669
     800                 9.8707
     801                 8.4595
     802                 8.7562
     803                 8.2342
     804                 8.4124
     805                 8.6269
     806                 8.7195
     807                 8.1663
     808                 8.7175
     809                 8.0795
     810                 7.6390
     811                 8.1873
     812                 8.7009
     813                 8.3595
     814                 8.9348
     815                 8.8942
     816                 9.0209
     817                 8.5820
     818                 8.8893
     819                 8.4731
     820                 8.7667
     821                 8.3015
     822                 8.9239
     823                 8.1720
     824                 8.5546
     825                 8.4676
     826                 7.6353
     827                 8.2319
     828                 8.5017
     829                 8.3147
     830                 8.8580
     831                 8.8103
     832                 9.0009
     833                 8.0535
     834                 8.8740
     835                 9.0959
     836                 7.8127
     837                 8.1412
     838                 8.3244
     839                 8.4878
     840                 8.9720
     841                 8.7670
     842                 8.8122
     843                 8.1944
     844                 9.3739
     845                 9.5580
     846                 8.4747
     847                 8.8515
     848                 8.4111
     849                 8.1043
     850                 9.5313
     851                 8.7006
     852                 8.7751
     853                 8.0533
     854                 9.2488
     855                 7.7841
     856                 8.8529
     857                 8.0797
     858                 7.9899
     859                 8.8797
     860                 8.5625
     861                 8.6962
     862                 8.4231
     863                 7.9965
     864                 8.4191
     865                 8.8737
     866                 8.5745
     867                 8.2841
     868                 8.7085
     869                 8.6976
     870                 8.9358
     871                 8.3609
     872                 8.2792
     873                 8.4364
     874                 7.6836
     875                 8.5240
     876                 8.9244
     877                 8.1371
     878                 7.6980
     879                 7.9217
     880                 9.1908
     881                 8.3782
     882                 8.7525
     883                 8.3212
     884                 8.4905
     885                 8.6878
     886                 7.7012
     887                 7.8256
     888                 8.1849
     889                 8.9413
     890                 9.9099
     891                 8.2584
     892                 9.1495
     893                 7.9986
     894                 8.1055
     895                 9.0210
     896                 8.1818
     897                 8.0455
     898                 9.0314
     899                 8.2014
     900                 7.9743
     901                 7.9301
     902                 8.3562
     903                 8.4954
     904                 7.5299
     905                 8.1817
     906                 8.2477
     907                 8.3767
     908                 8.3058
     909                 8.5897
     910                 8.9287
     911                 7.5736
     912                 6.8625
     913                 8.2188
     914                 7.7573
     915                 8.8983
     916                 9.4185
     917                 8.8276
     918                 8.1252
     919                 8.1223
     920                 8.4437
     921                 8.9776
     922                 8.2119
     923                 7.6173
     924                 8.7772
     925                 7.9589
     926                 8.6552
     927                 7.4956
     928                 8.2397
     929                 8.0238
     930                 7.9711
     931                 8.4221
     932                 7.3261
     933                 8.3850
     934                 8.5767
     935                 8.3977
     936                 8.1151
     937                 8.2195
     938                 9.6443
     939                 8.2038
     940                 9.0275
     941                 8.2802
     942                 8.3658
     943                 7.7326
     944                 7.8713
     945                 7.5849
     946                 7.7111
     947                 8.4795
     948                 8.2329
     949                 8.8794
     950                 8.5604
     951                 8.7492
     952                 8.3718
     953                 7.7892
     954                 8.7496
     955                 8.0579
     956                 8.8201
     957                 8.5808
     958                 8.0176
     959                 8.7262
     960                 8.5990
     961                10.2928
     962                 8.4957
     963                 8.8108
     964                 9.3426
     965                 8.1750
     966                 9.0475
     967                 9.2391
     968                 7.7219
     969                 8.4102
     970                 7.5746
     971                 8.1386
     972                 8.3528
     973                 7.0317
     974                 8.6946
     975                 8.8124
     976                 8.1773
     977                 8.7572
     978                 9.1514
     979                 8.4510
     980                 9.0855
     981                 9.2540
     982                 8.1583
     983                 8.4635
     984                 8.0996
     985                 8.5086
     986                 8.0583
     987                 7.4757
     988                 9.3251
     989                 8.2678
     990                 8.7219
     991                 8.1414
     992                 8.3195
     993                 9.1189
     994                 7.8081
     995                 8.5876
     996                 8.5742
     997                 7.9084
     998                 9.0606
     999                 8.9898
    1000                 8.4024
