#Frame        chi1:32      chi2:32      chi3:32
       1    -178.7921      58.8635      82.0783
       2    -177.9263      77.4140      52.8717
       3    -179.7433      58.7005      92.3200
       4    -172.1186      42.8395     103.4543
       5    -175.0182      43.8669      63.4988
       6     178.6528      59.3293      63.6151
       7     178.2300      52.6788      62.3791
       8    -172.5546      45.8647      71.2208
       9    -167.3140      36.3373      98.3489
      10    -175.5675      50.7053      71.7778
      11    -173.7658      34.1859      84.7525
      12    -118.7995     -42.8066      95.0039
      13    -176.5497      55.3780      99.3145
      14    -172.8178      50.5044      84.4832
      15    -179.2660      56.5039      78.0690
      16    -176.5233      60.7557      90.2271
      17     174.0988      62.7029      80.3568
      18    -171.3715      49.4226      96.5727
      19    -172.6388      44.3194      85.6824
      20     -82.0532     -58.3675     149.2255
      21    -177.6367      47.6085      75.2440
      22    -166.2560      49.1472      89.2706
      23    -170.1659      47.9744      90.5785
      24     177.0177      64.9923      95.8844
      25    -169.6542      53.3165      74.2505
      26     174.8973      60.3603      99.5800
      27     178.1231      52.7009      74.7231
      28    -173.0661      47.4542      79.9243
      29    -178.2608      47.2427     101.2513
      30    -171.1945      39.1976      62.1516
      31     178.2242      47.0867      95.1989
      32    -175.8247      58.3134    -131.5222
      33    -177.8907      50.8171    -102.7509
      34    -160.8976      37.4784      83.9982
      35    -170.1934      55.6629     101.6065
      36    -169.0664      54.7527      77.3614
      37    -172.1689      66.3638      86.5346
      38    -179.5529      59.2122      74.3425
      39    -176.1639      59.4241      84.6485
      40    -170.5894      48.6046     123.5083
      41    -167.1959      50.5191      81.2640
      42    -164.9212      45.7913      94.7519
      43    -165.4525      63.5576    -138.5287
      44    -165.5363      35.5714     -84.1615
      45    -174.8311      64.5748     -85.9518
      46    -174.1199      44.3308     -84.5577
      47    -175.7240      54.3142     -89.8406
      48     -66.8718     -67.3644      21.0604
      49     173.5045      58.2226      43.6737
      50    -168.0755      40.7643      90.9505
      51    -176.2267      59.9969      97.9173
      52    -168.5334      66.7111      43.0599
      53    -174.6837      58.0466      54.2350
      54     160.4405      71.8178     -92.2212
      55    -169.3807      59.4944    -125.1210
      56     -86.4688     -68.5851      -9.4125
      57    -175.8685      59.6657     -83.7930
      58    -179.9640      60.3055     -61.5124
      59    -172.9529      53.5550     -88.2594
      60    -177.3022      37.7489      90.3003
      61     -67.2864     -68.0677     141.5455
      62    -105.7352     -60.3291     154.8088
      63     -81.3376     -58.8823     156.1793
      64    -170.6106      47.2614      89.8091
      65    -172.6983      52.3603      81.4068
      66    -172.5748      47.4507      98.3475
      67     179.6550      55.5949      68.4411
      68    -111.8715     -48.8832     158.1298
      69    -167.3209      49.0431      59.5188
      70    -169.4169      46.3080     -87.2757
      71    -161.9281      47.2069     -87.6947
      72     175.6620      45.2908     -86.5089
      73     169.4160      70.9160     -81.1285
      74    -165.0582      50.9409     -79.6271
      75    -171.3588      62.0050      44.9928
      76    -176.3161      62.7841      81.8967
      77    -179.4636      60.7258      78.0393
      78    -176.9103      69.9544      75.4861
      79     -78.6031     -42.9619      98.5143
      80     176.7914      36.9874      58.5768
      81     172.3107      57.3483      48.2776
      82    -166.1782      54.3798      55.4298
      83    -177.3030      59.8967      82.2048
      84    -177.5071      67.9418      65.9074
      85     179.3085      61.0486      49.7110
      86     175.8017      56.7659      78.1736
      87     170.5015      60.3169      63.7301
      88     178.2556      67.3392      86.0520
      89     169.6450      70.2832      88.6167
      90    -159.5724      69.3193      55.9341
      91    -179.3437      58.5173      49.1113
      92    -163.7802      42.5556      84.0220
      93    -165.2267      45.4473     -84.1866
      94    -172.5876      47.6153     -87.7170
      95    -160.2211      37.2280     -84.2748
      96    -163.1547      47.9933     -82.9176
      97    -174.8799      48.9476     -84.7974
      98    -166.5614      43.4817     -90.9163
      99    -171.5019      49.0671    -100.1881
     100    -176.8044      36.6852     -98.8682
     101     -71.4336     -62.5184     -23.2988
     102    -171.2976      46.3788     -81.3604
     103    -146.3330      52.1745    -109.1371
     104    -170.7805      55.4663     -93.1800
     105    -170.7323      57.4279     -92.9997
     106     179.8375      52.7325    -110.0510
     107    -169.6459      58.8491     -89.7887
     108    -161.0893      30.5018     -91.9125
     109    -173.5488      58.4013     -86.1326
     110    -176.5175      52.1617     -99.6081
     111    -161.0508      46.2212     -88.2867
     112    -178.1125      56.4948     -97.2144
     113    -173.4184      55.7941     -79.2949
     114     175.4276      72.2869     -80.3942
     115    -167.0968      51.0069     -91.8172
     116    -170.5918      44.9963    -115.2234
     117    -172.0467      45.0567     -91.5943
     118    -175.8205      47.4672    -108.3968
     119    -166.6878      53.8727     -97.7064
     120     176.6364      74.5993     -89.5079
     121    -166.9254      51.7209      45.4364
     122    -166.6729      52.0531      50.8391
     123    -179.1739      46.9569      88.1083
     124     178.5581      62.7358      90.8102
     125    -174.7669      53.5005      78.1750
     126     177.4629      51.8957      67.8284
     127     174.4802      60.3082     -89.8921
     128    -179.8318      81.6128    -152.2828
     129    -164.9268      45.7744     -77.6379
     130    -166.3965      51.4556    -139.1894
     131    -173.0659      60.0803     -86.5613
     132    -177.8699      59.1418     -96.5354
     133    -175.0816      52.4693     -98.7477
     134    -169.5044      46.0936     -74.9119
     135     178.5031      60.4319     -85.7432
     136     -70.2252     -66.0077      11.6923
     137    -174.1700      61.7500     -80.1036
     138    -178.7553      53.7037    -103.8392
     139     -80.8047     -71.1216     -22.5268
     140     179.4434      55.0518    -136.2649
     141    -173.6465      54.4464     -95.3700
     142    -171.0834      54.1384    -105.6529
     143    -175.2147      48.4687    -102.2835
     144    -164.8217      43.5700     -98.1387
     145     -93.9094     -56.2293     -13.8123
     146    -177.8277      40.6361     -76.0578
     147    -177.2723      51.6463     -94.7606
     148    -162.8030      28.6253     -69.3565
     149    -164.3271      46.9774     -88.9222
     150    -109.1724     -52.7297     -33.2830
     151    -176.4271      56.9332    -102.2183
     152    -174.3957      46.1799    -105.2203
     153    -160.9397      34.5984    -117.6618
     154    -167.8636      49.8655    -100.9157
     155     177.4520      61.4133     -93.0586
     156     -65.6623     -79.2799     -40.9294
     157    -166.8073      54.7758     -81.5083
     158    -156.3379      38.4911     -97.4231
     159    -161.6861      41.6776     -86.9482
     160    -159.3329      44.7476     -80.8948
     161    -171.9177      46.9015     -75.2126
     162    -173.2403      54.5443     -90.1483
     163     -83.7323     -58.6377     -22.5188
     164    -169.4370      42.3368     -95.3186
     165     177.3595      55.6804     -97.8365
     166    -169.9453      60.1332     -78.8117
     167    -165.4734      46.4407     -83.7303
     168     176.6936      63.2913    -122.6451
     169     179.1473      59.6107    -102.6349
     170     153.5192      62.7634      31.8245
     171    -163.0234      38.7366      82.8698
     172    -173.7173      61.4894      60.7475
     173    -178.1037      44.4965      82.1770
     174    -148.8459      36.9799      73.6637
     175    -170.4673      47.7240      67.2228
     176    -178.5992      58.5198      95.6594
     177    -177.0301      59.0259      60.8554
     178    -168.9486      63.7985      57.3607
     179    -179.6612      55.3693     -90.1205
     180    -177.6384      58.6689     -92.3388
     181    -170.8633      51.6187    -109.5012
     182     169.7608      62.8479    -101.1088
     183    -167.7428      51.8496     -80.3235
     184     177.9764      64.1370     -89.0601
     185    -168.6510      50.3728    -102.1492
     186    -175.7784      43.6493    -122.4725
     187     178.0694      64.7857     -79.7186
     188    -177.9218      55.2304     -93.7928
     189    -163.2095      51.1635     -92.4051
     190     175.5673      61.6213    -118.2225
     191     177.1464      63.4981     -88.0136
     192    -168.2507      61.3947    -102.2405
     193    -175.8286      67.0824     -86.0465
     194    -175.7911      60.1930     -94.8991
     195    -174.0436      45.9099    -101.7982
     196     178.4994      44.2986      76.3289
     197    -176.8356      76.9707      64.9003
     198     176.5857      59.6304      48.9510
     199    -174.8546      52.0571      78.0919
     200    -174.9837      52.8685      72.9222
     201    -175.4112      64.2333      66.0839
     202    -166.0403      42.2577      77.2278
     203     170.6128      66.3299      77.8377
     204    -157.2224      45.3840      73.9797
     205    -156.5927      30.5292      89.2545
     206    -174.5644      37.7715      69.5703
     207     -81.7511     -57.8504     175.2459
     208     -65.9871     -64.3245     171.7771
     209    -165.6449      49.3633      68.9319
     210    -168.4245      49.7912      55.2094
     211    -173.8356      46.7371      84.7041
     212    -176.3840      61.1849      83.0136
     213    -158.2708      33.1121      79.3193
     214    -165.6481      44.7657      93.5615
     215     -84.3287     -69.0267     179.2589
     216    -170.8751      63.2670      74.7602
     217    -173.2289      51.5714    -104.5853
     218     174.9353      50.9153     -73.9466
     219    -172.8386      49.3737    -103.1605
     220     -69.1058     -45.1173     -34.1513
     221     -77.1175     -69.2775      -9.3550
     222    -167.6012      59.5777    -120.3373
     223    -178.2499      40.5350     -74.4891
     224    -169.2294      38.9104    -111.9310
     225    -174.4856      52.7941     -89.4298
     226     -73.1620     -77.6933     -17.9967
     227     -82.2666     -62.9808     -19.5760
     228     178.6401      64.7877     -79.8036
     229     -62.1912     -67.6898     -26.8753
     230     -65.5514     -49.4374     -42.7217
     231     -76.6455     -56.7780     -39.4965
     232     177.7214      64.7308     -78.4535
     233     -82.4361     -65.0133     -23.9094
     234     -70.5546     -64.0184     -33.3928
     235     -69.6088     -76.4028       1.2370
     236    -162.2886      50.0509     -93.1050
     237    -175.3742      53.5130     -89.1140
     238    -170.4071      51.1287     -97.1653
     239    -171.6412      60.0846     -82.2989
     240    -178.3480      43.2773     -94.8125
     241    -179.0360      62.6165    -104.9944
     242     177.7605      63.9380     -86.2583
     243    -174.6397      45.8252    -100.4144
     244    -172.0739      51.0167     -70.8572
     245    -168.8902      41.3270    -108.5132
     246    -174.8111      57.8870     -90.1286
     247     -73.8723     -63.0432     -27.0409
     248    -171.2938      65.1673    -101.4306
     249     178.8492      58.9655     -84.6032
     250     -83.6409     -37.6018     -30.3631
     251     -85.4479     -58.0764     -56.6252
     252     -99.8570     -48.7927     -24.3616
     253    -164.3542      49.3616      68.0410
     254    -171.7275      55.3200      92.2889
     255    -174.8583      54.7576      82.2512
     256     169.7059      58.6489      64.8443
     257    -170.5227      46.7250      63.1917
     258     -82.4146     -78.8486     174.6172
     259    -172.5004      48.6987      72.4832
     260    -161.0308      39.1039      71.8554
     261    -175.9336      75.6394      33.5597
     262    -176.2924      44.4604      70.1164
     263    -175.8690      48.5313     105.9672
     264    -165.4401      39.2942      98.8513
     265    -177.3737      44.4510      79.6936
     266    -165.2417      40.2792      83.3945
     267     -78.0821     -75.2168    -174.9456
     268     -74.5471     -55.2220     156.2249
     269    -174.5847      58.7619      69.6246
     270    -177.1726      61.7250      74.2649
     271     -70.8228     -57.3914     141.8385
     272    -170.8078      65.3808      64.0953
     273     -76.0738     -61.4794     172.8637
     274     178.5505      64.9613      90.5183
     275     -59.3170     -76.4752    -174.3321
     276    -164.2143      67.9420      83.0426
     277    -172.7789      63.4269      83.8976
     278    -175.7323      56.2202      53.4556
     279    -176.0422      40.2073      81.1001
     280    -176.6939      59.0308      83.6088
     281    -166.7911      49.8840      93.3129
     282     -71.8547     -69.2563     161.6759
     283     -65.7756     -46.2028     172.3725
     284    -176.4315      55.8109      43.6993
     285     175.3526      60.1030      57.9706
     286    -170.2432      40.9683      86.9651
     287    -174.2518      42.9353      76.0808
     288    -168.5241      65.8358      46.1071
     289     174.2481      64.4584      88.6475
     290    -169.6174      41.2007      86.9381
     291    -168.5860      43.2970      67.2234
     292     174.6203      53.6663      57.6720
     293    -174.5890      56.6358      54.1537
     294    -171.3589      45.1514      56.2258
     295    -163.6769      38.6776     102.5133
     296    -177.2495      57.4113      82.6969
     297     178.0917      71.6403      72.4104
     298    -177.9826      45.9800      87.4139
     299     178.5991      50.3379      63.0848
     300    -173.6505      50.4386      71.2033
     301     172.2728      54.4460      66.3942
     302     175.5875      59.3598      82.5020
     303    -171.9758      49.4589      71.7197
     304    -171.3415      37.9396      85.2938
     305     179.7003      53.6364      84.2043
     306    -173.8259      50.3380     109.7179
     307    -177.9406      52.9172      85.1186
     308     -94.3796     -63.0268     -15.7219
     309    -177.8527      57.8228    -105.5977
     310     -75.8174     -70.0715     -38.5269
     311    -167.8126      40.8057     -93.7501
     312    -177.1815      53.1429     -89.2876
     313    -178.2610      54.0701    -100.8434
     314    -160.5606      67.2383    -101.6263
     315    -169.4668      47.9925    -100.1554
     316     179.6348      53.1078     -97.8158
     317     173.2192      62.4685     -86.8892
     318    -168.0594      40.5277    -102.0776
     319    -165.6429      43.9411    -104.4114
     320    -175.0021      52.0399     -90.8454
     321     178.5167      59.5014     -78.9657
     322    -179.4266      57.3987     -76.7794
     323     177.7809      64.5271     -90.1010
     324    -175.5303      58.6622     -97.2765
     325    -174.8589      53.9813     -97.9109
     326    -161.5015      39.5893    -118.4037
     327     -70.1412     -48.0343     132.6190
     328     -79.8064     -69.5131     169.2582
     329     176.6313      56.8108     108.5695
     330    -177.3536      53.6199      85.1976
     331    -165.8698      37.3672     116.4276
     332     179.8501      58.9048      72.7316
     333    -159.4817      53.6189     111.5430
     334     176.3720      61.1540      67.2025
     335     177.3453      57.9345      73.6600
     336    -177.9777      60.4634     104.6126
     337    -169.8779      42.7348      62.8638
     338    -174.4548      59.8300      86.6978
     339    -162.8794      70.3678      62.4854
     340    -166.6926      55.9417      77.3925
     341    -175.1811      57.9579      71.9969
     342    -161.0725      57.5950      84.4303
     343    -170.5861      51.5826     108.6791
     344     -81.3060     -64.7808     160.9717
     345     -84.5517     -61.7505     -28.2032
     346     -79.3215     -58.9711     -26.5182
     347    -168.5145      54.1784     -93.3194
     348    -177.6543      48.8116    -116.3223
     349     177.8487      59.7179     -84.8038
     350    -177.3916      64.5090     -90.2098
     351    -167.5958      45.9635     -77.4178
     352     -80.6856     -64.5990     -28.2382
     353    -157.1767      52.4603    -105.9206
     354    -179.6771      69.5090     -84.7274
     355    -163.2335      51.7055    -110.5889
     356     -90.9986     -61.1475     -23.2414
     357    -176.6467      51.8951     -86.1945
     358    -179.9037      57.2950    -101.5988
     359    -178.6890      48.2019     -99.1138
     360    -171.7754      25.4700     -81.8129
     361    -179.8734      71.2279    -104.3057
     362     171.9307      57.5807     -90.7952
     363    -173.0974      71.7934    -137.2128
     364    -162.3594      44.4663    -110.7097
     365     -58.5899     -70.9059     -26.3002
     366    -169.6740      47.6246     -84.7215
     367    -174.2994      75.0794     -98.4699
     368    -165.0645      40.5125     -76.8738
     369    -171.5565      59.5634     -94.0710
     370     179.3903      70.1346     -86.5744
     371    -170.7622      53.6067     -91.8905
     372    -173.8090      68.6914    -120.1087
     373    -176.4546      67.9983    -112.4478
     374    -177.1506      55.0851     -98.8722
     375    -170.6673      40.6423    -113.0540
     376     -62.7215     -67.7416      -4.3414
     377     -63.7684     -64.6541     -13.2029
     378    -174.9867      64.9673    -127.5667
     379    -179.8566      67.5148    -100.5007
     380    -162.2693      58.5810    -121.2101
     381    -164.8894      56.9208    -134.6055
     382    -173.1708      56.1479    -128.9688
     383    -110.9052     -53.7461     -27.9430
     384    -159.1175      43.0228     -80.1396
     385    -168.1270      50.8210    -103.4966
     386    -177.3332      53.7477    -103.2539
     387    -176.1458      74.4686    -146.5419
     388     175.5121      48.6104    -108.5776
     389    -173.9711      59.1241    -103.4655
     390    -176.7724      46.1619    -102.5741
     391     176.3214      64.9989     -95.4735
     392     -85.1732     -69.6218      -1.7508
     393     177.5779      55.1957     -79.3848
     394    -177.7849      64.8188     -79.4551
     395    -174.2704      32.3987    -105.9535
     396    -175.8506      48.0189     -76.5750
     397    -163.7353      32.9380     -77.9181
     398    -177.6636      49.7781      94.6590
     399     172.8472      60.3007      81.6667
     400    -176.4271      58.4076      71.1854
     401    -166.1760      67.7070      64.0921
     402    -164.6320      38.8547      95.2713
     403    -173.0677      51.3299      73.6602
     404     -94.1609     -77.3878     174.2341
     405    -175.4076      67.9932      59.9204
     406    -168.3349      52.9754      73.8171
     407     -95.4626     -72.2492    -172.1982
     408     -66.2184     -83.5867     175.0386
     409     -70.1426     -66.8497     178.6943
     410    -157.5688      33.1119     103.6688
     411    -173.0535      55.6093      50.1373
     412     166.8431      68.1193      65.3035
     413     168.6111      63.7130      87.5479
     414    -172.9546      48.1781      91.5563
     415    -164.2765      49.6429      73.6258
     416    -163.2749      47.6479      71.0149
     417    -176.5692      59.3652      95.4902
     418    -169.7669      54.5585      88.3910
     419     170.9154      65.8611      91.5010
     420     176.1855      62.0592      74.9068
     421    -170.7948      55.8530      78.0762
     422     178.5208      58.6974      60.1270
     423    -161.7951      38.2327      96.3502
     424    -178.4586      59.4654      60.8584
     425     -76.8794     -82.5470    -178.9718
     426    -169.1789      51.6756      69.9039
     427     178.0124      55.3218      79.3353
     428     176.9729      57.6887      72.3446
     429    -171.5450      51.2240      76.4085
     430     -84.8424     -81.2346    -177.2919
     431     170.0278      65.8040      87.6269
     432    -179.8322      49.4315      82.4232
     433    -163.2590      38.1503      63.3533
     434    -166.3648      48.6327      64.5695
     435     -78.5592     -59.7736     151.9930
     436     178.2178      76.7666      58.4705
     437    -172.3691      53.3788      76.7513
     438    -176.8360      56.9959      28.4259
     439    -169.1230      41.9164      84.0352
     440    -178.8540      47.9572     112.3406
     441    -157.6889      46.5874      97.0816
     442     178.1929      58.7143      65.2028
     443    -178.7347      56.5830      76.3087
     444     178.3414      64.9860      76.1366
     445    -179.2539      61.7730      77.3864
     446    -168.0813      54.1923      91.2112
     447    -176.4896      51.4819      97.7445
     448    -176.5281      60.3129      92.0006
     449    -166.7873      55.6780      64.7684
     450    -171.6485      56.0510      60.9869
     451    -176.9781      58.2128      63.4603
     452    -171.8629      54.9001      89.3095
     453     177.8516      62.6322      88.2956
     454    -165.4396      47.0887      80.9411
     455    -165.5089      52.5467      77.8615
     456    -161.1363      32.3396      86.6919
     457    -176.0559      43.7715      94.2771
     458     -82.7191     -69.2804     173.4989
     459     176.4815      54.1725      24.0399
     460    -174.2505      46.8942     -82.4412
     461    -169.2362      51.5291    -104.5870
     462     179.4726      49.5298    -133.8160
     463    -175.7889      45.6658      78.6345
     464    -176.9646      55.9349      65.6388
     465    -166.9862      47.7333      83.2702
     466    -166.5780      36.0082      83.8117
     467    -171.7766      44.1531      62.6438
     468    -177.0557      59.3416      78.9496
     469     171.6994      62.1896      84.4686
     470     175.0965      54.6103      70.5259
     471     -96.0469     -49.1177     134.1849
     472    -174.0788      48.4729      53.2203
     473    -157.0094      36.2293      98.9770
     474     -79.2457     -80.1931     160.0896
     475    -158.9522      44.5357     -94.0692
     476    -177.5995      67.6984     -79.5741
     477    -179.3624      60.5370    -118.5395
     478    -159.5364      40.7654      78.4875
     479     177.9751      73.8181      82.0764
     480    -162.8655      55.8626      59.2606
     481     178.8982      60.2350      74.0132
     482    -172.3594      59.2954      80.5459
     483    -174.0807      52.6231      60.8677
     484     179.5820      58.2621      67.3621
     485    -167.0819      48.9717      90.0504
     486    -179.2675      61.0728      84.7418
     487    -171.7361      48.3879      89.7537
     488     -95.8995     -55.3946     146.3108
     489    -169.4058      51.7540      94.0083
     490    -170.5209      50.2872      89.6247
     491    -171.3546      52.5357      70.9905
     492    -174.8808      58.6108      82.6537
     493    -170.6040      47.1407      84.5158
     494    -179.8464      51.6778      76.5305
     495    -169.3413      53.6109      90.2976
     496    -174.6450      40.1140      77.2034
     497    -177.0769      58.3000     104.9134
     498    -178.9152      59.0094      69.4986
     499    -162.3432      53.4704      60.5633
     500    -164.7922      46.9311      58.0101
     501     174.4175      69.9882      68.9678
     502    -176.1289      56.8677      80.1097
     503    -173.8096      66.5953      81.4991
     504    -169.2509      45.0056     102.1987
     505     -86.0464     -47.7347     128.0403
     506    -169.5928      48.0138      89.1160
     507    -172.3845      74.5670      64.2924
     508    -178.9881      43.7252      50.7072
     509    -165.2421      72.4406      67.8637
     510     179.4875      52.0635      86.5502
     511    -172.1628      54.3500      66.6919
     512    -175.2968      39.2846      49.4065
     513    -175.1476      48.4466     111.5646
     514    -173.1614      48.2389      94.2817
     515     177.5219      58.0048      77.5080
     516     176.1094      66.6575      92.4686
     517    -178.6277      54.4837      70.3866
     518    -177.6288      64.8256      50.0064
     519     178.1731      55.5249      70.2463
     520    -173.0704      55.1837      93.2454
     521     177.3145      52.9461      72.0463
     522    -172.1523      39.7203      72.6985
     523     -72.1856     -82.3629     172.4076
     524    -168.0212      35.8827      60.5503
     525     177.1356      58.2630      65.3942
     526    -169.2351      48.2503      74.2322
     527    -169.0763      64.2506      53.9211
     528    -152.9643      35.0772      73.8282
     529    -165.6926      53.6315      82.6407
     530     -77.3474     -63.3138     162.4966
     531     -76.2553     -56.6242     140.0585
     532    -165.4047      35.0026      85.1587
     533    -172.2481      43.2273      64.9831
     534    -172.6153      54.0040      58.5434
     535    -164.3506      48.8997      85.0223
     536    -172.8441      48.6077      69.5672
     537     -51.9654     -84.9985    -147.7054
     538    -159.8803      54.7894    -104.0100
     539    -179.0407      75.0117      93.3884
     540    -161.9233      36.7159      85.5038
     541     -63.7443     -79.0003    -167.5913
     542    -172.5214      53.3840      81.3710
     543    -177.7167      42.2685      73.1536
     544    -169.2504      45.2911      88.4393
     545    -177.3071      49.0916      99.7216
     546     177.7184      72.9663      76.4055
     547    -177.1059      56.0605      47.0373
     548    -165.9222      46.6515      98.2622
     549    -166.5400      51.2336      79.3923
     550    -176.2739      54.7138     100.3887
     551     -79.8526     -56.7761     160.2863
     552     -68.8563     -79.2126     159.6090
     553    -170.1932      52.1793      55.7909
     554     176.6733      66.0918      65.1543
     555     -66.5042     -75.6867     170.6458
     556    -160.9746      43.8824      78.9754
     557     179.4098      63.0752      55.7766
     558     176.2441      60.1575      66.1113
     559     176.5155      51.1048      68.0386
     560    -178.4435      61.4695    -109.8172
     561    -172.5194      50.2247     -99.8650
     562     -89.0192     -60.8395      -9.7301
     563    -179.1474      48.5817    -114.2153
     564     -73.4066     -64.0434     -10.4178
     565    -175.5984      59.0973    -128.5182
     566    -165.7016      29.2918      84.4643
     567     178.9569      52.5788      62.9468
     568     -79.0036     -60.4253     173.2486
     569    -102.9768     -32.5614     137.2631
     570     -90.3563     -64.5980     148.8653
     571    -168.3125      47.8251     113.6323
     572     166.5233      59.0103      55.7681
     573    -158.5295      33.0831      88.9541
     574    -175.8004      37.1525      83.3852
     575    -174.3751      51.7617      70.2669
     576     177.9446      51.0102      67.5726
     577     -73.6602     -60.5708     130.0403
     578    -171.2014      58.5296      49.8755
     579    -168.2485      32.5788      77.8744
     580    -170.6399      51.1194      80.2802
     581     177.8016      53.6257      67.5367
     582    -169.0540      42.2389      50.6923
     583    -176.6718      50.4386      63.6347
     584    -163.7235      42.4866      49.8428
     585    -161.6051      42.0426      69.8864
     586    -166.5113      49.7996      66.7172
     587    -177.3200      69.9873      67.5341
     588    -168.1279      51.0082      83.1890
     589    -174.8674      58.8830      58.8090
     590     178.8843      49.5508      83.6603
     591    -157.6667      34.0067      87.2517
     592    -173.8378      54.4912      78.5689
     593    -174.0995      57.8088      67.3272
     594     176.2570      65.9051      63.5176
     595    -178.7068      51.9046      82.7134
     596    -170.8398      54.0027      91.3137
     597    -163.8039      55.7632      78.2900
     598    -166.9098      54.9541      83.2016
     599    -173.8349      41.1518      96.9553
     600    -165.7246      51.4440      91.9353
     601    -177.4971      50.4089      77.8126
     602    -175.9183      79.3109      72.8014
     603     179.8415      59.5029      57.0305
     604    -166.8180      43.0384      76.8347
     605     173.1581      70.0009      87.0205
     606    -168.1579      34.1368      98.2254
     607    -176.1374      51.1005      75.9166
     608     -84.2490     -52.3053     140.6638
     609    -156.0022      40.0515      77.0502
     610    -179.8890      60.9237      85.2752
     611     178.8190      48.8214     -90.8736
     612    -174.9610      53.5835     -87.5647
     613     -75.2905     -86.3188      12.3583
     614     -99.6827     -50.2370     -32.9763
     615    -175.9540      63.6882     -89.8546
     616    -168.8480      40.5049     -96.2321
     617    -156.0454      41.8740    -114.5795
     618     -88.9782     -60.1682     -20.0919
     619     -77.1845     -61.7275     -38.4561
     620     -63.6232     -59.5946     -35.0321
     621    -171.7936      64.5926    -113.6821
     622    -164.0974      50.2236     -78.2351
     623    -172.8128      57.8268     -81.2305
     624     177.6916      51.2719     -97.1658
     625    -173.9857      65.2501     -92.4217
     626    -165.4914      51.2650     -84.0632
     627    -179.0911      67.5198     -77.4625
     628    -172.9282      51.8715     -95.9045
     629     173.4026      42.0870    -110.7893
     630     176.4251      58.3250    -109.5973
     631    -157.8035      40.3647     -88.2560
     632     179.9462      70.8147     -80.5650
     633    -167.0004      49.9922    -103.9170
     634    -170.8681      35.8620     -83.5363
     635    -163.6742      42.9701     -77.3604
     636    -161.0799      28.9647     -68.2313
     637    -171.1778      52.8003     -91.0307
     638     -93.8973     -64.2033      -6.0787
     639    -167.2921      47.5551     -78.6300
     640    -171.1578      59.7774     -83.8635
     641    -167.4365      40.7858     -91.9449
     642    -162.6269      47.9909     -96.5259
     643    -172.6220      62.0172    -123.9802
     644    -169.2857      58.2927     -72.5541
     645    -174.9402      52.5268    -114.4311
     646    -164.2955      55.1021     -98.7232
     647     177.1462      52.8783    -111.5160
     648    -175.2235      57.3663     -87.2697
     649    -169.0580      53.4035     -87.3859
     650    -163.1620      44.1040    -100.2858
     651    -173.6119      56.4281     -77.6127
     652    -168.7404      50.4251     -87.3926
     653    -172.2401      51.1429     -73.9540
     654    -167.7207      49.5392    -114.4926
     655    -173.6974      49.0807     -74.0192
     656    -173.0130      44.3364     -95.5633
     657    -162.8551      41.2902     -78.3829
     658     179.6076      47.1007     -93.6387
     659     169.2550      69.5640     -92.2884
     660    -165.8422      64.0138    -116.4534
     661     174.2460      61.7142     -88.0062
     662    -170.5530      62.1837    -111.3687
     663    -170.7320      53.6845    -118.6927
     664     -79.6827     -56.2204     -36.5269
     665    -162.8580      47.4615     -99.3502
     666    -175.5110      40.4238     -95.7644
     667    -178.6417      51.9291    -123.9362
     668    -178.6481      54.0013     -92.4416
     669    -168.5768      66.3893     -87.5373
     670    -162.4892      66.5629     -97.1222
     671    -174.0602      48.1500    -119.9578
     672    -176.3170      60.7157    -115.3269
     673    -165.3105      50.4578    -107.7227
     674    -169.1075      57.0144     -80.2699
     675     172.9756      56.9196     -96.8660
     676    -178.7140      52.8200     -96.3728
     677     177.0568      62.3033      64.5012
     678    -156.9291      45.9047      85.3120
     679     -73.2075     -78.1029     132.3064
     680     -94.5956     -66.4156     150.4546
     681    -169.3375      42.1877      79.6550
     682     -96.2183     -63.4291     172.6989
     683     -74.8570     -89.5833     173.2936
     684     -77.7623     -55.5508    -179.6714
     685    -157.9166      36.8732      80.2346
     686    -167.1536      41.2471      71.6804
     687    -174.4618      52.6010      98.3388
     688    -173.8446      48.1037     104.6131
     689    -175.4848      47.3913      96.3296
     690     163.8683      53.4292      43.4919
     691    -174.6219      60.6122     -90.3991
     692     178.0536      48.5589    -116.5655
     693     -78.7829     -59.2852     -35.0726
     694     -77.3275     -59.6065      -3.2653
     695     169.6500      63.4981     -81.4635
     696    -168.9688      54.7744     -98.7808
     697     169.0757      57.6971     -93.6016
     698    -168.1722      36.1315     -98.2606
     699    -173.2382      49.2419     -86.0192
     700    -163.2256      43.3044     -83.4999
     701    -178.1518      59.2365     -97.6070
     702    -154.3361      59.5642    -121.0298
     703    -169.1724      46.8342     -63.8185
     704    -175.6871      49.1304     -86.0807
     705    -178.3903      57.3819    -101.0447
     706    -168.7035      56.9849    -129.0308
     707    -169.8771      58.0749    -108.4909
     708     174.4943      69.1303    -104.0561
     709    -175.2761      49.6826     -93.0214
     710    -164.7040      63.3829    -109.8126
     711    -170.0569      35.2294    -117.1324
     712    -167.5636      43.5922     -98.1302
     713    -175.7850      61.3524    -111.5940
     714    -158.1154      46.4619     -95.7671
     715    -169.5473      51.1794    -100.1732
     716     177.7895      70.0761    -105.8339
     717    -172.8281      54.1100    -121.5791
     718    -160.0917      45.6689    -123.9307
     719     177.8919      59.8775     -90.4855
     720    -178.6868      53.1481     -85.3574
     721     175.7380      54.2318    -106.8735
     722    -176.8250      50.2493     -83.9475
     723    -173.8374      61.2251     -78.5794
     724     173.6731      63.2151     -96.9475
     725    -169.4837      38.6346     -95.2310
     726     173.1959      65.6162    -109.4234
     727    -163.2633      49.1045     -73.4665
     728     176.2073      55.1741    -131.7811
     729    -164.7024      36.3451     -82.6132
     730     -93.3052     -74.9032      -2.8414
     731     -95.3527     -61.5409     -34.6513
     732     -80.7956     -72.8547     -29.9015
     733    -177.7798      66.9533     -92.1303
     734    -178.1740      64.3824    -100.8038
     735    -159.9206      61.8642    -125.9779
     736    -169.4010      72.5937    -125.9619
     737    -173.2050      55.5933    -100.6363
     738     177.0242      55.2007    -109.6017
     739     169.9853      58.5097    -141.0956
     740    -179.1898      55.1327     -97.9051
     741     178.1542      62.4893     -98.5007
     742    -169.2293      46.4970    -104.1780
     743    -166.6687      49.0794     -70.7004
     744    -173.2375      59.8165    -131.0662
     745    -158.8036      53.3696     -86.3066
     746    -163.9726      50.9631    -116.1961
     747    -179.9474      60.9206     -91.7952
     748    -179.3623      72.2167    -130.9975
     749    -177.3212      51.1560     -90.7465
     750    -176.9963      62.7920    -113.9300
     751    -174.2014      53.2357     -84.6295
     752     179.8462      52.3768    -106.7742
     753    -166.9881      55.2045     -83.0144
     754    -169.8216      53.6006    -108.2472
     755    -165.6844      40.2466     -89.2106
     756    -160.6096      46.7937    -100.6086
     757     -63.9869     -74.5745     -16.2889
     758     -57.4120     -68.3794     -25.8259
     759    -161.2978      45.4655     -85.8590
     760    -168.7099      40.2289     -90.4072
     761    -177.5956      63.3576     -91.0187
     762     -71.1756     -71.3940      -5.7005
     763    -170.8815      52.0418    -115.5721
     764     179.2983      57.4384    -119.2072
     765    -169.1606      47.9672      67.2799
     766    -165.3675      46.8488      96.8480
     767     -89.4129     -76.2850     163.1775
     768    -162.3262      46.5984     101.7726
     769    -173.9908      54.8369      60.9232
     770    -175.0833      53.7907      54.5083
     771    -164.6052      46.7369      88.4171
     772    -169.4104      56.3911      79.9061
     773    -171.2652      44.8851      77.3503
     774    -174.9513      54.9132      78.7431
     775    -171.2799      41.3835      85.7948
     776     174.7867      59.9475      68.5918
     777    -176.7194      56.7632      84.9872
     778     -66.1953     -67.8175     162.4558
     779     -72.8776     -61.4288     -29.0069
     780     179.9226      44.2184     -86.5346
     781    -178.4458      62.0768    -113.7552
     782     -60.9085     -53.2579     -27.5389
     783     -76.1003     -45.8017     -37.1818
     784     -92.4738     -76.8067      15.4662
     785     -80.2908     -67.5425     -25.7049
     786    -168.4289      49.7023     -98.5668
     787    -179.4061      48.4000     -99.9727
     788     173.3452      64.6198     -81.2383
     789     -82.9917     -47.2260     -23.8488
     790    -166.7669      41.8294     -85.9394
     791    -171.9626      57.2512    -105.6198
     792     175.5600      74.9797     -88.3624
     793    -177.5237      58.3320     -88.3954
     794    -179.3193      64.1906    -108.4331
     795    -173.1480      40.6566     -98.0908
     796    -176.1612      48.2023    -112.6630
     797    -178.7922      57.8395    -103.2994
     798     -89.3055     -52.6381     -37.4446
     799    -175.3000      54.1283    -106.0669
     800     178.3202      54.2799     -77.5815
     801    -172.0284      54.9212    -104.0119
     802    -173.4646      40.3849    -103.6420
     803    -169.6472      48.8409     -76.9648
     804    -104.1295     -66.6412       4.1133
     805    -176.2092      71.5400    -131.5582
     806    -172.5821      57.3036     -89.0843
     807    -178.7711      50.2569    -100.8246
     808    -173.7345      57.1577     -85.0042
     809    -165.5253      39.4654     -91.9839
     810    -170.3453      27.8934    -101.2140
     811     175.5065      52.2128    -115.6022
     812    -176.6284      35.2843     -84.2568
     813    -171.0359      64.9295     -86.9251
     814     175.3420      50.4631    -125.2077
     815    -166.7001      52.1494     -93.7767
     816    -157.3776      28.7402     -86.2790
     817    -166.1117      36.5561     -78.8642
     818    -158.7274      47.2912     -98.6997
     819    -168.3707      53.1090     -74.4035
     820    -167.3397      43.5843    -101.4711
     821    -148.8255      20.2931     -63.1697
     822     179.7784      62.1569     -97.4715
     823    -171.8862      60.8350    -101.1971
     824    -164.2336      37.9223     -79.9081
     825    -166.3217      47.7651     -76.6577
     826    -177.5736      50.6902    -103.6903
     827    -168.6572      47.5245     -89.6053
     828    -168.5129      68.0059    -125.9150
     829     -69.1102     -50.0698     -28.5592
     830    -174.7222      52.3205    -108.2817
     831    -163.7411      43.6726     -82.6383
     832     -72.4308     -65.7466      -9.8236
     833     174.2339      58.2971     -73.4139
     834    -166.1333      46.5601    -101.8854
     835    -165.9648      60.2543     -95.1716
     836    -178.6530      60.0220    -108.3918
     837    -174.7195      52.3810     -95.8125
     838    -169.0873      61.5300     -90.1506
     839    -176.4927      54.5281     -93.5951
     840    -167.9283      36.1665     -62.8794
     841    -178.0787      57.0878     -84.5813
     842    -169.9351      42.5067     -85.9766
     843    -173.1244      35.5197     -91.9160
     844    -177.0918      57.9329     -84.7030
     845     -72.5493     -60.6496     -39.3293
     846     -82.8784     -55.2207     162.1583
     847     -65.9881     -68.3945     146.1394
     848     173.3367      62.2845      54.2179
     849     -58.8919     -72.3469     141.2682
     850     -77.7783     -43.2014     156.9328
     851     -67.6659     -65.8846    -179.9458
     852    -170.7539      51.3833     -69.7315
     853    -175.7500      45.7446     -83.6575
     854    -163.5908      37.0274     102.3085
     855    -177.3040      54.6094      92.7985
     856    -179.2385      53.4682      89.5149
     857    -175.8984      53.8774      96.1586
     858    -163.8697      50.0738      59.9751
     859    -170.2442      58.9287      95.0965
     860     178.6445      46.9955      88.8786
     861    -163.1575      61.6475      59.9881
     862    -177.1832      65.5456      68.7845
     863     167.3875      72.1887      78.7713
     864    -159.5601      29.0502     109.1326
     865    -173.5588      50.2441      96.2809
     866    -162.1101      43.9640      76.5027
     867    -172.1180      59.3627      65.2822
     868    -176.0106      53.5959      68.7985
     869    -179.9542      55.0313      58.1038
     870    -171.1794      42.6731      64.0221
     871    -172.9692      54.4853      69.0102
     872    -174.0488      58.5547      85.5138
     873    -163.4336      39.1441      92.5509
     874    -177.5231      69.6896      28.1883
     875    -171.9005      45.1571      95.8765
     876    -179.9826      56.5945      94.6319
     877    -177.0638      65.8337      55.0176
     878     165.6786      60.5308      72.4564
     879     177.8822      65.7406      49.9330
     880    -166.5267      46.7903      63.1416
     881    -164.2027      46.8915      65.4466
     882    -167.1616      44.1198      88.5894
     883    -170.1177      46.5408      92.3849
     884    -160.6649      34.4725      79.0950
     885    -177.4413      57.1898     -91.5702
     886    -170.9800      40.5380    -101.6850
     887    -171.9754      56.9358     -91.0249
     888    -176.1103      58.4607     -95.2842
     889    -170.0106      40.8304    -106.8225
     890    -175.7167      61.8236     -96.3583
     891    -178.3209      59.9795     -98.6820
     892     -91.3304     -54.2880     -18.2526
     893     178.2748      62.6832    -126.7808
     894    -173.2619      73.7511    -123.8626
     895    -178.0458      66.7328    -130.3867
     896    -178.1835      56.7539     -77.4773
     897    -171.3123      47.6707    -110.9178
     898    -163.7310      57.1716     -98.5582
     899    -171.4713      51.3781     -99.8806
     900    -160.9581      33.5710     -75.7196
     901    -165.4294      60.3504    -134.2093
     902     -83.9911     -62.8222      -7.3097
     903    -175.5202      63.9346    -105.4511
     904    -173.3716      37.1256      72.3694
     905     176.9341      65.4634      92.9224
     906    -171.5886      65.8976      67.4484
     907    -161.7655      47.1207      62.8331
     908    -171.8646      37.5918      56.0034
     909    -174.2505      32.3901      85.4959
     910    -175.6475      54.1930      78.4082
     911     179.5002      50.2228      41.9574
     912    -179.5694      43.4027      61.9256
     913     179.5133      51.7951      47.6513
     914    -172.5772      52.2418      81.5957
     915    -179.2227      62.1603      78.1881
     916    -165.2481      51.9042     102.6673
     917    -171.4358      51.0224      66.2362
     918    -176.5867      60.1097      63.8217
     919     170.4470      63.5438      65.9145
     920    -172.0227      50.7023      40.1045
     921    -174.6632      48.3468      81.9619
     922    -178.8990      57.0668    -121.1918
     923     -70.1025     -74.2724      10.4582
     924    -165.6612      46.4242     -67.1228
     925    -167.7003      32.5151     -80.5643
     926    -165.1484      37.2883     -90.1197
     927    -170.3620      43.2422    -115.0705
     928    -175.9215      52.7929      84.8728
     929    -179.0797      54.7106      87.9072
     930    -174.7531      56.5377      60.3430
     931    -170.7938      46.1023      85.8621
     932    -155.9664      59.8345      32.3097
     933    -178.6984      71.4936      79.6720
     934    -168.9252      49.2373      73.6158
     935     175.5555      45.7947      84.7957
     936    -169.1879      54.1607      66.2035
     937    -175.4301      63.2992      84.4749
     938    -173.3092      40.6141     116.6762
     939    -159.0534      48.9345      63.4292
     940    -177.7925      55.2337      77.1612
     941     -67.8661     -60.8661     165.1286
     942     -81.7149     -58.2563     149.2878
     943     177.3269      62.6149      46.6278
     944    -165.0729      23.9338      79.5334
     945     174.5848      45.3760      87.2376
     946    -163.7751      30.1286      62.4087
     947    -166.1958      40.5129      74.9355
     948    -110.7508     -34.5307     131.8082
     949     -59.7833     -60.9813     -19.4860
     950    -163.0481      46.5333     -96.8196
     951    -173.4444      51.6331     -88.8481
     952    -177.8884      57.3588    -115.1772
     953    -173.3806      45.4594     -86.3380
     954    -170.5861      44.7447     -96.5901
     955    -178.9231      46.5451    -126.5695
     956    -172.0713      62.3039     -91.3515
     957    -177.9299      53.2346    -101.4561
     958    -172.4870      66.5425    -111.7329
     959    -176.1064      55.0349     -86.4569
     960    -160.3939      27.4662     -99.1849
     961    -171.7340      54.0414     -86.3900
     962    -172.1478      42.1697    -125.9952
     963    -170.2215      57.1067     -98.9871
     964    -175.9521      57.4424     -75.4803
     965    -167.3005      39.3611     -82.0391
     966    -150.9225      53.9839    -115.6043
     967     179.9168      66.4437    -109.7266
     968     -53.0129     -79.3826     -12.7900
     969     -75.1612     -72.0443     -14.3443
     970    -179.5411      59.1394     -80.6247
     971    -173.5217      58.4355    -102.4427
     972    -173.5754      54.9200     -77.9119
     973     -83.5160     -78.4292      -5.4404
     974     -80.9978     -57.2507     -19.0154
     975     -78.3524     -78.2207      -0.1267
     976     -76.7334     -58.0729     -34.1140
     977    -175.9998      52.3359    -101.3538
     978    -175.0885      59.2793     -80.1992
     979    -174.2132      54.1612    -119.9542
     980     179.9641      59.9413     -95.3834
     981    -171.6606      41.0655     -71.2071
     982     -82.0586     -64.7409     -37.5985
     983     172.6271      73.0394    -101.3126
     984    -171.2793      57.3110     -88.3913
     985     179.0713      49.7350    -109.7960
     986     -60.2275     -74.7529     -38.8738
     987     177.4196      52.9684    -113.4605
     988    -168.9098      60.3193    -102.6603
     989    -174.7254      53.4711     -76.5706
     990    -172.4389      55.5425     -95.4389
     991     -91.0147     -60.7323     -33.6318
     992    -158.6639      46.0045    -100.3632
     993    -163.9613      42.7918     -93.1972
     994    -176.4352      54.5015    -106.2539
     995    -173.7668      49.6851     -96.2622
     996    -177.8359      53.9469    -129.7076
     997    -179.1583      43.7638     -98.0934
     998    -167.0860      42.7545     -87.7838
     999    -161.5918      39.2998     -89.1180
    1000    -175.5285      37.6776     -99.5702
