#Frame         phi:32
       1     -75.0899
       2     -61.8359
       3     -66.8094
       4     -61.0455
       5     -68.6812
       6     -63.9679
       7     -75.3660
       8     -73.5107
       9     -71.6252
      10     -69.8777
      11     -68.4235
      12     -62.7737
      13     -97.5251
      14     -61.9418
      15     -91.9044
      16     -71.1854
      17     -89.3937
      18     -77.1863
      19     -63.6370
      20     -60.7299
      21     -74.2840
      22     -42.3490
      23     -70.1228
      24     -93.8449
      25     -56.1835
      26     -69.4023
      27     -60.8672
      28     -73.3223
      29     -58.4876
      30     -59.5999
      31     -66.0532
      32     -70.2847
      33     -65.9701
      34     -64.8476
      35     -60.4311
      36     -72.3179
      37     -64.7168
      38     -90.2340
      39     -61.7000
      40     -83.6280
      41     -68.5309
      42     -72.5562
      43     -70.4203
      44     -63.1299
      45     -81.4491
      46     -68.5444
      47     -83.5746
      48     -67.8436
      49     -63.5819
      50     -66.6429
      51     -65.8144
      52     -58.2785
      53     -77.9321
      54    -107.0944
      55     -81.5935
      56     -76.7843
      57     -55.1492
      58     -75.1813
      59     -61.0480
      60     -61.1102
      61     -71.1746
      62     -74.6596
      63     -53.1741
      64     -65.5526
      65     -56.8781
      66     -84.8063
      67     -75.6145
      68     -72.8320
      69     -58.2615
      70     -80.1920
      71     -85.2986
      72     -64.1466
      73     -73.6702
      74     -58.0647
      75     -49.5778
      76     -91.4849
      77     -52.7891
      78     -78.9720
      79     -63.1272
      80     -69.7048
      81     -78.4657
      82     -65.7840
      83     -59.2690
      84     -78.1215
      85     -74.4243
      86     -60.3479
      87     -95.5106
      88     -83.2067
      89     -79.0447
      90     -68.9730
      91     -67.7007
      92     -74.3109
      93     -61.1291
      94     -53.9717
      95     -61.3996
      96     -89.5188
      97     -68.8617
      98     -63.1615
      99     -80.2900
     100     -67.4205
     101     -64.9743
     102     -62.6301
     103     -76.1891
     104     -66.2056
     105     -61.1538
     106     -65.7059
     107     -60.3326
     108     -76.8330
     109     -71.3275
     110     -65.1959
     111     -54.1139
     112     -68.0864
     113     -77.7418
     114     -80.5505
     115     -55.6411
     116     -99.1663
     117     -69.0060
     118     -55.3871
     119     -81.8624
     120     -77.8120
     121     -69.3353
     122     -68.9533
     123     -58.4284
     124     -53.0828
     125     -63.3749
     126     -81.2032
     127     -71.0414
     128     -62.4398
     129     -79.9743
     130     -60.8649
     131     -60.2343
     132     -68.7356
     133     -61.7183
     134     -66.8362
     135     -69.7621
     136     -63.2559
     137     -70.9019
     138     -78.0684
     139     -56.1026
     140     -74.8910
     141     -45.9572
     142     -52.9421
     143     -86.7160
     144     -73.4532
     145     -62.7922
     146     -70.2964
     147     -60.8406
     148     -65.1263
     149     -67.6724
     150     -69.1489
     151     -69.8766
     152     -71.5546
     153     -72.8333
     154     -65.1494
     155     -71.8724
     156     -50.7298
     157     -59.5735
     158     -82.4095
     159     -60.6952
     160     -82.9201
     161     -48.7852
     162     -70.4020
     163     -73.7801
     164     -59.5754
     165     -59.6790
     166     -82.9275
     167     -56.4094
     168     -68.5808
     169     -74.3316
     170     -76.2461
     171     -70.1120
     172     -72.7558
     173     -73.3470
     174     -67.9078
     175     -53.1664
     176     -78.7637
     177     -74.4857
     178     -63.0169
     179     -68.4259
     180     -62.1248
     181     -68.6189
     182     -68.1189
     183     -48.5083
     184     -69.4520
     185     -63.8494
     186     -73.1793
     187     -72.0336
     188     -70.9993
     189     -71.8238
     190     -53.5566
     191     -74.0760
     192     -58.0077
     193     -70.4297
     194     -57.4804
     195     -54.6356
     196     -68.0931
     197     -69.4944
     198     -71.5356
     199     -68.9139
     200     -66.0980
     201     -77.2221
     202     -59.8903
     203     -85.0246
     204     -66.8422
     205     -70.4336
     206     -65.8131
     207     -78.0909
     208     -48.5345
     209     -72.3987
     210     -74.8307
     211     -70.3066
     212     -72.3242
     213     -71.4991
     214     -59.0313
     215     -71.6659
     216     -58.7192
     217     -84.0211
     218     -76.8554
     219     -56.4917
     220     -66.8531
     221     -53.5863
     222     -63.1811
     223     -67.3962
     224     -72.4709
     225     -71.7306
     226     -90.2533
     227     -71.7592
     228     -70.7663
     229     -68.8653
     230     -77.4055
     231     -50.6946
     232     -60.4862
     233     -62.0274
     234     -78.9890
     235     -82.9072
     236     -78.7516
     237     -83.5767
     238     -55.6369
     239     -88.1262
     240     -76.0146
     241     -60.5321
     242     -84.0160
     243     -76.1842
     244     -61.9687
     245     -55.7974
     246     -75.4535
     247     -87.5384
     248     -53.1498
     249     -56.0439
     250     -58.2310
     251     -72.5083
     252     -67.2231
     253     -59.6696
     254     -97.8508
     255     -64.9224
     256     -70.7750
     257     -64.7308
     258     -57.4838
     259     -46.8848
     260     -60.9465
     261     -78.7610
     262     -54.5665
     263     -57.7277
     264     -77.3682
     265     -64.0203
     266     -73.8080
     267     -69.6437
     268     -61.6491
     269     -63.9898
     270     -75.3313
     271     -65.9843
     272     -68.5274
     273     -72.6519
     274     -79.5944
     275     -62.3340
     276     -64.2772
     277     -73.7640
     278     -63.3834
     279     -53.5542
     280     -63.0997
     281     -73.5254
     282     -93.0492
     283     -66.1796
     284     -60.3334
     285     -63.9611
     286     -39.9341
     287     -62.7043
     288     -69.2244
     289     -82.3445
     290     -72.2280
     291     -65.1818
     292     -69.6994
     293     -86.0431
     294     -48.0723
     295     -67.1929
     296     -69.5791
     297     -66.7806
     298     -78.6785
     299     -89.3604
     300     -96.4623
     301     -53.7288
     302     -71.3424
     303     -64.5346
     304     -67.9714
     305     -68.4891
     306     -55.4134
     307     -71.7161
     308     -64.8504
     309     -90.1590
     310     -63.7578
     311     -72.0943
     312     -67.6359
     313     -55.8492
     314     -76.4589
     315     -90.5412
     316     -61.6718
     317     -67.7996
     318     -60.9708
     319     -67.6785
     320     -51.1990
     321     -69.1079
     322     -73.2262
     323     -62.4845
     324     -65.0434
     325     -72.7157
     326     -67.8512
     327     -94.1678
     328     -60.6979
     329     -68.0633
     330     -76.8498
     331     -74.6076
     332     -85.0834
     333     -71.6430
     334     -70.5476
     335     -78.0588
     336     -73.7860
     337     -82.0419
     338     -67.4044
     339     -63.7599
     340     -55.1272
     341     -65.2596
     342     -59.6848
     343     -69.4265
     344     -58.6856
     345     -52.7124
     346     -85.9051
     347     -65.8974
     348     -68.1672
     349     -78.4997
     350     -54.0801
     351     -72.4859
     352     -83.0886
     353     -56.2112
     354     -69.2930
     355     -79.1484
     356     -49.9382
     357     -76.7016
     358     -62.7080
     359     -73.9233
     360     -63.2757
     361     -69.5125
     362     -76.3070
     363     -74.8716
     364     -76.5194
     365     -70.8346
     366     -84.2236
     367     -86.6272
     368     -95.0128
     369     -56.2783
     370     -62.6321
     371     -75.0362
     372     -58.2999
     373     -64.6213
     374     -72.4009
     375     -57.7033
     376     -75.2674
     377     -72.7029
     378     -65.6760
     379     -57.0639
     380     -47.2608
     381     -56.3828
     382     -72.8050
     383     -79.4089
     384     -58.0025
     385     -83.1587
     386     -69.2021
     387     -74.3540
     388     -71.2722
     389     -68.7333
     390     -72.0051
     391     -55.8659
     392     -49.8639
     393     -57.2303
     394     -68.8175
     395     -61.3044
     396     -69.8366
     397     -74.4627
     398     -52.1746
     399     -75.1265
     400     -63.9063
     401     -65.8594
     402     -69.4151
     403     -61.6516
     404     -56.9720
     405     -66.6941
     406     -80.6014
     407     -70.4256
     408     -72.9354
     409     -46.1004
     410     -56.1614
     411     -52.8194
     412     -79.2292
     413     -79.4880
     414     -70.2313
     415     -64.1525
     416     -86.9811
     417     -53.3947
     418     -74.4251
     419     -71.2892
     420     -64.4574
     421     -70.1360
     422     -67.7124
     423     -63.3383
     424     -72.4290
     425     -58.8863
     426     -82.1436
     427     -70.2914
     428     -74.3593
     429     -66.5407
     430     -58.0644
     431     -72.1442
     432     -77.4917
     433     -68.2087
     434     -83.4040
     435     -68.0306
     436     -71.6331
     437     -56.0458
     438     -60.7435
     439     -73.3990
     440     -69.8571
     441     -54.0375
     442     -75.7724
     443     -66.9287
     444     -70.4868
     445     -73.4079
     446     -75.3922
     447     -71.0073
     448     -52.7862
     449     -67.7824
     450     -53.7144
     451     -58.8208
     452     -61.4384
     453     -78.5871
     454     -60.5024
     455     -67.7141
     456     -65.4630
     457     -79.5473
     458    -113.7615
     459     -60.7860
     460     -64.1891
     461     -62.5292
     462     -68.6409
     463     -66.8653
     464     -61.9516
     465     -74.1581
     466     -75.7732
     467     -85.6369
     468     -57.6738
     469     -77.0000
     470     -77.2007
     471     -60.6087
     472     -62.0874
     473     -64.5899
     474     -70.3752
     475     -83.0046
     476     -88.1929
     477     -50.5679
     478     -74.7073
     479     -58.3367
     480     -61.5488
     481     -69.9608
     482     -71.6209
     483     -75.5389
     484     -77.6742
     485     -44.9419
     486     -70.9741
     487     -77.9990
     488     -73.6641
     489     -79.7469
     490     -68.1502
     491     -61.4933
     492     -63.2694
     493     -59.7395
     494     -67.2923
     495     -68.6090
     496     -58.8981
     497     -64.2032
     498     -85.5868
     499     -55.1397
     500     -67.5738
     501     -76.3991
     502     -63.8913
     503     -72.2174
     504     -54.2423
     505     -57.2996
     506     -65.6918
     507     -65.8006
     508     -78.2016
     509     -54.9081
     510     -81.0471
     511     -62.7175
     512     -76.5650
     513     -87.3331
     514     -68.6994
     515     -62.8160
     516    -101.0568
     517     -73.3361
     518     -69.0953
     519     -79.1589
     520     -61.5887
     521     -68.3104
     522     -64.1426
     523     -66.1690
     524     -52.5209
     525     -85.7655
     526     -64.9348
     527     -49.7851
     528     -63.2486
     529     -67.2123
     530     -56.2571
     531     -60.1847
     532     -68.2671
     533     -82.9870
     534     -75.9388
     535     -80.1359
     536     -57.9691
     537    -101.2650
     538     -59.9371
     539     -76.9423
     540     -54.9634
     541     -76.2784
     542     -56.5479
     543     -66.4186
     544     -59.4397
     545     -83.6891
     546     -67.3734
     547     -66.0427
     548     -65.7165
     549     -71.5765
     550     -70.1431
     551     -63.5110
     552     -68.6743
     553     -63.7245
     554     -67.4266
     555     -65.5611
     556     -70.1369
     557     -92.2637
     558     -83.8309
     559     -62.5922
     560     -72.6906
     561     -53.7797
     562     -70.9156
     563     -46.0123
     564     -69.8274
     565     -76.4169
     566     -95.1826
     567     -56.4872
     568     -63.8426
     569     -54.3725
     570     -83.6647
     571     -71.6046
     572     -70.3392
     573     -61.3683
     574     -74.0418
     575     -79.9165
     576     -61.2962
     577     -57.7835
     578     -67.0010
     579     -63.6690
     580     -60.9632
     581     -63.0307
     582     -73.0350
     583     -65.9827
     584     -60.1195
     585     -79.6493
     586     -95.5088
     587     -71.3750
     588     -57.3952
     589     -47.3819
     590     -57.2475
     591     -80.5048
     592     -63.9947
     593     -69.8596
     594     -63.0182
     595     -71.2372
     596     -73.5973
     597     -72.3161
     598     -70.3249
     599     -90.1871
     600     -64.5141
     601     -62.7914
     602     -82.1136
     603     -62.3658
     604     -67.1181
     605     -68.7916
     606     -76.0824
     607     -87.6610
     608     -65.3733
     609     -88.5679
     610     -64.0858
     611     -72.7169
     612     -74.2625
     613     -85.9789
     614     -56.0779
     615     -65.6862
     616     -72.3773
     617     -76.7778
     618     -81.3575
     619     -65.0847
     620     -66.2593
     621     -60.5927
     622     -69.5565
     623     -55.4442
     624     -76.2887
     625     -54.8671
     626     -83.4895
     627     -68.7572
     628     -59.2624
     629     -62.3186
     630     -56.5185
     631     -55.6651
     632     -61.8504
     633     -80.7353
     634     -64.8292
     635     -76.1158
     636     -82.1004
     637     -61.5563
     638     -70.2175
     639     -87.4295
     640     -67.6859
     641     -68.4866
     642     -60.3544
     643     -78.6280
     644     -68.3044
     645     -86.3683
     646     -56.1899
     647     -72.0712
     648     -54.6578
     649     -63.4130
     650     -63.3935
     651     -79.0616
     652     -50.9072
     653     -66.3951
     654     -61.1505
     655     -75.9783
     656     -55.7213
     657     -76.7427
     658     -59.2746
     659     -83.2673
     660     -49.6622
     661     -67.2444
     662     -55.4439
     663     -51.5670
     664     -66.1346
     665     -77.7896
     666     -74.6467
     667     -66.5045
     668     -87.7685
     669     -44.7188
     670     -71.8697
     671     -60.6350
     672     -87.4520
     673     -61.6176
     674     -76.5671
     675     -67.3329
     676     -76.9963
     677     -79.0084
     678     -71.0996
     679     -62.0578
     680     -66.2935
     681     -63.0434
     682     -79.1354
     683     -56.1277
     684     -90.2394
     685     -72.6050
     686     -77.7015
     687     -83.6571
     688     -77.6987
     689    -104.5200
     690     -72.1157
     691     -67.7413
     692     -80.6375
     693     -79.6625
     694     -55.8190
     695     -92.2536
     696     -62.9110
     697     -78.0388
     698     -82.6761
     699     -69.8194
     700     -67.9252
     701     -70.7316
     702     -84.4358
     703     -66.9911
     704     -94.7304
     705     -62.7932
     706     -78.2814
     707     -56.2096
     708     -80.4711
     709     -66.7545
     710     -66.8954
     711     -73.7057
     712     -57.3409
     713     -50.3145
     714     -56.1006
     715     -66.6291
     716     -54.6592
     717     -68.3418
     718     -62.0395
     719     -62.3133
     720     -53.0133
     721     -64.4969
     722     -80.8031
     723     -71.1336
     724     -55.8791
     725     -71.1854
     726     -77.4620
     727     -49.5950
     728     -71.7987
     729     -76.7715
     730     -69.5690
     731     -65.8662
     732     -78.5769
     733     -67.8979
     734     -56.3489
     735     -64.9991
     736     -61.7050
     737     -72.0377
     738     -62.0374
     739     -78.3989
     740     -63.0141
     741     -79.9488
     742     -71.6720
     743     -71.1561
     744     -65.1608
     745     -76.0864
     746     -64.4040
     747     -65.9354
     748     -51.6148
     749     -64.4829
     750     -59.9589
     751     -47.2660
     752     -49.0325
     753     -51.5053
     754     -67.0636
     755     -53.3961
     756     -81.3876
     757     -78.6784
     758     -88.1891
     759     -69.2664
     760     -73.6054
     761     -69.1875
     762     -77.3478
     763     -69.6250
     764     -74.4364
     765     -84.4031
     766     -57.2045
     767     -70.6831
     768     -70.2647
     769     -80.6199
     770     -60.8835
     771     -71.0968
     772     -62.5714
     773     -66.4589
     774     -71.7944
     775     -58.2437
     776     -87.9679
     777     -83.7838
     778     -63.5224
     779     -34.9562
     780     -67.0556
     781     -54.8051
     782     -68.2745
     783     -82.2918
     784     -54.1563
     785     -64.7611
     786     -82.5978
     787     -73.6670
     788     -64.4010
     789     -73.8595
     790     -98.2204
     791     -71.0783
     792     -82.2829
     793     -56.1792
     794     -54.8415
     795     -57.1216
     796     -73.5033
     797     -70.3319
     798     -69.4635
     799     -65.8340
     800     -84.4648
     801     -56.7178
     802     -72.9394
     803     -70.2991
     804     -80.3079
     805     -73.7680
     806     -77.1600
     807     -80.8193
     808     -64.4422
     809     -70.7747
     810     -69.5731
     811     -67.2347
     812     -75.1012
     813     -61.4002
     814     -58.7469
     815     -68.3311
     816     -52.5793
     817     -60.3146
     818     -60.9552
     819     -61.0841
     820     -74.1180
     821     -71.3586
     822     -64.5393
     823     -68.0431
     824     -72.4985
     825     -70.4295
     826     -67.8395
     827     -74.9453
     828     -64.1248
     829     -73.9281
     830     -77.7229
     831     -74.7410
     832     -73.4941
     833     -80.1306
     834     -70.4968
     835     -58.0961
     836     -72.1218
     837     -58.8033
     838     -90.2748
     839     -72.6839
     840     -61.5383
     841     -80.0055
     842     -71.3304
     843     -75.4059
     844     -72.4547
     845     -63.9363
     846     -63.5851
     847     -64.7847
     848     -80.5635
     849     -66.0722
     850     -83.3166
     851     -64.9905
     852     -66.3248
     853     -49.9060
     854     -69.9418
     855     -74.0694
     856     -46.7866
     857     -61.4602
     858     -67.9184
     859     -73.9429
     860     -74.6388
     861     -75.9031
     862     -66.3332
     863     -95.0733
     864     -63.4859
     865     -87.4848
     866     -53.6258
     867     -66.7556
     868     -65.4751
     869     -59.7025
     870     -69.7853
     871     -57.0310
     872     -78.5727
     873     -67.8760
     874     -59.4323
     875     -73.1128
     876     -68.4518
     877     -56.1551
     878     -63.4667
     879     -57.6311
     880     -85.0895
     881     -76.8299
     882     -69.3758
     883     -72.3826
     884     -62.4744
     885     -56.1334
     886     -64.7133
     887     -73.2273
     888     -62.0544
     889     -64.3910
     890     -87.7568
     891     -75.5764
     892     -61.7451
     893     -53.8725
     894     -77.1999
     895     -88.4643
     896     -70.0423
     897     -75.4987
     898     -61.7046
     899     -72.5840
     900     -59.9546
     901     -64.5571
     902     -74.5470
     903     -75.1840
     904     -43.6455
     905     -76.9831
     906     -63.0272
     907     -66.1320
     908     -73.9351
     909     -75.4499
     910     -56.3836
     911     -61.4138
     912     -71.7150
     913     -89.6055
     914     -74.8397
     915     -71.6555
     916     -82.8142
     917     -60.5973
     918     -71.3149
     919     -76.6265
     920     -47.8027
     921     -38.7810
     922     -81.9437
     923     -64.4068
     924     -63.6735
     925     -70.2579
     926     -74.7740
     927     -63.5749
     928     -70.4488
     929     -56.8789
     930     -63.8757
     931     -83.7422
     932     -64.6357
     933     -70.5639
     934     -83.3759
     935     -80.1702
     936     -65.2398
     937     -76.2164
     938     -86.5024
     939     -60.5354
     940     -63.6750
     941     -30.9846
     942     -61.3978
     943     -55.8849
     944     -61.4358
     945     -66.2957
     946     -73.5030
     947     -65.5845
     948     -65.3577
     949     -74.6064
     950     -63.2568
     951     -77.8301
     952     -84.0227
     953     -68.8526
     954     -81.4339
     955     -75.3605
     956     -81.5329
     957     -65.0284
     958     -82.5042
     959     -65.4960
     960     -56.9748
     961     -61.0995
     962     -73.7677
     963     -63.2081
     964     -57.4238
     965     -73.0139
     966     -64.6673
     967     -93.4095
     968     -76.3773
     969     -50.9873
     970     -65.6307
     971     -66.8138
     972     -50.6560
     973     -64.3163
     974     -55.1383
     975     -71.9961
     976     -57.8415
     977     -70.9134
     978     -78.9230
     979     -42.7538
     980     -67.5747
     981     -75.1071
     982     -67.6841
     983     -52.4111
     984     -79.5767
     985     -66.9323
     986     -90.6971
     987     -74.2227
     988     -96.9748
     989     -70.3547
     990     -67.8275
     991     -68.0656
     992     -59.8195
     993     -57.0778
     994     -68.0998
     995     -63.3285
     996     -78.9205
     997     -81.5344
     998     -79.0908
     999     -51.5669
    1000     -65.4869
