#Frame         psi:32
       1     155.0526
       2     115.0775
       3     142.5532
       4     137.5982
       5     148.8967
       6     159.9467
       7     147.2776
       8     161.0007
       9     158.4981
      10     136.4287
      11     130.9247
      12     173.2424
      13     144.4649
      14     120.3987
      15     144.5668
      16     123.8354
      17     142.8122
      18     141.1382
      19     146.5641
      20     136.6086
      21     127.9998
      22     123.3805
      23     156.2850
      24     156.2660
      25     151.6146
      26     135.2005
      27     124.9600
      28     135.3031
      29     136.5285
      30     132.0296
      31     132.1164
      32     116.3973
      33     139.2103
      34     131.7489
      35     119.4863
      36     167.3857
      37     141.8376
      38     153.8307
      39     152.3843
      40     157.6536
      41     142.4406
      42     122.8168
      43     130.1860
      44     145.9657
      45     161.7673
      46     166.4864
      47     162.1200
      48     146.5107
      49     154.6443
      50     164.0068
      51     129.7424
      52     123.2550
      53     149.6407
      54     134.6024
      55     126.8005
      56     133.9190
      57     152.8554
      58     146.7270
      59     140.4490
      60     131.5217
      61     146.2620
      62     154.7438
      63     155.7903
      64     162.4681
      65     128.7977
      66     145.7297
      67     138.0316
      68     164.5486
      69     158.1573
      70     157.8314
      71     160.6239
      72     148.9806
      73     142.8059
      74     135.6487
      75     117.7272
      76     133.6381
      77     131.0420
      78     119.1803
      79     133.5367
      80     130.8020
      81     121.8435
      82     125.4238
      83     149.5779
      84     131.9103
      85     156.4601
      86     121.9014
      87     158.8423
      88     153.6905
      89     162.9148
      90      85.0656
      91     141.5097
      92     131.4511
      93     141.7062
      94     146.3775
      95     155.8561
      96     157.9330
      97     152.5420
      98     134.9086
      99     171.2802
     100     162.9254
     101     126.2261
     102     150.6838
     103     153.0788
     104     154.1105
     105     123.1753
     106     160.6702
     107     153.4211
     108     149.5295
     109     130.1071
     110     115.0754
     111     137.4658
     112     145.0844
     113     131.0378
     114     129.4137
     115     141.1981
     116     138.1049
     117     146.6038
     118     131.2712
     119     121.2249
     120     145.2389
     121     151.2143
     122     128.6995
     123     135.6016
     124     135.7884
     125     155.8554
     126     141.1959
     127     133.6851
     128     137.7104
     129     137.6784
     130     139.3534
     131     152.0188
     132     140.7666
     133     146.5857
     134     139.4563
     135     137.9767
     136     135.3034
     137     115.1874
     138     155.5599
     139     143.6322
     140     121.8338
     141     140.7850
     142     132.3552
     143     133.9357
     144     167.2113
     145     129.5816
     146     135.3239
     147     147.1489
     148     145.3869
     149     148.6785
     150     156.6253
     151     150.8235
     152     102.0891
     153     144.8221
     154     137.8150
     155     154.5991
     156     132.1533
     157     144.1668
     158     153.8700
     159     156.9760
     160     131.8370
     161     127.6559
     162     138.2248
     163     138.4847
     164     139.0396
     165     137.1860
     166     140.0292
     167     148.7569
     168     138.6223
     169     140.1224
     170     132.3052
     171     154.2639
     172     148.2383
     173     145.0638
     174     141.6281
     175     148.2206
     176     145.5924
     177     144.2622
     178     139.3362
     179     143.6814
     180     159.3287
     181     136.6078
     182     137.9270
     183     112.4462
     184     123.1374
     185     103.3868
     186     140.9062
     187     121.2601
     188     105.2456
     189     137.9884
     190     144.5184
     191     121.8879
     192     120.7059
     193     150.2928
     194     142.1070
     195     132.0586
     196     143.3269
     197     130.5547
     198     135.7927
     199     165.0322
     200     146.0247
     201     101.7821
     202     140.9091
     203     131.0884
     204     142.4314
     205     138.4795
     206     160.1644
     207     136.1813
     208     141.7764
     209     131.8351
     210     153.4587
     211     137.9034
     212     133.3696
     213     125.7864
     214     126.9204
     215     151.1000
     216     123.5607
     217     140.5397
     218     137.0226
     219     118.9383
     220     109.4032
     221     140.0897
     222     138.8131
     223     141.1992
     224     146.1024
     225     153.8449
     226     158.2447
     227     144.7027
     228     147.3297
     229     136.6218
     230     125.5665
     231     126.0085
     232     146.4966
     233     155.8220
     234     125.5999
     235     150.3861
     236     164.0475
     237     135.6818
     238      97.4572
     239     152.5090
     240     149.3095
     241     143.3330
     242     140.3161
     243     165.1768
     244     163.7685
     245     165.2990
     246     143.0265
     247     101.1252
     248     154.1636
     249     129.4471
     250     133.8187
     251     158.2124
     252     109.3146
     253     133.8741
     254     158.5390
     255     131.4986
     256     129.0498
     257     130.1710
     258     133.5852
     259     129.2698
     260     145.6736
     261     141.0722
     262     115.5725
     263     124.8843
     264     179.1078
     265     153.5984
     266     158.7521
     267     144.2957
     268     129.2139
     269     148.5316
     270     152.9412
     271     157.5831
     272     122.9663
     273     126.6688
     274     134.9240
     275     127.9035
     276     120.9825
     277     139.3622
     278     126.8522
     279     127.2187
     280     134.9275
     281     159.0454
     282     138.1605
     283     140.8012
     284     118.3393
     285     136.6666
     286     128.6845
     287     134.8260
     288     129.5040
     289     136.0863
     290     146.4207
     291     145.0039
     292     146.6328
     293     130.8860
     294     126.9539
     295     151.5153
     296     158.7999
     297     148.3962
     298     137.4675
     299     132.8414
     300     135.1193
     301     136.7657
     302     132.7415
     303     109.9339
     304     146.3364
     305     142.5489
     306     142.7783
     307     141.6579
     308     146.0534
     309     138.5717
     310     159.1043
     311     147.2469
     312     135.9949
     313     139.2353
     314     176.4124
     315     114.6917
     316     148.5939
     317     100.2334
     318     147.2159
     319     131.7157
     320     140.5319
     321     155.3875
     322     145.5956
     323     147.1773
     324     135.8966
     325     147.6381
     326     139.1802
     327     123.1541
     328     151.8856
     329     151.3518
     330     155.2267
     331     141.4417
     332     159.2881
     333     157.2444
     334     113.2253
     335     132.0414
     336     136.8156
     337     149.7639
     338     167.2024
     339     124.5693
     340     146.5271
     341     136.4772
     342     105.4318
     343     137.0306
     344     123.5561
     345     141.7257
     346     134.6754
     347     138.1048
     348     141.5695
     349     149.1661
     350     143.7237
     351     138.1893
     352     146.9021
     353     134.4281
     354     148.4856
     355     133.4994
     356     150.3891
     357     122.8224
     358     110.4738
     359     132.6765
     360     111.3501
     361     130.9761
     362     121.9341
     363     147.3869
     364     151.9731
     365     161.5106
     366     152.1406
     367     135.6665
     368     153.3949
     369     137.8969
     370     126.4323
     371     160.6000
     372     119.6790
     373     128.9909
     374     152.8396
     375     150.0365
     376     122.5187
     377     158.2742
     378     151.1759
     379     130.9144
     380     136.7169
     381     121.4642
     382     142.8134
     383     153.6594
     384     157.5785
     385     115.2466
     386     175.9612
     387     118.0426
     388     141.7407
     389     146.7469
     390     138.7709
     391     120.3549
     392     147.1801
     393     151.2782
     394     141.6483
     395     126.3721
     396     126.5312
     397     147.8295
     398     149.2375
     399     144.9351
     400     150.1090
     401     150.3529
     402     127.3318
     403     142.5075
     404     154.5292
     405     114.7023
     406     162.8384
     407     157.1206
     408     135.6830
     409     145.1414
     410     157.3796
     411     160.9463
     412     119.2486
     413     138.7108
     414     156.3076
     415     134.6087
     416     120.9696
     417     151.2051
     418     147.7933
     419     143.4454
     420     161.0792
     421     153.0390
     422     102.2690
     423     138.4254
     424     139.7791
     425     127.2460
     426     146.0989
     427     145.1476
     428     106.4971
     429     145.9881
     430     150.4772
     431     146.0811
     432     133.6134
     433     146.6572
     434     122.9182
     435     131.5470
     436     104.6455
     437     150.3251
     438     165.3746
     439     162.9564
     440     147.1069
     441     129.8168
     442     147.1257
     443     132.8444
     444     147.5202
     445     149.3100
     446     157.2011
     447     154.4017
     448     139.3488
     449     126.9050
     450     111.8309
     451     142.4917
     452     138.2275
     453     129.1826
     454     142.9700
     455     125.0394
     456     157.9514
     457     159.4360
     458     148.2910
     459     149.5847
     460     133.0399
     461     142.6413
     462     162.4367
     463     128.0928
     464     123.5601
     465     113.7925
     466     152.7058
     467     137.5926
     468     131.1067
     469     142.5219
     470     141.5350
     471     162.0722
     472     158.8789
     473     147.6987
     474     138.1576
     475     134.3085
     476     100.3360
     477     129.2299
     478     141.3880
     479     124.7470
     480     124.2964
     481     131.0190
     482     144.0440
     483     145.4170
     484     132.3747
     485     115.9978
     486     129.4478
     487     130.5860
     488     137.4721
     489     134.8092
     490     139.4511
     491     150.2589
     492     137.6455
     493     131.9978
     494     155.0484
     495     137.8439
     496     123.4688
     497     154.4469
     498     144.6991
     499     119.8774
     500     141.5994
     501     152.9245
     502     129.2673
     503     147.3159
     504     152.5324
     505     139.7694
     506     127.6099
     507     111.4724
     508     148.2539
     509     126.3466
     510     148.8183
     511     131.0902
     512     149.5851
     513     143.5707
     514     154.3891
     515     137.2603
     516     148.7100
     517     155.5457
     518     116.8836
     519     124.0278
     520     146.4105
     521     155.0834
     522     111.7270
     523     123.5113
     524     171.7837
     525     153.1136
     526     101.2064
     527     113.7996
     528     175.8454
     529     142.5265
     530     106.8264
     531     139.4767
     532     166.0557
     533     137.3254
     534     142.9821
     535     163.6343
     536     135.6526
     537     132.7924
     538     111.2954
     539     123.3689
     540     149.0391
     541     129.9542
     542     154.0719
     543     154.2122
     544     142.1754
     545     129.7733
     546     133.6343
     547     149.2283
     548     158.2687
     549     147.1658
     550     138.8264
     551     134.2340
     552     154.8729
     553     143.9261
     554     151.0662
     555     142.1967
     556     138.9185
     557     135.2404
     558     119.3867
     559     144.8107
     560     112.1623
     561     135.9284
     562     144.2167
     563     148.2609
     564     133.7262
     565     130.9690
     566     165.4789
     567     143.1629
     568     154.5117
     569     139.4738
     570     139.4582
     571     143.3748
     572     164.2416
     573     143.1959
     574     133.5745
     575     134.7102
     576     141.3898
     577     121.5611
     578     136.3440
     579     130.0115
     580     150.8591
     581     138.2209
     582     144.8123
     583     149.8253
     584     144.5352
     585     148.1174
     586     147.5850
     587     122.2232
     588     152.6183
     589     147.8339
     590     139.7403
     591     151.2832
     592     146.6772
     593     132.6748
     594     125.4341
     595     155.2922
     596     151.3833
     597     144.4337
     598     149.4260
     599     150.4721
     600     151.8014
     601     123.1603
     602     126.4189
     603     153.4762
     604     149.7874
     605     117.3371
     606     168.4785
     607     143.1220
     608     129.7273
     609     119.0117
     610     152.8956
     611     127.9062
     612     139.9823
     613     120.7597
     614     154.7270
     615     134.2594
     616     139.9740
     617     124.4572
     618     131.4816
     619     147.4581
     620     159.5746
     621     129.8481
     622     152.6738
     623     152.0530
     624     154.3579
     625     154.7951
     626     120.8523
     627     130.4499
     628     123.6481
     629     130.3300
     630     131.7204
     631     151.1163
     632     130.5614
     633     162.7852
     634     162.4568
     635     161.5118
     636     170.5564
     637     149.6845
     638     168.2600
     639     155.0273
     640     147.7672
     641     161.5444
     642     162.9294
     643     135.8762
     644     129.0377
     645     158.6368
     646     134.1620
     647     164.1055
     648     151.3906
     649     147.1705
     650     148.7605
     651     150.4286
     652     132.7844
     653     159.3573
     654     148.8836
     655     160.3850
     656     142.5610
     657     150.7983
     658     136.4639
     659     136.4146
     660     146.4729
     661     141.7286
     662     142.7166
     663     120.7421
     664     128.5537
     665      97.2477
     666     134.5510
     667     130.3219
     668     149.9744
     669     129.6353
     670     118.2242
     671     141.2205
     672     110.8538
     673     121.3557
     674     134.6715
     675     135.7756
     676     131.7707
     677     135.7220
     678     123.3089
     679     121.3796
     680     145.0931
     681     170.3635
     682     157.3460
     683     126.0591
     684     141.5385
     685     139.6045
     686     150.9403
     687     125.8793
     688     153.1664
     689     167.9420
     690     137.4761
     691     145.4064
     692     140.7122
     693     126.9126
     694     142.7196
     695     148.7937
     696     129.2570
     697     122.2123
     698     130.2935
     699     131.2843
     700     164.0448
     701     144.4786
     702     160.9685
     703     136.4338
     704     150.7687
     705     156.7739
     706     129.4811
     707     120.0239
     708     120.9634
     709     115.6135
     710     144.0554
     711     143.3152
     712     137.6943
     713     133.1823
     714     134.8075
     715     147.3162
     716     137.2292
     717     109.7916
     718     123.8115
     719     123.0729
     720     123.7403
     721     135.9201
     722     146.4975
     723     145.2639
     724     137.5256
     725     138.6188
     726     133.6941
     727     131.2706
     728     137.9306
     729     144.4113
     730     148.7919
     731     156.1946
     732     131.1165
     733     135.7044
     734     137.5387
     735     110.3559
     736     144.2433
     737     152.2798
     738     138.8140
     739     137.2055
     740     132.5000
     741     139.6850
     742     139.8541
     743     137.7779
     744     136.1745
     745     147.2079
     746     129.4259
     747     130.7226
     748     130.0535
     749     129.5079
     750     121.6308
     751     137.0391
     752     150.3277
     753     127.7737
     754     156.0296
     755     144.3504
     756     150.1534
     757     122.6786
     758     110.4929
     759     139.6041
     760     158.6200
     761     146.9606
     762     130.0662
     763     133.4626
     764     107.0391
     765     143.4131
     766     140.3957
     767     135.5977
     768     152.0243
     769     147.7149
     770     126.9643
     771     139.3161
     772     138.4798
     773     162.9497
     774     143.9773
     775     160.3616
     776     158.4027
     777     170.0353
     778     144.9603
     779     136.0147
     780     133.5414
     781     145.4863
     782     146.3523
     783     140.8370
     784     150.9703
     785     143.3247
     786     136.4931
     787     138.5364
     788     144.4708
     789     128.5142
     790     167.2261
     791     134.0783
     792     136.2590
     793     131.1884
     794     128.8890
     795     136.1594
     796     150.0944
     797     123.4008
     798     141.0024
     799     157.2947
     800     142.4181
     801     144.6780
     802     124.4103
     803     112.9333
     804     164.4581
     805     128.4634
     806     141.3184
     807     139.6958
     808     153.4221
     809     151.7409
     810     151.5907
     811     125.1060
     812     120.3541
     813     133.6775
     814     164.3982
     815     127.3404
     816     142.8356
     817     134.5651
     818     145.8012
     819     144.7379
     820     145.5128
     821     154.8422
     822     150.6965
     823     163.1186
     824    -178.8827
     825     154.3884
     826     128.4019
     827     134.1793
     828     133.5311
     829     130.0761
     830     149.9844
     831     160.4463
     832     139.7684
     833     122.4754
     834     136.9666
     835     144.5258
     836     149.7358
     837     147.6165
     838     106.8562
     839     130.4793
     840     155.0830
     841     156.5303
     842     159.4937
     843     125.3632
     844     130.6789
     845     114.5554
     846     143.4557
     847     136.6378
     848     140.5143
     849     127.7984
     850     131.4023
     851     156.9902
     852     136.2192
     853     129.4106
     854     160.8150
     855     119.5843
     856     151.8427
     857     146.7659
     858     137.7686
     859     136.8391
     860     122.3649
     861     130.6172
     862     146.4064
     863     104.4241
     864     159.9850
     865     115.2003
     866     145.0422
     867     137.9898
     868     157.7402
     869     129.1394
     870     138.4650
     871     108.4132
     872     135.0243
     873     141.6691
     874     133.2321
     875     130.7431
     876     117.5483
     877     134.1590
     878     142.6829
     879     154.2061
     880     131.1999
     881     140.8793
     882     133.8183
     883     157.5144
     884     152.1124
     885     134.2190
     886     147.3815
     887     139.6159
     888     145.2848
     889     144.8228
     890     135.9605
     891     114.1448
     892     159.9990
     893     131.1751
     894     126.5459
     895     133.4874
     896     132.4014
     897     121.7440
     898     139.4826
     899     141.5138
     900     136.4027
     901     108.8920
     902     157.4627
     903     121.3355
     904     129.6556
     905     155.8351
     906     120.7632
     907     137.3210
     908     113.0299
     909     134.2609
     910     148.3714
     911     152.0952
     912     139.1920
     913     102.7705
     914     142.8537
     915     145.9386
     916     147.3404
     917     140.8038
     918     122.6361
     919     123.9899
     920     133.7609
     921     123.2867
     922     126.6387
     923     109.7177
     924     145.7075
     925     133.7735
     926     141.9880
     927     166.4108
     928     152.4130
     929     158.4141
     930     131.6610
     931     123.4535
     932     134.8933
     933     129.1468
     934     126.5495
     935     115.5169
     936     130.9585
     937     150.8917
     938     149.3921
     939     155.4335
     940     141.4751
     941     137.1563
     942     135.0402
     943     166.2339
     944     147.7415
     945     150.4904
     946     163.7363
     947     145.1644
     948     149.3360
     949     144.4296
     950     164.1208
     951     152.5918
     952     162.6033
     953     158.6679
     954     164.0182
     955     160.8253
     956     158.0636
     957     132.8892
     958     119.9430
     959     144.4185
     960     154.5935
     961     165.2561
     962     147.7539
     963     158.7708
     964     143.9780
     965     155.0003
     966     150.2999
     967     154.0827
     968     109.2926
     969     145.6401
     970     142.8629
     971     167.3862
     972     145.6070
     973     140.1751
     974     122.1310
     975     143.3654
     976     144.5421
     977     148.7576
     978     164.2831
     979     116.3742
     980     143.0646
     981     121.9626
     982     137.8391
     983     129.5338
     984     139.7713
     985     131.5601
     986     126.8986
     987     146.7440
     988     154.1674
     989     134.1885
     990     128.0956
     991     125.3168
     992     141.4507
     993     136.9559
     994     130.8818
     995     140.7300
     996     116.7556
     997     158.0566
     998     159.7694
     999     135.3325
    1000     146.2898
