#Frame        psi:120
       1     144.1696
       2     135.2096
       3     138.1445
       4     140.8689
       5     119.6241
       6     134.8673
       7     142.6594
       8     174.3293
       9     129.9341
      10     134.9151
      11     120.4685
      12     147.1269
      13     147.9041
      14     141.0266
      15     153.6636
      16     173.4783
      17     142.1588
      18     134.8746
      19     148.8297
      20     134.9936
      21     126.7607
      22     128.0212
      23     156.2752
      24     154.8816
      25     158.4122
      26     153.4979
      27     154.5988
      28     164.3167
      29     144.3247
      30     131.8568
      31     151.7634
      32     149.7039
      33     108.4665
      34     143.0248
      35     128.6192
      36     115.9642
      37     125.6653
      38     150.5342
      39     119.1505
      40     148.3730
      41     149.3214
      42     136.1032
      43     155.9938
      44     144.6966
      45     145.8537
      46     114.7654
      47     138.6207
      48     116.0056
      49     156.0099
      50     117.3713
      51     141.8847
      52     143.6900
      53     133.5644
      54     128.3586
      55     115.2404
      56     133.5272
      57      99.5499
      58     146.9606
      59     148.3122
      60     166.9669
      61     154.0969
      62     157.0405
      63     132.3883
      64     163.3228
      65     164.2381
      66     156.4244
      67     151.0442
      68     119.6759
      69     140.7564
      70     166.0497
      71     134.4446
      72     147.3462
      73     158.5604
      74     157.1982
      75     165.9726
      76     153.9191
      77     150.9583
      78     152.6123
      79     147.7185
      80     144.0871
      81     153.5072
      82     142.9152
      83     124.2783
      84     138.9585
      85     138.6637
      86     140.5328
      87     158.1424
      88     159.8858
      89     123.2759
      90      98.1844
      91     120.8832
      92     153.8043
      93     152.3458
      94     135.9302
      95     176.8805
      96     155.7015
      97     159.6313
      98     148.6046
      99     156.4145
     100     145.6608
     101     147.1709
     102     163.0032
     103     154.6849
     104     145.1873
     105     142.6125
     106     153.9031
     107     177.8942
     108     122.8636
     109     140.0965
     110     135.5550
     111     138.5598
     112     119.2342
     113     151.7141
     114     147.8217
     115     131.9115
     116     156.0099
     117     145.6721
     118     111.8232
     119     131.7091
     120     150.5018
     121     156.0636
     122     148.6489
     123     150.4404
     124     103.0672
     125     155.9426
     126     150.0362
     127     151.5583
     128     168.9243
     129     144.2338
     130     161.9362
     131     152.9417
     132     158.4438
     133     152.5774
     134     136.4759
     135     108.4896
     136     106.5443
     137     162.2976
     138     135.2116
     139     130.7911
     140     126.0870
     141     122.0166
     142     138.8585
     143     147.0117
     144     122.8778
     145     115.3934
     146     117.9334
     147     135.4711
     148     139.1098
     149     131.2465
     150     132.3947
     151     132.1497
     152     144.3419
     153     146.4625
     154     138.7570
     155     100.0477
     156     129.9765
     157     114.7751
     158     129.4628
     159     142.1142
     160     152.5070
     161     136.0755
     162     148.9847
     163     124.4172
     164     113.3772
     165     129.0136
     166     129.4083
     167     160.8097
     168     157.9486
     169     123.5029
     170     136.8910
     171     133.6760
     172     153.6003
     173     159.4725
     174     160.5922
     175     143.9904
     176     119.1552
     177     149.7801
     178     141.5189
     179     149.8394
     180     122.3474
     181     134.9539
     182     119.6980
     183     145.5443
     184     133.3952
     185     143.4357
     186     156.7045
     187     133.2560
     188     122.1740
     189     159.1652
     190     158.1477
     191     148.8304
     192     134.7102
     193     154.0386
     194     131.4169
     195     157.4289
     196     124.3473
     197     160.2260
     198     142.7984
     199     136.3965
     200     115.8940
     201     127.9123
     202     130.7666
     203     139.1684
     204     129.8938
     205     140.5392
     206     139.2388
     207     161.3424
     208     139.1155
     209     133.8478
     210     109.6543
     211     117.2671
     212     157.1867
     213     129.0228
     214     141.0482
     215     131.3097
     216     150.0127
     217     153.9432
     218     129.0493
     219     156.4900
     220     134.3848
     221     138.3414
     222     114.0201
     223     145.9954
     224     168.6486
     225     132.1643
     226     132.0117
     227     146.6597
     228     133.0946
     229     158.9380
     230     117.3445
     231     126.1453
     232     152.5918
     233     134.5581
     234     131.2236
     235     135.3745
     236     111.2137
     237     128.4556
     238     147.1758
     239     129.8922
     240     124.4408
     241     121.6907
     242     134.9702
     243     130.3017
     244     153.5831
     245     130.1676
     246     137.1641
     247     109.1310
     248     123.6238
     249     159.6796
     250     139.1171
     251     151.0698
     252     128.5114
     253     154.4583
     254     132.6682
     255     130.4422
     256     135.4944
     257     136.9869
     258     136.9682
     259     127.5272
     260     152.5836
     261     120.9425
     262     136.8374
     263     132.5135
     264     127.3956
     265     135.1507
     266     135.6248
     267     156.1474
     268     141.4339
     269     158.7156
     270     143.9986
     271     133.5288
     272     139.3995
     273     130.6234
     274     137.2445
     275     154.8492
     276     160.2479
     277     142.1417
     278     146.6402
     279     138.8648
     280     157.3244
     281     150.4980
     282     130.0820
     283     127.8895
     284     105.7995
     285     122.1089
     286     153.7175
     287     156.1855
     288     140.4130
     289     138.3127
     290     145.8172
     291     141.8596
     292     136.7857
     293     132.1672
     294     156.2360
     295     124.7779
     296     153.7229
     297     125.4616
     298     131.6247
     299     137.9766
     300     134.7932
     301     136.9994
     302     132.1165
     303     134.5745
     304     113.0922
     305     156.5953
     306     146.1944
     307     161.4167
     308     130.4945
     309     143.4643
     310     114.5896
     311     127.6396
     312     135.5556
     313     149.3224
     314     116.7099
     315     153.9171
     316     131.8682
     317     161.5272
     318     134.1344
     319     159.2346
     320     164.0463
     321     155.7174
     322     158.1552
     323     156.9783
     324     154.2832
     325     178.1979
     326     159.2884
     327     152.6334
     328     167.3858
     329     157.6039
     330     154.6234
     331     140.5342
     332     154.8878
     333     143.1127
     334     159.5067
     335     163.6229
     336     162.2444
     337     162.1588
     338     145.2694
     339     163.6054
     340     146.4629
     341     138.5812
     342     121.2489
     343     138.2482
     344     150.7635
     345     149.3841
     346     139.7311
     347     151.6225
     348     153.0834
     349     146.6685
     350     135.2127
     351     116.2722
     352     123.8657
     353     144.8695
     354     146.6806
     355     159.3316
     356     137.0697
     357     128.3087
     358     142.8197
     359     144.4411
     360     129.2089
     361     132.9895
     362     145.8648
     363     129.9153
     364     140.8692
     365     153.3056
     366     137.9995
     367     145.8166
     368     141.5683
     369     140.3441
     370     123.0542
     371     132.8731
     372     115.4342
     373     135.3987
     374     156.0707
     375     145.9246
     376     112.7365
     377     144.7832
     378     130.3187
     379     150.9187
     380     142.5951
     381     115.5704
     382     146.4927
     383     124.4069
     384     139.8475
     385     137.7306
     386     135.8247
     387     121.4820
     388     141.6786
     389     171.2845
     390     157.0998
     391     151.0686
     392     147.7716
     393     135.5018
     394     132.4262
     395     148.2510
     396     119.4215
     397     115.6720
     398     139.6508
     399     154.7254
     400     134.0477
     401     143.0665
     402     137.8806
     403     119.5102
     404     145.0123
     405     152.6188
     406     148.3254
     407     157.4047
     408     170.1429
     409     145.8011
     410     150.2967
     411     163.3515
     412     135.7543
     413     120.9918
     414     149.0955
     415     134.9324
     416     135.9959
     417     163.6184
     418     173.1364
     419     162.1176
     420     145.3438
     421     155.3869
     422     127.2161
     423     138.0478
     424     127.7116
     425     127.7524
     426     154.7335
     427     143.5301
     428     147.4521
     429     146.5200
     430     140.6952
     431     120.4970
     432     161.8295
     433     141.2560
     434     122.9344
     435     155.6598
     436     162.5214
     437     124.7603
     438     153.2995
     439     139.6496
     440     136.7599
     441     129.2350
     442     142.9985
     443     138.6526
     444     161.2647
     445     141.1159
     446     157.5640
     447     117.2150
     448     147.6447
     449     167.5061
     450     164.2612
     451     162.9241
     452     149.6579
     453     156.2690
     454     162.4246
     455     149.7437
     456     154.2311
     457     107.1337
     458     137.9244
     459     155.3533
     460     147.6599
     461     139.5703
     462     122.2332
     463     156.6042
     464     144.0623
     465     147.8645
     466     124.6709
     467     161.9381
     468     138.1286
     469     125.0853
     470     123.1805
     471     149.8796
     472     156.9205
     473     146.4578
     474     158.3796
     475     117.3956
     476     141.6491
     477     164.8155
     478     128.5727
     479     130.1225
     480     150.7271
     481     126.7259
     482     151.7166
     483     126.1571
     484     124.1366
     485     149.3210
     486     148.7034
     487     135.7437
     488     136.5369
     489     117.5148
     490     135.4513
     491     138.9850
     492     155.7242
     493     149.8684
     494     149.2501
     495     165.2382
     496     157.4542
     497     136.0521
     498     151.8446
     499     151.8301
     500     160.4838
     501     126.3090
     502     133.3281
     503     139.6082
     504     149.0938
     505     138.9055
     506     149.0627
     507     132.7806
     508     168.5626
     509     153.5402
     510     167.9670
     511     142.3935
     512     157.7438
     513     132.9624
     514     174.2159
     515     130.2334
     516     167.3114
     517     154.1244
     518     170.5576
     519     137.1256
     520     153.1941
     521     109.0559
     522     144.5456
     523     134.4664
     524     115.0068
     525     135.2601
     526     129.5879
     527     154.1175
     528     146.5292
     529     141.2911
     530     133.1499
     531     128.6030
     532     128.7733
     533     139.9741
     534     124.6990
     535     126.0673
     536     141.0849
     537     118.4032
     538     117.8728
     539     143.1465
     540     161.0572
     541     138.8195
     542     131.3460
     543     148.9250
     544     127.0755
     545     129.2247
     546     144.5203
     547     119.0492
     548     144.5143
     549     132.2750
     550     139.5613
     551     132.0108
     552     131.4159
     553     128.8181
     554     121.7999
     555     127.2040
     556     143.8780
     557     139.4907
     558     141.2901
     559     134.4014
     560     147.8228
     561     144.7132
     562     149.6773
     563     165.6917
     564     148.0475
     565     147.3059
     566     169.6304
     567     127.1405
     568     153.2849
     569     137.2339
     570     123.1254
     571     125.8824
     572     153.5743
     573     117.5853
     574     118.8294
     575     157.1371
     576     129.2802
     577     140.2687
     578     130.9666
     579     136.2185
     580     140.2412
     581     144.7757
     582     129.2609
     583     130.8444
     584     139.9476
     585     157.7710
     586     139.2066
     587     154.7787
     588     145.1014
     589     153.5989
     590     142.3407
     591     143.0681
     592     162.2445
     593     141.0934
     594     142.8900
     595     138.2902
     596     147.5177
     597     121.1746
     598     123.8508
     599     130.6567
     600     140.5882
     601     134.7522
     602     119.9695
     603     128.0941
     604     131.0150
     605     164.4318
     606     141.2764
     607     174.9611
     608     141.1985
     609     167.8967
     610     172.4079
     611     145.8194
     612     163.3102
     613     150.2886
     614     150.3272
     615     134.8604
     616     136.5692
     617     146.1743
     618     156.2967
     619     146.8965
     620     122.2566
     621     151.3965
     622     130.8772
     623     147.8192
     624     151.4598
     625     146.1732
     626     137.6049
     627     152.2951
     628     159.0314
     629     153.7137
     630     155.0445
     631     145.3015
     632     166.5948
     633     156.6003
     634     153.6485
     635     143.5789
     636     140.5517
     637     163.8119
     638     151.0686
     639     144.9310
     640     158.4219
     641     179.3177
     642     153.1411
     643     146.2813
     644     149.3926
     645     179.1795
     646     158.1775
     647     146.9772
     648     153.1421
     649     135.4836
     650     162.1704
     651     166.9964
     652     150.6754
     653     131.3279
     654     150.0342
     655     130.8709
     656     155.0413
     657     139.3796
     658     137.0203
     659     124.9078
     660     128.0446
     661     135.4880
     662     122.9890
     663     132.4965
     664     157.1892
     665     151.4830
     666     128.7619
     667     168.2877
     668     143.6183
     669     156.5308
     670     151.5142
     671     137.0453
     672     142.4727
     673     131.2664
     674     149.9502
     675     150.8243
     676     135.5701
     677     126.5434
     678     104.3124
     679     157.3535
     680     145.2966
     681     145.0461
     682     148.6285
     683     146.8630
     684     157.3535
     685     148.5564
     686     160.0513
     687     161.4168
     688     139.4688
     689     166.8489
     690     138.9069
     691     154.6434
     692     147.9991
     693     146.7356
     694     153.5500
     695     116.2811
     696     140.9142
     697     130.9107
     698     124.3190
     699     151.4235
     700     114.1261
     701     126.6090
     702     124.1415
     703     141.2831
     704     137.1501
     705     121.5495
     706     146.1741
     707     164.2812
     708     137.7711
     709     148.9312
     710     125.4395
     711     162.8948
     712     142.7754
     713     154.9084
     714     146.4139
     715     141.2007
     716     151.6042
     717     146.0748
     718     147.7852
     719     100.5343
     720     122.6376
     721     121.9440
     722     140.3160
     723     144.9494
     724     117.8428
     725     158.1526
     726     138.2834
     727     167.2230
     728     145.1231
     729     126.0457
     730     121.8301
     731     133.1994
     732     141.4663
     733     125.9448
     734     141.9104
     735     124.3969
     736     143.4232
     737     137.2559
     738     154.8939
     739     160.2544
     740     149.9214
     741     157.5104
     742     138.2338
     743     148.1497
     744     149.3314
     745     153.7747
     746     172.7511
     747     152.7492
     748     163.2777
     749     154.4811
     750     145.2329
     751     156.8888
     752     156.9360
     753     165.6052
     754     158.2706
     755     144.9829
     756     151.7716
     757     150.3197
     758     139.0480
     759     146.6518
     760     162.6338
     761     176.5490
     762     153.5999
     763     147.8654
     764     155.4897
     765     169.8185
     766     154.9499
     767     151.9827
     768     160.7103
     769     146.7842
     770     144.5553
     771     148.2427
     772     143.4199
     773     160.2661
     774     145.1281
     775     133.5044
     776     137.7226
     777     161.9099
     778     162.6968
     779     155.5811
     780     153.4912
     781     156.0282
     782     130.0533
     783     141.1994
     784     146.7662
     785     127.1127
     786     141.3868
     787     128.4018
     788     140.4390
     789     121.7367
     790     139.0446
     791     147.1843
     792     148.9150
     793     146.4089
     794     120.8229
     795     151.3488
     796     142.8877
     797     124.3001
     798     137.7585
     799     128.5520
     800     127.0653
     801     137.6099
     802     128.9678
     803     111.7716
     804     151.1652
     805     155.1097
     806     137.9725
     807     134.5131
     808     153.2129
     809     133.1245
     810     137.7246
     811     119.3958
     812     144.7766
     813     143.5295
     814     144.8101
     815     116.5508
     816     126.4921
     817     125.4764
     818     133.1430
     819     157.2064
     820     150.3653
     821     140.6767
     822     137.6396
     823     130.0136
     824     132.5692
     825     152.4274
     826     134.7499
     827     129.9716
     828     148.9471
     829     126.4232
     830     131.2844
     831     117.2498
     832     130.5530
     833     127.7875
     834     114.5042
     835     134.0042
     836     150.3206
     837      86.4910
     838     117.9510
     839     105.3329
     840     162.0605
     841     120.3079
     842     127.0867
     843     166.4862
     844     143.2424
     845     141.6440
     846     145.7784
     847     102.3551
     848     125.0449
     849     122.0060
     850     125.0769
     851     136.2461
     852     162.1976
     853     135.7051
     854     146.4022
     855     117.6470
     856     146.2841
     857     132.9461
     858     139.0219
     859     148.1718
     860     131.1060
     861     122.2793
     862     130.8054
     863     137.1993
     864     156.6775
     865     136.2862
     866     140.3866
     867     149.0309
     868     149.9771
     869     146.4930
     870     159.8840
     871     119.6109
     872     165.4253
     873     120.0763
     874     159.8960
     875     120.2491
     876     137.5697
     877     148.9575
     878     130.8341
     879     130.6238
     880     141.7002
     881     150.9793
     882     156.0220
     883     158.1041
     884     142.3172
     885     131.6552
     886     120.3538
     887     148.3061
     888     135.1722
     889     142.9272
     890     132.3953
     891     136.4091
     892     141.4684
     893     137.8705
     894     141.5259
     895     154.2625
     896     156.2974
     897     156.1772
     898     140.3456
     899     130.9652
     900     161.3306
     901     154.5409
     902     151.2641
     903     153.7655
     904     141.7210
     905     151.2471
     906     142.0938
     907     150.9139
     908     124.6461
     909     134.8472
     910     123.1511
     911     161.7995
     912     114.3163
     913     156.3890
     914     158.2192
     915     145.4324
     916     142.6020
     917     132.8545
     918     171.6830
     919     129.5524
     920     103.3807
     921     156.5846
     922     162.9328
     923     155.9168
     924     159.0717
     925     162.7877
     926     127.7750
     927     153.9698
     928     138.6008
     929     141.9711
     930     160.8002
     931     162.8640
     932     145.2562
     933     130.4206
     934     159.4157
     935     154.8433
     936     162.7459
     937     165.4861
     938     130.9976
     939     146.7412
     940     154.4954
     941     174.3405
     942     164.2449
     943     151.9984
     944     163.6945
     945     156.7748
     946     155.2139
     947     145.6425
     948     110.5734
     949     140.2040
     950     153.9333
     951     164.8565
     952     150.6063
     953     145.9910
     954     164.8607
     955     138.3472
     956     142.2846
     957     161.5246
     958     136.5838
     959     130.3457
     960     149.7969
     961     145.2119
     962     133.0398
     963     162.1487
     964     165.3426
     965     136.1610
     966     154.1320
     967     146.4226
     968     139.4770
     969     147.5688
     970     149.8603
     971     159.2585
     972     142.3503
     973     122.3996
     974     118.0977
     975     135.5375
     976     142.6974
     977     141.4594
     978     119.9652
     979     163.0222
     980     132.9882
     981     161.9045
     982     139.8875
     983     125.3530
     984     132.4149
     985     134.4124
     986     131.5861
     987     135.5231
     988     147.1945
     989     149.8341
     990     147.1136
     991     156.5539
     992     140.4162
     993     151.2022
     994     136.5208
     995     144.7533
     996     124.0893
     997     145.4200
     998     152.4533
     999     128.7139
    1000     129.3027
