#Frame     o_angle_m1   o_angle_m2
       1       2.3671       9.2501
       2       5.7411       9.1632
       3       5.8626       7.2459
       4      10.3218      11.4190
       5       4.5851       7.9965
       6       6.4883       6.7572
       7       3.6359       4.9846
       8       5.6642       6.3601
       9       7.8518       9.3325
      10       8.9049      11.4966
      11       5.1618       7.4586
      12       8.7686       9.6565
      13       7.3030      10.0348
      14       6.3053       9.2057
      15       5.8040       6.7733
      16       7.2652       5.7663
      17       4.6691       4.8974
      18       5.1046       6.6935
      19       7.2868      13.4511
      20       3.0783       7.0117
      21       8.7418       9.9868
      22       4.1758       9.8750
      23      10.2444      12.4812
      24       6.1960       4.6462
      25       5.8952       6.5244
      26       2.8483       9.6492
      27       5.6049       7.8064
      28       2.8359       6.5346
      29       5.8523      14.4131
      30       6.2543      11.5014
      31       2.1766       7.3786
      32       8.3073      13.8382
      33       7.5412      11.5750
      34       2.8553       7.3200
      35       4.8727       8.4256
      36       4.4654       8.1796
      37       4.1994       3.8943
      38       3.1758       6.5161
      39       6.0236       7.3704
      40       4.1757       4.6167
      41       6.5761       6.4704
      42       7.3888       5.1085
      43       8.6980      10.0742
      44       6.7724      12.1007
      45       4.7547       7.4544
      46       6.8849       9.6800
      47       4.1435      10.0910
      48       6.5085      12.8553
      49       6.2039       7.7471
      50       2.8725       5.5270
      51       6.5681       8.2465
      52       5.0664       8.4180
      53       4.0956       8.6383
      54       9.6710       9.6296
      55      10.1946      11.7779
      56       7.4066      12.1212
      57       9.1982       6.9604
      58       6.2320       7.4390
      59       8.1467      10.1484
      60       8.4291       5.9633
      61       5.5704       9.4575
      62       7.6894       9.9728
      63       4.0851       6.8474
      64       6.8075       9.5860
      65       8.5258       7.6451
      66       4.3086       7.3544
      67       1.4845       3.5304
      68       4.0946       1.1196
      69       6.5643       5.0348
      70       1.0195       4.1866
      71       2.8873       0.4874
      72       1.6162       5.2847
      73       2.4015       6.2991
      74       2.5044       3.1731
      75       2.5395       4.1634
      76       1.8968       4.3337
      77       0.6515       7.0493
      78       4.0018       4.4479
      79       4.4349       5.5150
      80       5.3735       4.5774
      81       1.8406       4.4884
      82       3.1050       3.0424
      83       6.4078       9.2298
      84       3.1042       7.8699
      85       5.2439       8.1294
      86       3.4428       5.7755
      87       6.2897       3.9654
      88       5.4032       5.1442
      89       5.3260       5.9412
      90       5.6944       0.7970
      91       6.6005       1.8257
      92       8.9069       1.1490
      93       6.6206       3.5909
      94       4.1827       3.5805
      95       2.0512       5.9060
      96       5.6252       5.8292
      97       2.2630       5.3207
      98       3.1418       4.3418
      99       4.5738       6.4036
     100       4.3980       5.5494
     101       2.6103       6.1062
     102       3.9226       7.5959
     103       0.7872       5.8761
     104       2.4376       4.6115
     105       4.5611       8.5987
     106       5.4488       6.2665
     107       0.5698       2.4624
     108       5.1393       4.0554
     109       1.2603       7.0481
     110       3.6159       8.5296
     111       3.4790       5.1894
     112       0.6967       6.1213
     113       0.8503       9.9622
     114       6.2652      10.7386
     115       4.2931       3.0026
     116       4.6226       5.5284
     117       4.6462       7.2283
     118       5.4554       8.6082
     119       4.9525      11.2963
     120       4.5330       9.0094
     121       2.5495       7.3671
     122       2.2114       7.3619
     123       3.5029       9.8723
     124       6.7496       9.9052
     125       6.3833       8.1544
     126       3.5297       2.7187
     127       6.6955      10.5787
     128       4.8555      10.5464
     129       3.5983       7.7657
     130       4.1079       6.2367
     131       6.6286       8.1900
     132       4.0318       2.7213
     133       5.7353       9.3550
     134       4.1448       6.0407
     135       7.5209       5.5261
     136       3.9322       5.8748
     137       2.9239       5.5333
     138       7.1573       5.8920
     139       3.4399       6.7122
     140       5.5022       5.6855
     141       3.6378       5.6366
     142       4.6665       3.9474
     143       5.1380       8.5986
     144       4.2471       5.5637
     145       3.3245       7.4964
     146       3.2822       8.6911
     147       4.5690       8.4358
     148       1.5006      10.3994
     149       6.8923       5.8806
     150       9.8928       5.9408
     151       1.8660       8.4504
     152       5.2639       7.7313
     153       4.3115       5.7386
     154       3.3396       5.6751
     155       2.3999       5.2355
     156       5.1189       2.6249
     157       4.0648       4.3681
     158       4.0483       7.7796
     159       6.6474       5.7396
     160       4.0399       2.3840
     161       1.0221       5.1954
     162       4.8456       2.8834
     163       2.6357       4.8223
     164       6.7846       1.0087
     165       5.3461       5.0095
     166       5.6065       1.0622
     167      10.3026       5.6646
     168       8.8512       7.8645
     169       3.0598       2.3493
     170       6.6407       4.4963
     171       5.5676       2.8758
     172       4.1205       4.7180
     173       3.4425       6.4651
     174       6.3089       5.3387
     175       4.3927       2.7369
     176       4.2371       3.5224
     177       2.7307       4.0068
     178       2.6974       0.4815
     179       6.8690       1.2586
     180       7.1481       5.7079
     181       8.2970       4.3706
     182       1.8088       3.8701
     183       6.2810       5.4135
     184       7.4776       6.1851
     185       3.5219       7.2162
     186       2.8545       7.3074
     187       5.1561       5.8768
     188       4.6565       9.1278
     189       4.9985       5.5848
     190       3.9516       5.9642
     191       2.2405       5.1429
     192       4.6386       2.7103
     193       4.7057       0.4739
     194       3.6088       5.7621
     195       6.2989       3.8905
     196       2.8555       2.5802
     197       1.0588       3.0456
     198       4.7737       3.9346
     199       4.4941       6.4550
     200       4.6729       5.4155
     201       2.0905       2.5752
     202       5.9733       3.3832
     203       4.5453       5.4558
     204       6.6790       0.7596
     205       4.2721       5.2980
     206       4.3299       3.9431
     207       4.1037       5.4505
     208       7.6276       2.8115
     209       5.2090       7.2515
     210       6.7724       2.0065
     211       2.7888       4.5278
     212       4.7207       4.3550
     213       1.6938       3.5680
     214       5.1127       2.9055
     215      12.1903       2.5946
     216       5.7889       5.2278
     217       9.6043       4.7069
     218       3.2470       5.0868
     219       3.2277       5.4074
     220       6.4853       2.1821
     221       4.5525       1.2817
     222       4.7239       5.7437
     223       3.1246       3.7890
     224       2.5980       1.9976
     225       9.1908       0.6916
     226       4.9379       2.3175
     227       5.0253       2.1113
     228       4.8209       5.3801
     229       6.7536       7.1703
     230       4.0719       3.9601
     231       6.2214       6.6508
     232       4.7154       2.9275
     233       4.3591       5.9829
     234       5.6294       3.7268
     235       3.4596       3.5539
     236       5.7236       1.5078
     237       3.8537       4.6085
     238       5.3454       6.2693
     239       5.0108       5.6346
     240       5.7965       2.5663
     241       7.1398       3.8383
     242       2.9225       3.3145
     243       2.8857       1.2718
     244       7.4293       5.3793
     245       3.5320       1.4260
     246       3.9965       0.4182
     247       2.5097       7.8960
     248       6.3078       1.7585
     249       5.5663       4.3566
     250       6.5325       6.7853
     251       6.4046       3.1811
     252       3.3991       4.2781
     253       4.2629       3.6639
     254       6.8162       2.1707
     255       5.3728       1.8913
     256       6.1216       4.9182
     257       5.5846       7.2871
     258       5.0899       1.1246
     259       2.4852       3.2281
     260       2.7989       3.8139
     261       2.6734       3.7301
     262       2.8088       6.9557
     263       1.7108       1.3222
     264       5.9605       2.1365
     265       4.4282       3.3755
     266       7.3579       4.8156
     267       3.6785       1.6798
     268       5.0635       1.0850
     269       4.6458       1.4732
     270       3.6315       1.3112
     271       5.0414       2.4114
     272       5.7501       4.3447
     273       2.7751       4.4651
     274       4.0431       7.1600
     275       2.7837       3.5087
     276       2.3359       6.5474
     277       4.4394       3.4735
     278       3.6107       5.5076
     279       3.7427       4.5872
     280       5.7406       0.5517
     281       3.4903       3.9841
     282       5.5396       3.1567
     283       5.6923       5.3948
     284       2.9634       3.4710
     285       5.5877       2.9408
     286       7.8564       2.4153
     287       4.1779       5.2075
     288      10.0173       3.1022
     289       6.9919       1.6750
     290       5.7811       7.0109
     291       5.1203       8.2305
     292       2.7711       0.2716
     293       8.6053       3.2133
     294       4.4003       4.1566
     295       7.0443       4.2155
     296       4.0395       5.2908
     297       2.3787       6.6485
     298       3.7607       4.4932
     299       1.7860       4.9083
     300       2.7017       5.7422
     301       2.7145       1.4788
     302       2.5318       6.2589
     303       5.3422       7.4699
     304       3.8191       7.7212
     305       5.0330       8.3606
     306       5.2361       5.1242
     307       4.6891       4.9006
     308       0.5456       4.8369
     309       7.1099      11.5228
     310       3.2568       7.5078
     311       5.9859       6.9488
     312       1.4373       3.4387
     313       4.0429       6.4916
     314       2.7853       8.8848
     315       5.1681       0.6457
     316       3.7911       5.3200
     317       5.5605       1.9867
     318       4.5485       2.8272
     319       3.3722       3.0937
     320       5.5555       4.9932
     321       6.0492       6.3076
     322       0.9036       5.4482
     323       3.2364       5.6066
     324       4.1838       6.1212
     325       3.3247       4.3321
     326       7.1429       6.5349
     327       5.9256       5.9910
     328       2.6147       5.1828
     329       1.8987       7.7439
     330       5.9828       4.6921
     331       6.9695       4.4766
     332       5.3021       6.3093
     333       5.3237       1.2318
     334       2.7405       6.1707
     335       0.6574       4.9875
     336       4.1565       6.7073
     337       5.1624       4.5572
     338       2.2154       4.5127
     339       4.5455       5.4420
     340       4.4568       3.4028
     341       3.8985       4.5159
     342       1.3284       5.2931
     343       3.3537       4.8200
     344       3.8726       5.5397
     345       3.0518       4.4752
     346       1.2588       4.2575
     347       4.9158       3.0623
     348       0.7255       3.5662
     349       2.3745       2.3859
     350       2.4272       4.0889
     351       3.2206       0.9802
     352       4.7825       5.9305
     353       0.9794       4.8130
     354       3.3473       4.5132
     355       1.2770       6.3551
     356       5.2253       6.6184
     357       2.5042       3.3350
     358       5.6392       1.9990
     359       3.5691       7.5884
     360       4.6913       3.5862
     361       1.0889       4.0038
     362       3.5912       3.0670
     363       3.8718       5.2598
     364       5.4307       8.0197
     365       2.4580       4.1281
     366       4.8812       2.7753
     367       2.8069       1.1378
     368       5.2042       3.0712
     369       0.7180       3.6880
     370       4.6193       4.8032
     371       5.8431       0.6018
     372       3.7239       5.1563
     373       3.0246       2.8992
     374       1.1220       3.5209
     375       2.4666       3.4278
     376       4.2032       3.0754
     377       4.9363       5.1578
     378       4.1484       2.2328
     379       2.9466       5.6061
     380       2.5291       3.4679
     381       2.7247       2.7033
     382       3.0392       4.4144
     383       5.2748       4.7251
     384       3.4216       5.0250
     385       3.2043       4.8653
     386       3.3439       5.6986
     387       3.1807       6.2972
     388       4.0407       5.2251
     389       7.3744       7.1028
     390       2.5221       3.8036
     391       3.5972       6.6009
     392       1.5390       5.4978
     393       5.5727       2.8315
     394       5.1498       8.1334
     395       7.6063       6.9330
     396       1.6807       5.1136
     397       2.9094       6.4143
     398       2.8945       5.0713
     399       3.7216       5.9295
     400       1.9991       2.3819
     401       2.3906       3.6404
     402       5.1875       5.7911
     403       3.4589       3.5830
     404       3.0279       4.4858
     405       4.0950       4.7819
     406       6.0959       7.0032
     407       2.6415       4.7840
     408       2.0531       6.8946
     409       5.0554       4.7783
     410       4.1050       2.3232
     411       1.3508       6.0793
     412       6.7924       3.2258
     413       7.7514       4.5983
     414       3.3301       7.7747
     415       4.0036       4.3552
     416       7.0884       6.7901
     417       6.6142       4.3435
     418       3.3953       4.1044
     419       4.2133       4.8662
     420       3.5469       3.5925
     421       3.4684       4.2577
     422       1.8326       5.8246
     423       8.7143       5.0350
     424       3.4804       6.7861
     425       6.1474       8.2997
     426       4.4593       9.0835
     427       4.9533       5.9075
     428       3.9032       8.6443
     429       5.8838       5.3889
     430       6.3182       7.9742
     431       2.0285       4.4113
     432       1.6893       2.9858
     433       5.0754       6.2380
     434       1.2588      10.2402
     435       4.0510       3.3921
     436       3.7204       2.7310
     437       2.6803       3.1721
     438       3.7611       2.9373
     439       3.4052       4.3152
     440       2.7435       5.2494
     441       5.2091       4.2877
     442       2.3983       5.1773
     443       2.5326       6.6113
     444       1.1876       3.9934
     445       4.0641       2.8846
     446       3.3149       3.3651
     447       6.9755       5.6686
     448       0.3881       3.2479
     449       4.4174       2.8201
     450       4.4846       2.6850
     451       1.5976       4.9217
     452       1.6683       4.5696
     453       5.9815       2.7464
     454       4.8767       3.2425
     455       2.5679       4.0898
     456       2.3464       4.1253
     457       4.6044       3.3339
     458       3.2362       5.5396
     459       2.4136       4.1492
     460       4.2377       5.5277
     461       4.8136       5.7456
     462       4.8714       5.1363
     463       2.9001       4.6968
     464       4.7809       5.1283
     465       0.9903       4.7785
     466       2.8862       9.9203
     467       6.3408       9.5715
     468       3.2923       3.1881
     469       2.8502       3.9506
     470       4.9958       9.3711
     471       3.9590       5.0433
     472       1.6733       6.9395
     473       4.7617       3.0643
     474       5.2136       3.5112
     475       1.8171       4.8921
     476       4.5400       3.2482
     477       4.2662       6.8665
     478       6.0439       6.3724
     479       1.6853       2.4121
     480       6.0454       2.2215
     481       2.0646       5.8398
     482       4.5836       4.3723
     483       4.9158       6.5545
     484       1.2493       4.5081
     485       5.1119       2.6229
     486       3.6851       5.8446
     487       2.8541       2.8182
     488       3.9738      10.0874
     489       6.0550       6.6412
     490       5.1220       3.5645
     491       2.1921       3.2988
     492       7.8044       3.6241
     493       5.2276       5.1381
     494       3.9860       5.5613
     495       5.4504       8.7758
     496       4.5329       2.1041
     497       5.1827       3.0266
     498       4.0357       8.6707
     499       2.8327       4.9381
     500       1.8440       5.1782
     501       1.1482       5.4830
     502       2.0910       4.4996
     503       2.7154       4.9946
     504       3.7189       2.3762
     505       3.2304       0.2297
     506       2.8836       1.5272
     507       3.7270       4.7563
     508       1.2208       3.9803
     509       1.7295       3.0085
     510       4.7846       6.0956
     511       6.2394       3.4479
     512       6.1626       3.9268
     513       2.5903       5.9068
     514       5.1170       7.0043
     515       4.2303       5.3102
     516       1.9584       6.1902
     517       0.5878       9.1710
     518       4.1095       7.5821
     519       3.0590       7.2462
     520       2.3696       8.1922
     521       8.1421       1.8833
     522       5.3053       5.3593
     523       4.6789       5.5861
     524       5.9685       8.6266
     525       5.1680       5.8299
     526       5.9358       8.5352
     527       2.4389       4.2909
     528       4.5371       3.9035
     529       0.6795       4.0502
     530       5.3516       1.7862
     531       7.6133       2.7893
     532       4.9665       4.3265
     533       2.8194       5.6413
     534       4.7339       3.3067
     535       3.9944       6.0628
     536       6.7795       3.2703
     537       3.2392       6.6927
     538       4.4184      10.1379
     539       5.4502       8.9331
     540       2.0323       7.2056
     541       4.0829       2.1587
     542       6.6300       7.2322
     543       0.6498       3.5798
     544       5.0549       7.4538
     545       4.5000       8.8843
     546       2.6025       4.9410
     547       2.9918       5.6993
     548       6.3405       3.6580
     549       2.1119       4.7132
     550       3.1788       4.2824
     551       5.4497       2.4004
     552       4.6836       3.8533
     553       5.4323       2.1117
     554       3.1655       5.4469
     555       4.1210       4.3338
     556       5.8784       2.7393
     557       2.2331       3.6799
     558       2.1942       5.5137
     559       2.8087       3.1370
     560       6.9564       5.2410
     561       1.6952       2.6510
     562       2.2897       4.4742
     563       6.6488       3.5584
     564       6.8978       2.2504
     565       1.1900       5.7546
     566       3.2970       4.2034
     567       5.2973       6.2585
     568       3.2244       7.0020
     569       1.1136       5.1559
     570       3.6732       5.3380
     571       2.6462       4.1455
     572       6.3214       5.9671
     573       8.1140       2.8515
     574       5.1002       5.9308
     575       5.5800       5.1960
     576       6.2534       2.5649
     577       6.9000       7.2318
     578       5.2008       7.1734
     579       7.1209       4.1912
     580       4.0498       2.9087
     581       6.4156       2.9786
     582       2.8359       5.4693
     583       4.3554       4.9752
     584       7.6557       5.7689
     585       8.1892       3.0949
     586       5.4061       5.6293
     587       4.6234       3.1598
     588       5.2923       2.8763
     589       1.8072       5.7746
     590       5.4739       7.5598
     591       2.9158       6.8473
     592       4.2543       6.4717
     593       3.8559       9.0088
     594       4.9750       5.1850
     595       6.5905       7.8641
     596       3.7914       7.1835
     597       3.6230       5.6050
     598       7.5890       4.6478
     599       4.7045       2.9605
     600       3.3618       3.9622
     601      10.2389       2.2503
     602      10.1745       3.7721
     603       5.1312       9.4869
     604       3.9460       8.1820
     605       3.5438       6.8979
     606       3.6348       4.5105
     607       7.8511       6.4509
     608       2.4980       7.6650
     609       6.0390       3.3605
     610       8.1843       6.6394
     611       6.5502      10.0330
     612       6.3015       6.3821
     613       6.0309       7.3050
     614       2.9389       7.0286
     615       3.8051       5.5094
     616       5.0743       2.8173
     617       2.6878       2.9552
     618       6.9766       5.2569
     619       1.8428       6.0764
     620       4.5720       5.5283
     621       5.5255       8.1471
     622       5.0436       9.1294
     623       4.3013       3.5840
     624       2.4934       5.3639
     625       3.9149       5.7421
     626       4.1475       7.1033
     627       4.2187      10.1997
     628       7.8451       4.5735
     629       8.2122       5.7714
     630       6.2797       6.3406
     631       8.6123       6.1500
     632       5.0606       2.2065
     633       6.4741       7.8777
     634       6.3029       3.3238
     635       7.8734       6.0482
     636       6.5553       4.6328
     637       5.7517       2.7276
     638       5.7668       4.9078
     639       9.1194       2.5336
     640       7.2802       4.7641
     641       4.2472       5.1691
     642       5.9150       4.3684
     643       1.8475       4.5984
     644       2.1528       8.1596
     645       4.5262       4.1743
     646       3.1721       6.7145
     647       6.7017       5.5600
     648       6.9279       4.7501
     649       6.3387       3.6541
     650       6.2395       3.8576
     651       7.5176       6.6023
     652       3.3232       7.1626
     653       2.2386       6.1611
     654       3.5998       6.0776
     655       6.4022       3.6933
     656       6.9704       1.5124
     657       3.7349       6.5160
     658       1.2469       3.9237
     659       5.7633       4.6309
     660       3.8949       4.0363
     661       3.1262       4.7356
     662       2.2222       5.5772
     663       6.3751       6.1448
     664       5.3357       3.7773
     665       2.8793       8.2295
     666       7.6579       4.1690
     667       3.4986       7.9320
     668       2.1337       6.3438
     669       7.2781       4.1624
     670       4.3770       5.2743
     671       5.3565       2.4201
     672       5.3084       3.3905
     673       5.2799       5.0033
     674       1.5486       5.5002
     675       5.0355       1.6411
     676       5.1277       1.2264
     677       3.1385       4.8295
     678       6.6537       5.9848
     679       7.0319       5.0106
     680       7.8572       3.4978
     681       6.7683       3.6916
     682       4.7138       4.2208
     683       6.3200       5.6313
     684       7.6086       5.4465
     685       6.3863       3.8633
     686       5.3669       4.9039
     687       5.5331       5.4015
     688       2.0210       5.6975
     689       6.9499       6.9281
     690       5.2499       4.7268
     691       3.1968       4.6425
     692       3.9464       3.9545
     693       5.8672       3.1097
     694       6.7555       5.6718
     695       1.5182       3.0203
     696       5.1143       3.7879
     697       5.7834       4.4912
     698       2.2634       3.0275
     699       3.5968       3.7140
     700       3.5118       5.4427
     701       3.0947       5.8109
     702       4.2444       6.1917
     703       2.5646       4.9144
     704       5.8208       5.6992
     705       7.6334       3.3983
     706       7.2812       3.0466
     707       2.5733       1.9387
     708       4.1380       5.4912
     709       4.5456       5.7028
     710       4.1525       4.6801
     711       7.7610       7.0358
     712       5.2655       5.6551
     713       5.9206       4.8347
     714       3.0742       2.8019
     715       2.7926       5.6248
     716       3.2957       4.5462
     717       4.1632       2.5022
     718       0.4109       1.3113
     719       3.8757       3.7976
     720       3.3346       3.8268
     721       4.7834       6.3640
     722       4.5035       3.8545
     723       4.8483       4.8201
     724       0.6845       5.8767
     725       4.6407       8.4175
     726       5.1278       5.6662
     727       2.7142       3.5256
     728       3.0241       2.0509
     729       2.9444       5.2806
     730       3.2927       4.6620
     731       1.7468       3.2701
     732       2.6174       6.3861
     733       2.1643       7.0571
     734       6.5403       7.4836
     735       4.6601       7.9917
     736       1.8376       7.7095
     737       0.7797       5.4810
     738       3.6842       3.7128
     739      12.3535       6.9492
     740       2.2476       3.5709
     741       2.6473      10.3542
     742       2.6059       5.7544
     743       1.9630       5.7667
     744       2.8207      10.2756
     745       2.9142       7.3835
     746       0.7827       6.4687
     747      10.0209       9.6121
     748       4.9936       9.6618
     749       2.4210       9.0237
     750       4.3895       4.5725
     751       3.5907       5.0915
     752       4.1505       4.6843
     753       0.2816       9.6823
     754       3.9079       2.3854
     755       4.5117       6.3764
     756       3.5253       9.3963
     757       0.8014       3.1599
     758       4.5335       5.5846
     759       5.3513       8.1225
     760       4.9944       8.3485
     761       4.3550       8.4652
     762       5.9332       4.1988
     763       2.7377       6.0274
     764       1.7732       9.9494
     765       4.6612       6.6904
     766       6.5133       9.1052
     767       3.8392       9.3120
     768       5.8158      10.1372
     769       2.4987       9.5493
     770       5.5350       6.7007
     771       8.5848      11.3110
     772       5.9727       6.3545
     773      10.0794       6.1594
     774       8.1362       6.5007
     775       7.0190       7.8308
     776       5.6213       5.4137
     777       9.7588       5.7782
     778       6.9792       8.6822
     779       5.3335       8.8658
     780       6.6163       8.5820
     781       1.7547       9.4462
     782       5.0231       3.3235
     783       4.3841       6.4285
     784       0.8239       6.1356
     785       5.1905       3.2260
     786       3.2351       5.4189
     787       1.7132       3.6220
     788       4.4690       7.9767
     789       3.6400       4.8148
     790       4.3525       4.6430
     791       3.3612       1.6359
     792       2.5166       5.4771
     793       2.8035       5.7225
     794       4.5900       7.3398
     795       1.4225       4.6983
     796       4.1963       6.2722
     797       4.8106       4.7826
     798       2.7583       3.4466
     799       3.8736       4.3523
     800       2.6449       1.6519
     801       4.3119       2.8390
     802       0.7031       3.2264
     803       4.9175       4.6304
     804       1.9407       4.7923
     805       2.1022       1.3374
     806       4.8213       1.3531
     807       3.5863       4.7767
     808       3.4478       2.3505
     809       2.3827       5.9964
     810       4.1518       2.3775
     811       1.4416       0.7772
     812       2.4042       3.7420
     813       1.8240       4.6432
     814       2.9198       8.9719
     815       2.6823       4.5144
     816       1.6124       6.2616
     817       6.4976       5.3821
     818       1.4262       1.9214
     819       4.4312       5.8409
     820       5.8093       4.4088
     821       5.1337       2.1190
     822       4.5391       2.6035
     823       3.2258       4.1102
     824       5.2419       3.0469
     825       6.2698       3.4934
     826       3.4392       5.7739
     827       4.0402       5.6519
     828       2.7240       5.4425
     829       4.6105       4.4277
     830       3.1074       2.6783
     831       3.2223       2.2224
     832       1.9076       2.4987
     833       6.2127       4.3903
     834       2.3514       1.5985
     835       8.5230       4.1851
     836       2.8722       5.0399
     837       6.2828       7.5756
     838       4.5275       6.9795
     839       3.5022       7.4759
     840       5.0992       4.9656
     841       1.2027       7.8642
     842       2.8624       5.0352
     843       7.0785       5.2347
     844       3.9995       5.9440
     845       5.2559       2.7259
     846       4.5314       4.2386
     847       0.0511       5.7144
     848       2.2794       6.2754
     849       3.9231       6.4594
     850       5.3200       7.4978
     851       1.2537       7.8489
     852       2.7278       6.1074
     853       3.1117       3.4669
     854       0.9055       8.0751
     855       4.8453       2.3669
     856       6.2346       6.1919
     857       6.8490       6.9964
     858       2.1823       7.3006
     859       5.3493       6.0889
     860       1.7835       6.8745
     861       2.7928       5.6693
     862       3.7356       7.0267
     863       2.9479       9.5272
     864       4.4069       8.8625
     865       4.5045       7.5101
     866       0.0933       5.4185
     867       3.0861       8.7719
     868       2.9742       6.1674
     869       8.5339       5.2023
     870       6.9044       9.0932
     871       5.2967       6.0889
     872       3.9690       6.5805
     873       2.6863       2.6485
     874       3.1734       5.4177
     875       3.3444       4.8656
     876       3.6933       8.8290
     877       2.9831       5.3893
     878       1.1345       4.7221
     879       2.7822       4.4692
     880       4.0167       5.3914
     881       2.5572       3.7495
     882       2.5965       2.2423
     883       3.5106       3.6881
     884       5.9835       5.0260
     885       5.5806       9.4620
     886       6.7626       6.2598
     887       6.5740       7.4821
     888       5.1653      10.8921
     889       5.7158       6.4169
     890       7.0769       8.1661
     891       3.8236      11.1048
     892       2.5602       8.2437
     893       3.8817       6.5384
     894       3.0301       9.8387
     895       7.7700       9.8162
     896       7.8515       8.2893
     897       5.3309       8.7095
     898       4.0970       7.6019
     899       9.8706      12.8361
     900       7.7911       6.6889
     901       7.1738       6.7487
     902       9.0750       9.3120
     903       6.3763       8.8397
     904       9.0813       9.7287
     905       9.7689       7.3650
     906       8.4666       9.9323
     907       6.3484       6.1582
     908       9.2367       5.1583
     909       8.4414       6.8429
     910       7.2147       6.4081
     911       6.2175       5.5074
     912       7.6930       6.5881
     913       4.6987       9.5784
     914       8.1754       5.5290
     915       3.8194       7.7292
     916       5.7053       4.3574
     917       5.9053       7.8492
     918       8.7060       5.1905
     919       4.7467       2.3778
     920       1.9106       4.7220
     921       6.0047       5.8475
     922       5.0900       9.4888
     923       2.7065       4.6762
     924       4.3451       1.8842
     925       5.2675       7.6795
     926       1.9791       9.8350
     927       8.5905       5.7552
     928       2.1890       9.6907
     929       6.2142       8.5689
     930       4.4676       5.7464
     931       3.7196       4.0717
     932       6.4896       5.1247
     933       1.5569       3.5860
     934       5.1253       6.4020
     935       2.8922       5.5081
     936       4.9502       4.4294
     937       5.1295       3.7738
     938       2.4815       4.3613
     939       3.2876       2.6055
     940       7.4719       5.9911
     941       1.1210       7.9936
     942       6.9204       8.8190
     943       3.4837       9.1512
     944       6.9935       5.2022
     945       2.1382       6.7125
     946       3.2188      10.0267
     947       6.2104       5.2779
     948       5.2081       4.3872
     949       1.8363       3.8319
     950       6.3808       2.2413
     951       8.0331       5.3617
     952       5.7310       9.2624
     953       8.0631       7.0773
     954       5.7103       6.9604
     955       7.2897       7.2845
     956       7.7526       8.2197
     957       6.1568       5.5500
     958       6.7281       8.1649
     959       8.5198       4.1282
     960      10.6214       2.5739
     961       5.7238       5.2540
     962       5.7792       6.0706
     963      10.8745       8.2094
     964       9.0285       6.3146
     965       9.2737       8.7437
     966       6.0324       3.7617
     967       6.8381       7.3092
     968       6.3559       7.1248
     969       6.1723       6.6692
     970       5.1154       7.1477
     971       8.8526       9.8746
     972       5.9655       6.4596
     973       8.4251       5.0711
     974       6.7213       4.9998
     975       7.7228       7.0588
     976       3.5110       1.9722
     977       6.5624       4.5369
     978       7.4389       6.8105
     979       2.9910       7.3596
     980       1.9361       3.8906
     981       7.8802      13.4670
     982       2.5473       7.0126
     983       7.6290       8.4470
     984       3.6268      12.7309
     985       4.0200       9.3792
     986       5.2985       7.6846
     987       7.7170       7.4000
     988       2.0530       4.1327
     989       5.5428       3.2841
     990       5.0536       4.6624
     991       5.0066       2.6415
     992       2.5565       1.2976
     993       3.9810       2.7946
     994       5.5169       3.3476
     995       4.1082       8.7596
     996       6.1056       6.1578
     997       5.3135       6.7466
     998       5.4754       7.1918
     999       5.7498      10.4704
    1000       6.3326       5.9625
