#Frame       T45-T133
       1       2.3582
       2       2.3486
       3       2.3587
       4       2.4054
       5       2.4314
       6       2.4244
       7       2.4701
       8       2.4065
       9       2.3233
      10       2.4427
      11       2.4492
      12       2.4749
      13       2.3434
      14       2.4911
      15       2.3330
      16       2.5516
      17       2.4189
      18       2.4996
      19       2.4730
      20       2.4560
      21       2.4748
      22       2.4197
      23       2.3205
      24       2.4659
      25       2.3182
      26       2.3752
      27       2.5673
      28       2.3670
      29       2.4038
      30       2.5214
      31       2.3604
      32       2.5026
      33       2.5017
      34       2.4804
      35       2.4877
      36       2.5313
      37       2.3235
      38       2.3847
      39       2.3536
      40       2.4285
      41       2.3073
      42       2.3697
      43       2.4624
      44       2.3807
      45       2.4218
      46       2.5436
      47       2.4402
      48       2.4586
      49       2.3779
      50       2.4509
      51       2.3470
      52       2.3969
      53       2.4175
      54       2.4509
      55       2.4589
      56       2.4005
      57       2.4948
      58       2.3699
      59       2.4598
      60       2.3992
      61       2.4999
      62       2.4180
      63       2.5732
      64       2.4068
      65       2.5393
      66       2.4252
      67       2.3089
      68       2.3896
      69       2.4750
      70       2.4363
      71       2.4778
      72       2.4469
      73       2.3687
      74       2.4036
      75       2.5217
      76       2.3267
      77       2.5212
      78       2.5535
      79       2.4225
      80       2.4177
      81       2.5729
      82       2.3864
      83       2.5623
      84       2.3772
      85       2.4160
      86       2.4735
      87       2.4649
      88       2.5548
      89       2.4611
      90       2.4529
      91       2.4626
      92       2.4182
      93       2.4368
      94       2.4612
      95       2.5529
      96       2.4438
      97       2.4066
      98       2.4396
      99       2.4187
     100       2.4448
     101       2.3752
     102       2.5456
     103       2.3973
     104       2.4691
     105       2.4044
     106       2.5383
     107       2.4328
     108       2.4556
     109       2.4335
     110       2.4383
     111       2.4139
     112       2.4201
     113       2.3922
     114       2.4791
     115       2.3031
     116       2.3990
     117       2.3702
     118       2.5007
     119       2.4566
     120       2.6032
     121       2.4551
     122       2.4151
     123       2.3542
     124       2.4280
     125       2.3799
     126       2.3723
     127       2.5024
     128       2.3702
     129       2.3835
     130       2.4653
     131       2.4904
     132       2.4274
     133       2.4627
     134       2.3783
     135       2.4969
     136       2.4569
     137       2.4259
     138       2.4486
     139       2.4730
     140       2.5213
     141       2.4468
     142       2.4900
     143       2.4212
     144       2.4267
     145       2.4178
     146       2.4034
     147       2.4369
     148       2.4609
     149       2.5014
     150       2.3037
     151       2.4196
     152       2.4359
     153       2.4938
     154       2.3914
     155       2.4760
     156       2.4494
     157       2.3514
     158       2.4477
     159       2.5004
     160       2.3920
     161       2.3683
     162       2.4521
     163       2.4126
     164       2.2650
     165       2.4597
     166       2.5684
     167       2.4300
     168       2.4970
     169       2.4544
     170       2.3909
     171       2.4999
     172       2.3617
     173       2.3191
     174       2.3760
     175       2.4984
     176       2.4519
     177       2.3872
     178       2.4465
     179       2.4382
     180       2.4847
     181       2.5598
     182       2.2571
     183       2.4158
     184       2.4496
     185       2.4268
     186       2.3852
     187       2.4464
     188       2.3897
     189       2.4671
     190       2.3540
     191       2.4857
     192       2.4732
     193       2.5388
     194       2.4397
     195       2.3653
     196       2.5341
     197       2.4644
     198       2.4125
     199       2.4650
     200       2.4637
     201       2.4336
     202       2.4958
     203       2.4369
     204       2.5566
     205       2.3898
     206       2.3783
     207       2.3938
     208       2.5900
     209       2.4559
     210       2.3771
     211       2.3991
     212       2.5515
     213       2.4276
     214       2.3911
     215       2.4564
     216       2.4488
     217       2.4294
     218       2.3673
     219       2.4195
     220       2.4333
     221       2.4768
     222       2.4219
     223       2.3532
     224       2.4527
     225       2.4205
     226       2.5534
     227       2.4344
     228       2.4165
     229       2.6351
     230       2.4371
     231       2.4701
     232       2.5843
     233       2.3579
     234       2.3963
     235       2.5138
     236       2.5321
     237       2.4716
     238       2.3614
     239       2.5432
     240       2.3842
     241       2.4033
     242       2.4824
     243       2.4398
     244       2.4826
     245       2.3625
     246       2.4768
     247       2.4388
     248       2.5279
     249       2.4496
     250       2.5369
     251       2.4357
     252       2.4691
     253       2.3447
     254       2.3511
     255       2.4992
     256       2.5631
     257       2.3520
     258       2.3598
     259       2.3959
     260       2.4617
     261       2.3597
     262       2.5177
     263       2.2935
     264       2.5244
     265       2.4027
     266       2.4366
     267       2.4035
     268       2.5131
     269       2.5231
     270       2.4471
     271       2.4821
     272       2.4780
     273       2.3968
     274       2.3763
     275       2.4650
     276       2.4258
     277       2.3505
     278       2.4891
     279       2.4036
     280       2.5870
     281       2.5151
     282       2.3947
     283       2.3744
     284       2.3669
     285       2.3557
     286       2.5193
     287       2.4580
     288       2.5368
     289       2.4797
     290       2.4740
     291       2.4302
     292       2.5115
     293       2.4336
     294       2.4019
     295       2.4975
     296       2.4849
     297       2.4821
     298       2.5374
     299       2.3807
     300       2.4425
     301       2.4167
     302       2.4298
     303       2.4239
     304       2.5037
     305       2.4178
     306       2.3748
     307       2.4072
     308       2.4053
     309       2.5135
     310       2.4662
     311       2.4533
     312       2.4114
     313       2.4364
     314       2.3973
     315       2.3382
     316       2.4164
     317       2.4238
     318       2.3504
     319       2.4046
     320       2.5631
     321       2.5278
     322       2.4644
     323       2.4341
     324       2.4112
     325       2.4581
     326       2.5057
     327       2.3827
     328       2.4171
     329       2.4147
     330       2.4811
     331       2.4730
     332       2.3696
     333       2.4848
     334       2.4416
     335       2.4741
     336       2.5092
     337       2.4754
     338       2.4111
     339       2.5264
     340       2.4566
     341       2.4151
     342       2.5157
     343       2.4715
     344       2.4757
     345       2.4316
     346       2.3883
     347       2.4292
     348       2.4000
     349       2.4822
     350       2.4624
     351       2.4908
     352       2.5103
     353       2.4691
     354       2.4276
     355       2.3968
     356       2.4062
     357       2.3305
     358       2.4331
     359       2.4664
     360       2.5493
     361       2.4393
     362       2.3941
     363       2.4824
     364       2.3451
     365       2.4522
     366       2.4298
     367       2.4135
     368       2.4061
     369       2.3841
     370       2.4960
     371       2.3211
     372       2.4892
     373       2.3154
     374       2.4349
     375       2.4023
     376       2.4589
     377       2.4078
     378       2.4206
     379       2.3788
     380       2.5210
     381       2.5197
     382       2.3646
     383       2.4459
     384       2.3664
     385       2.4703
     386       2.3941
     387       2.4155
     388       2.3850
     389       2.4090
     390       2.4871
     391       2.4057
     392       2.4924
     393       2.3886
     394       2.3786
     395       2.5425
     396       2.4063
     397       2.4674
     398       2.4991
     399       2.4854
     400       2.4909
     401       2.4442
     402       2.4866
     403       2.4348
     404       2.4019
     405       2.3513
     406       2.4353
     407       2.4852
     408       2.3858
     409       2.4905
     410       2.3519
     411       2.5190
     412       2.5218
     413       2.3400
     414       2.4599
     415       2.5009
     416       2.3961
     417       2.3893
     418       2.3796
     419       2.5049
     420       2.3808
     421       2.3678
     422       2.3852
     423       2.3951
     424       2.4044
     425       2.5632
     426       2.3973
     427       2.4246
     428       2.4667
     429       2.4155
     430       2.5197
     431       2.3972
     432       2.3316
     433       2.5738
     434       2.3391
     435       2.4977
     436       2.4711
     437       2.3978
     438       2.5073
     439       2.3588
     440       2.4571
     441       2.5162
     442       2.3905
     443       2.4007
     444       2.4576
     445       2.4730
     446       2.5023
     447       2.3892
     448       2.5312
     449       2.5446
     450       2.4394
     451       2.5442
     452       2.3344
     453       2.4697
     454       2.4682
     455       2.5062
     456       2.4543
     457       2.3257
     458       2.5336
     459       2.4055
     460       2.4691
     461       2.5480
     462       2.4635
     463       2.4521
     464       2.4063
     465       2.4499
     466       2.4266
     467       2.5412
     468       2.4409
     469       2.5168
     470       2.4752
     471       2.3616
     472       2.3658
     473       2.3516
     474       2.3924
     475       2.4563
     476       2.4107
     477       2.5019
     478       2.4656
     479       2.4781
     480       2.5129
     481       2.2957
     482       2.3881
     483       2.4396
     484       2.4689
     485       2.4461
     486       2.4861
     487       2.4538
     488       2.4397
     489       2.4549
     490       2.4850
     491       2.3403
     492       2.3954
     493       2.5191
     494       2.5190
     495       2.5304
     496       2.3806
     497       2.5081
     498       2.3708
     499       2.5248
     500       2.5016
     501       2.5373
     502       2.3945
     503       2.5086
     504       2.3722
     505       2.4696
     506       2.4137
     507       2.3557
     508       2.4450
     509       2.4150
     510       2.4262
     511       2.4131
     512       2.4066
     513       2.4657
     514       2.3977
     515       2.3211
     516       2.4493
     517       2.3925
     518       2.4010
     519       2.5246
     520       2.4790
     521       2.5016
     522       2.4781
     523       2.4974
     524       2.4588
     525       2.4617
     526       2.4500
     527       2.3606
     528       2.4423
     529       2.4490
     530       2.4318
     531       2.4374
     532       2.5471
     533       2.4646
     534       2.5058
     535       2.4794
     536       2.4718
     537       2.5003
     538       2.4131
     539       2.4565
     540       2.4316
     541       2.4018
     542       2.4207
     543       2.4989
     544       2.3956
     545       2.4075
     546       2.4670
     547       2.4692
     548       2.3859
     549       2.4642
     550       2.5125
     551       2.4615
     552       2.4474
     553       2.4613
     554       2.3859
     555       2.4917
     556       2.5386
     557       2.4735
     558       2.4016
     559       2.4286
     560       2.5394
     561       2.3949
     562       2.4558
     563       2.3990
     564       2.5975
     565       2.3217
     566       2.4749
     567       2.4565
     568       2.4628
     569       2.4309
     570       2.3418
     571       2.3617
     572       2.3628
     573       2.5225
     574       2.4845
     575       2.4568
     576       2.4471
     577       2.5426
     578       2.4223
     579       2.4255
     580       2.3630
     581       2.3882
     582       2.4425
     583       2.4242
     584       2.4863
     585       2.4842
     586       2.4547
     587       2.4859
     588       2.4507
     589       2.3216
     590       2.5042
     591       2.3904
     592       2.4713
     593       2.4710
     594       2.4505
     595       2.3370
     596       2.4235
     597       2.5302
     598       2.4522
     599       2.4472
     600       2.5357
     601       2.4711
     602       2.5394
     603       2.4448
     604       2.4517
     605       2.4028
     606       2.4500
     607       2.4681
     608       2.4016
     609       2.5260
     610       2.4475
     611       2.4544
     612       2.3614
     613       2.5883
     614       2.4507
     615       2.4492
     616       2.5838
     617       2.4542
     618       2.4739
     619       2.4413
     620       2.4555
     621       2.4379
     622       2.5014
     623       2.4772
     624       2.3676
     625       2.4825
     626       2.5724
     627       2.4945
     628       2.4840
     629       2.4794
     630       2.4384
     631       2.4492
     632       2.3673
     633       2.3579
     634       2.4624
     635       2.4460
     636       2.4730
     637       2.4628
     638       2.4184
     639       2.5225
     640       2.4868
     641       2.4239
     642       2.4880
     643       2.4925
     644       2.4950
     645       2.4891
     646       2.4081
     647       2.4910
     648       2.4554
     649       2.5199
     650       2.4793
     651       2.5512
     652       2.2847
     653       2.3956
     654       2.4607
     655       2.3678
     656       2.5350
     657       2.4566
     658       2.5267
     659       2.4888
     660       2.4762
     661       2.3209
     662       2.4847
     663       2.4508
     664       2.4428
     665       2.3783
     666       2.5235
     667       2.4892
     668       2.4239
     669       2.4670
     670       2.5012
     671       2.5044
     672       2.4292
     673       2.5092
     674       2.3749
     675       2.4088
     676       2.4931
     677       2.4132
     678       2.4600
     679       2.4871
     680       2.4356
     681       2.4831
     682       2.5578
     683       2.4596
     684       2.4941
     685       2.4582
     686       2.5194
     687       2.3032
     688       2.5278
     689       2.4195
     690       2.3474
     691       2.4648
     692       2.5089
     693       2.5084
     694       2.5196
     695       2.4365
     696       2.4284
     697       2.4767
     698       2.4392
     699       2.4362
     700       2.5125
     701       2.5246
     702       2.4962
     703       2.5214
     704       2.4925
     705       2.4952
     706       2.4151
     707       2.4189
     708       2.4525
     709       2.5822
     710       2.4368
     711       2.3079
     712       2.4517
     713       2.3919
     714       2.4042
     715       2.4332
     716       2.5149
     717       2.4817
     718       2.4772
     719       2.4935
     720       2.4720
     721       2.4764
     722       2.5103
     723       2.4333
     724       2.4468
     725       2.4572
     726       2.4948
     727       2.5155
     728       2.3905
     729       2.4253
     730       2.3897
     731       2.3480
     732       2.4200
     733       2.3543
     734       2.3798
     735       2.3510
     736       2.5155
     737       2.4328
     738       2.4487
     739       2.4499
     740       2.4913
     741       2.5584
     742       2.3560
     743       2.3601
     744       2.4161
     745       2.5303
     746       2.4763
     747       2.4653
     748       2.3990
     749       2.4413
     750       2.4604
     751       2.5826
     752       2.4045
     753       2.5616
     754       2.4656
     755       2.5345
     756       2.4109
     757       2.4294
     758       2.4300
     759       2.4482
     760       2.3340
     761       2.4418
     762       2.4066
     763       2.3349
     764       2.3759
     765       2.3739
     766       2.4455
     767       2.4188
     768       2.5478
     769       2.4725
     770       2.3887
     771       2.4441
     772       2.4639
     773       2.3846
     774       2.4673
     775       2.5516
     776       2.4448
     777       2.4125
     778       2.4742
     779       2.4741
     780       2.4290
     781       2.4436
     782       2.3285
     783       2.4915
     784       2.4441
     785       2.4685
     786       2.4767
     787       2.4997
     788       2.4314
     789       2.4202
     790       2.4657
     791       2.3681
     792       2.4503
     793       2.3996
     794       2.3416
     795       2.4456
     796       2.4676
     797       2.3827
     798       2.3725
     799       2.3983
     800       2.4462
     801       2.4032
     802       2.5122
     803       2.4655
     804       2.4457
     805       2.3904
     806       2.5385
     807       2.3914
     808       2.5013
     809       2.5100
     810       2.5636
     811       2.3922
     812       2.4248
     813       2.4386
     814       2.4103
     815       2.4439
     816       2.5444
     817       2.5724
     818       2.4138
     819       2.4084
     820       2.6365
     821       2.4784
     822       2.3621
     823       2.4387
     824       2.3148
     825       2.3799
     826       2.4408
     827       2.4778
     828       2.4345
     829       2.4309
     830       2.4532
     831       2.3346
     832       2.4491
     833       2.4307
     834       2.4919
     835       2.5501
     836       2.4991
     837       2.4361
     838       2.3782
     839       2.4635
     840       2.4980
     841       2.4412
     842       2.4181
     843       2.5415
     844       2.3996
     845       2.4694
     846       2.4253
     847       2.3391
     848       2.4826
     849       2.3946
     850       2.3907
     851       2.3490
     852       2.4945
     853       2.3553
     854       2.4902
     855       2.4563
     856       2.4614
     857       2.3997
     858       2.4994
     859       2.4198
     860       2.4241
     861       2.3886
     862       2.4968
     863       2.5711
     864       2.5648
     865       2.4219
     866       2.4557
     867       2.3984
     868       2.4614
     869       2.5035
     870       2.4146
     871       2.4205
     872       2.4347
     873       2.5048
     874       2.5285
     875       2.4810
     876       2.3702
     877       2.3765
     878       2.4613
     879       2.4876
     880       2.5046
     881       2.4036
     882       2.5120
     883       2.4369
     884       2.4663
     885       2.4959
     886       2.4608
     887       2.4731
     888       2.4054
     889       2.4076
     890       2.4580
     891       2.4643
     892       2.4520
     893       2.3846
     894       2.4070
     895       2.4009
     896       2.3828
     897       2.4546
     898       2.3739
     899       2.5222
     900       2.4930
     901       2.4206
     902       2.5145
     903       2.3553
     904       2.4312
     905       2.4658
     906       2.4342
     907       2.4612
     908       2.4070
     909       2.4962
     910       2.4593
     911       2.5279
     912       2.3539
     913       2.5135
     914       2.3537
     915       2.3325
     916       2.4424
     917       2.4636
     918       2.5335
     919       2.3711
     920       2.5816
     921       2.4311
     922       2.4421
     923       2.4254
     924       2.3742
     925       2.4646
     926       2.4801
     927       2.3870
     928       2.4480
     929       2.4673
     930       2.4525
     931       2.4522
     932       2.4309
     933       2.3655
     934       2.3610
     935       2.4855
     936       2.5020
     937       2.3774
     938       2.4834
     939       2.4087
     940       2.4998
     941       2.4982
     942       2.4614
     943       2.4105
     944       2.4806
     945       2.5654
     946       2.4947
     947       2.4307
     948       2.4777
     949       2.5292
     950       2.4857
     951       2.4124
     952       2.3539
     953       2.5492
     954       2.5218
     955       2.4439
     956       2.3591
     957       2.4613
     958       2.4048
     959       2.4179
     960       2.3896
     961       2.4876
     962       2.4594
     963       2.5210
     964       2.4342
     965       2.5019
     966       2.4358
     967       2.5094
     968       2.4568
     969       2.3675
     970       2.4332
     971       2.4603
     972       2.4965
     973       2.4667
     974       2.5043
     975       2.5069
     976       2.4695
     977       2.3821
     978       2.3665
     979       2.2612
     980       2.4578
     981       2.4539
     982       2.3359
     983       2.3730
     984       2.4804
     985       2.3890
     986       2.4289
     987       2.3288
     988       2.4635
     989       2.3918
     990       2.4084
     991       2.4332
     992       2.4455
     993       2.4158
     994       2.3565
     995       2.5432
     996       2.3593
     997       2.4510
     998       2.5258
     999       2.4062
    1000       2.4167
