4.044230270385742188e+01
3.872210311889648438e+01
3.990180206298828125e+01
3.776870346069335938e+01
3.645640182495117188e+01
3.719930267333984375e+01
3.754660034179687500e+01
3.563990020751953125e+01
3.680250167846679688e+01
3.777010345458984375e+01
3.818890380859375000e+01
3.818889999389648438e+01
3.717430114746093750e+01
3.919630050659179688e+01
3.862459945678710938e+01
3.524639892578125000e+01
3.697870254516601562e+01
4.013120269775390625e+01
3.776150131225585938e+01
3.959480285644531250e+01
3.854220199584960938e+01
3.833440017700195312e+01
3.833440017700195312e+01
3.981459808349609375e+01
3.944599914550781250e+01
3.892710113525390625e+01
3.840879821777343750e+01
3.735559844970703125e+01
3.986669921875000000e+01
3.776900100708007812e+01
3.659799957275390625e+01
3.929100036621093750e+01
3.795780181884765625e+01
3.795780181884765625e+01
3.600559997558593750e+01
3.878870010375976562e+01
3.838560104370117188e+01
3.591300201416015625e+01
3.812380218505859375e+01
3.727420043945312500e+01
3.660950088500976562e+01
3.623990249633789062e+01
3.700799942016601562e+01
3.556220245361328125e+01
3.556219863891601562e+01
3.675270080566406250e+01
3.715819931030273438e+01
3.707439804077148438e+01
3.423270034790039062e+01
3.499979782104492188e+01
3.618909835815429688e+01
3.259209823608398438e+01
3.522739791870117188e+01
3.658559799194335938e+01
3.507640075683593750e+01
3.507640075683593750e+01
3.603350067138671875e+01
3.474729919433593750e+01
3.649860000610351562e+01
3.531629943847656250e+01
3.605310058593750000e+01
3.930760192871093750e+01
3.565579986572265625e+01
3.756829833984375000e+01
4.111579895019531250e+01
3.784299850463867188e+01
3.784299850463867188e+01
4.001070022583007812e+01
3.590240097045898438e+01
3.444739913940429688e+01
3.790769958496093750e+01
3.847990036010742188e+01
3.765039825439453125e+01
3.631219863891601562e+01
3.797259902954101562e+01
3.788919830322265625e+01
3.564569854736328125e+01
3.564569854736328125e+01
3.826660156250000000e+01
3.778499984741210938e+01
3.582060241699218750e+01
3.642819976806640625e+01
3.780110168457031250e+01
3.547240066528320312e+01
3.630580139160156250e+01
3.764150238037109375e+01
3.739340209960937500e+01
3.739860153198242188e+01
3.739860153198242188e+01
3.727709960937500000e+01
3.827199935913085938e+01
3.827619934082031250e+01
3.807540130615234375e+01
3.793820190429687500e+01
3.653670120239257812e+01
3.637960052490234375e+01
3.700289916992187500e+01
3.662139892578125000e+01
3.663870239257812500e+01
3.663869857788085938e+01
3.541839981079101562e+01
3.539130020141601562e+01
3.572029876708984375e+01
3.521659851074218750e+01
3.570750045776367188e+01
3.673719787597656250e+01
3.594369888305664062e+01
3.757189941406250000e+01
3.799300003051757812e+01
3.552989959716796875e+01
3.552989959716796875e+01
3.473609924316406250e+01
3.607590103149414062e+01
3.683900070190429688e+01
3.670310211181640625e+01
3.426980209350585938e+01
3.641040039062500000e+01
3.702880096435546875e+01
3.713339996337890625e+01
3.709920120239257812e+01
3.618109893798828125e+01
3.618109893798828125e+01
3.677650070190429688e+01
3.609510040283203125e+01
3.602239990234375000e+01
3.518869781494140625e+01
3.544189834594726562e+01
3.804349899291992188e+01
3.908509826660156250e+01
3.759259796142578125e+01
4.061050033569335938e+01
3.673509979248046875e+01
3.673509979248046875e+01
3.791099929809570312e+01
3.659820175170898438e+01
3.746240234375000000e+01
3.708259963989257812e+01
3.504059982299804688e+01
3.501240158081054688e+01
3.512190246582031250e+01
3.359350204467773438e+01
3.617800140380859375e+01
3.601539993286132812e+01
3.601539993286132812e+01
3.648400115966796875e+01
3.611199951171875000e+01
3.491130065917968750e+01
3.382030105590820312e+01
3.464070129394531250e+01
3.403879928588867188e+01
3.647019958496093750e+01
3.640729904174804688e+01
3.503779983520507812e+01
3.557870101928710938e+01
3.557870101928710938e+01
3.586029815673828125e+01
3.823649978637695312e+01
3.738040161132812500e+01
3.812910079956054688e+01
3.746360015869140625e+01
3.656110000610351562e+01
3.569039916992187500e+01
3.442350006103515625e+01
3.654420089721679688e+01
3.734790039062500000e+01
3.734790039062500000e+01
3.505410003662109375e+01
3.561790084838867188e+01
3.591609954833984375e+01
3.402730178833007812e+01
3.580440139770507812e+01
3.713420104980468750e+01
3.752529907226562500e+01
3.875669860839843750e+01
3.842440032958984375e+01
3.495909881591796875e+01
3.495909881591796875e+01
3.453060150146484375e+01
3.948619842529296875e+01
3.608930206298828125e+01
3.602410125732421875e+01
3.805190277099609375e+01
3.787179946899414062e+01
3.662080001831054688e+01
3.486360168457031250e+01
3.654100036621093750e+01
3.603300094604492188e+01
3.603300094604492188e+01
3.651119995117187500e+01
3.503799819946289062e+01
3.635810089111328125e+01
3.666289901733398438e+01
3.683570098876953125e+01
3.719729995727539062e+01
3.720719909667968750e+01
3.387009811401367188e+01
3.715169906616210938e+01
3.570159912109375000e+01
3.570159912109375000e+01
3.721680068969726562e+01
3.609510040283203125e+01
3.499100112915039062e+01
3.521630096435546875e+01
3.414720153808593750e+01
3.405950164794921875e+01
3.718230056762695312e+01
3.525790023803710938e+01
3.440409851074218750e+01
3.222259902954101562e+01
3.222259902954101562e+01
3.356190109252929688e+01
3.385189819335937500e+01
3.360029983520507812e+01
3.300619888305664062e+01
3.525209808349609375e+01
3.358679962158203125e+01
3.395899963378906250e+01
3.442710113525390625e+01
3.683049774169921875e+01
3.789250183105468750e+01
3.789250183105468750e+01
3.786870193481445312e+01
3.775889968872070312e+01
3.767950057983398438e+01
3.521500015258789062e+01
3.931449890136718750e+01
3.625230026245117188e+01
3.713740158081054688e+01
4.072620010375976562e+01
3.821580123901367188e+01
3.452719879150390625e+01
3.452719879150390625e+01
3.729419708251953125e+01
3.473519897460937500e+01
3.679209899902343750e+01
3.627719879150390625e+01
3.795369720458984375e+01
3.836639785766601562e+01
3.777840042114257812e+01
3.720420074462890625e+01
3.682820129394531250e+01
3.627269744873046875e+01
3.627270126342773438e+01
3.457910156250000000e+01
3.769560241699218750e+01
3.604700088500976562e+01
3.617779922485351562e+01
3.674780273437500000e+01
3.820190048217773438e+01
3.759640121459960938e+01
3.398649978637695312e+01
3.380450057983398438e+01
3.219219970703125000e+01
3.219219970703125000e+01
3.412739944458007812e+01
3.478150177001953125e+01
3.497259902954101562e+01
3.334749984741210938e+01
3.509429931640625000e+01
3.521009826660156250e+01
3.295370101928710938e+01
2.965830039978027344e+01
3.075219917297363281e+01
3.232489776611328125e+01
3.232490158081054688e+01
3.164249992370605469e+01
3.161540031433105469e+01
3.276650238037109375e+01
3.121090126037597656e+01
3.158190155029296875e+01
3.406919860839843750e+01
3.297859954833984375e+01
3.137430000305175781e+01
3.378229904174804688e+01
3.138960075378417969e+01
3.138960075378417969e+01
3.092980003356933594e+01
2.953470039367675781e+01
2.940180015563964844e+01
2.909300041198730469e+01
3.155830001831054688e+01
3.034710121154785156e+01
3.079430007934570312e+01
3.370370101928710938e+01
3.086600112915039062e+01
3.213320159912109375e+01
3.213320159912109375e+01
3.288639831542968750e+01
3.079930114746093750e+01
3.038000106811523438e+01
2.999670028686523438e+01
2.972710037231445312e+01
2.858979988098144531e+01
2.875040054321289062e+01
2.859840011596679688e+01
3.147529983520507812e+01
3.202840042114257812e+01
3.202840042114257812e+01
3.282440185546875000e+01
3.421889877319335938e+01
3.425230026245117188e+01
3.122310066223144531e+01
3.069269943237304688e+01
3.263059997558593750e+01
3.348740005493164062e+01
3.302650070190429688e+01
3.113439941406250000e+01
3.280519866943359375e+01
3.280519866943359375e+01
3.187809944152832031e+01
3.114139938354492188e+01
3.053899955749511719e+01
3.281529998779296875e+01
3.211730194091796875e+01
3.126939964294433594e+01
3.294879913330078125e+01
3.255249786376953125e+01
3.164799880981445312e+01
3.096249961853027344e+01
3.096250152587890625e+01
3.224150085449218750e+01
2.873390007019042969e+01
3.005200004577636719e+01
2.922809982299804688e+01
3.333020019531250000e+01
3.121290016174316406e+01
3.166410064697265625e+01
3.087590026855468750e+01
3.009510040283203125e+01
2.964290046691894531e+01
2.964290046691894531e+01
3.042189979553222656e+01
3.268799972534179688e+01
3.150310134887695312e+01
3.203590011596679688e+01
3.142750167846679688e+01
3.159329986572265625e+01
3.132390022277832031e+01
3.256930160522460938e+01
3.155360031127929688e+01
3.051480102539062500e+01
3.051480102539062500e+01
3.237820053100585938e+01
3.360969924926757812e+01
3.363040161132812500e+01
3.049240112304687500e+01
2.747369956970214844e+01
2.890040016174316406e+01
3.111499977111816406e+01
2.919479942321777344e+01
2.728450012207031250e+01
2.934480094909667969e+01
2.934479904174804688e+01
2.931659889221191406e+01
2.808370018005371094e+01
2.863640022277832031e+01
2.824679946899414062e+01
2.572229957580566406e+01
2.837220001220703125e+01
2.804599952697753906e+01
2.833309936523437500e+01
2.827919960021972656e+01
2.784939956665039062e+01
2.784939956665039062e+01
2.830329895019531250e+01
2.789859962463378906e+01
3.169630050659179688e+01
3.003409957885742188e+01
2.953610038757324219e+01
2.753560066223144531e+01
2.991250038146972656e+01
2.718759918212890625e+01
2.711370086669921875e+01
2.923710060119628906e+01
2.923709869384765625e+01
2.917860031127929688e+01
3.007410049438476562e+01
2.905329895019531250e+01
2.653999900817871094e+01
2.802790069580078125e+01
2.875149917602539062e+01
3.139080047607421875e+01
3.003949928283691406e+01
2.809989929199218750e+01
3.063589859008789062e+01
3.063590049743652344e+01
3.101869964599609375e+01
2.861020088195800781e+01
3.237010192871093750e+01
3.098139953613281250e+01
3.017290115356445312e+01
2.967600059509277344e+01
2.892250061035156250e+01
2.901749992370605469e+01
2.732800102233886719e+01
2.720690155029296875e+01
2.720689964294433594e+01
2.792669868469238281e+01
2.889769935607910156e+01
2.833459854125976562e+01
2.705399894714355469e+01
2.802069854736328125e+01
2.537809944152832031e+01
2.810689926147460938e+01
2.796139907836914062e+01
2.758909988403320312e+01
2.737989807128906250e+01
2.737989997863769531e+01
2.789239883422851562e+01
2.848539924621582031e+01
3.012669944763183594e+01
2.665959930419921875e+01
2.999069976806640625e+01
2.874609947204589844e+01
2.978179931640625000e+01
2.954869842529296875e+01
3.015679931640625000e+01
2.862080001831054688e+01
2.862080001831054688e+01
3.016959953308105469e+01
3.093859863281250000e+01
2.941709899902343750e+01
2.986629867553710938e+01
3.006079864501953125e+01
2.942099952697753906e+01
3.052090072631835938e+01
2.937889862060546875e+01
2.849279975891113281e+01
2.726779937744140625e+01
2.726779937744140625e+01
2.660949897766113281e+01
2.727779960632324219e+01
2.667269897460937500e+01
2.829479980468750000e+01
2.896590042114257812e+01
2.679119873046875000e+01
2.664119911193847656e+01
2.456119918823242188e+01
2.384739875793457031e+01
2.337749862670898438e+01
2.337749862670898438e+01
2.579010009765625000e+01
2.427989959716796875e+01
2.570809936523437500e+01
2.195190048217773438e+01
2.553989982604980469e+01
2.676729965209960938e+01
2.637319946289062500e+01
2.685369873046875000e+01
2.192169952392578125e+01
2.586170005798339844e+01
2.586170005798339844e+01
2.466520118713378906e+01
2.689120101928710938e+01
2.430720138549804688e+01
2.535880088806152344e+01
2.555640029907226562e+01
2.370160102844238281e+01
2.237050056457519531e+01
2.270090103149414062e+01
2.296980094909667969e+01
2.412070083618164062e+01
2.412069892883300781e+01
2.465399932861328125e+01
2.734409904479980469e+01
2.559389877319335938e+01
2.752139854431152344e+01
2.815969848632812500e+01
2.733549880981445312e+01
2.636349868774414062e+01
2.500859832763671875e+01
2.513509941101074219e+01
2.450230026245117188e+01
2.450230026245117188e+01
2.465169906616210938e+01
2.769339942932128906e+01
2.622609901428222656e+01
2.485869979858398438e+01
2.593029975891113281e+01
2.726839828491210938e+01
2.669350051879882812e+01
2.667089843750000000e+01
2.732359886169433594e+01
2.809739875793457031e+01
2.809740066528320312e+01
2.709609985351562500e+01
2.709499931335449219e+01
2.592429924011230469e+01
2.644619941711425781e+01
2.845599937438964844e+01
2.685989952087402344e+01
2.699069976806640625e+01
2.802169799804687500e+01
2.642049980163574219e+01
2.800969886779785156e+01
2.800970077514648438e+01
2.914120101928710938e+01
2.868779945373535156e+01
2.795399856567382812e+01
2.722209930419921875e+01
2.832099914550781250e+01
2.916199874877929688e+01
2.776609992980957031e+01
2.830999946594238281e+01
2.542309951782226562e+01
2.409109878540039062e+01
2.409109878540039062e+01
2.511429977416992188e+01
2.622539901733398438e+01
2.716860008239746094e+01
2.687170028686523438e+01
3.103030014038085938e+01
2.832970046997070312e+01
2.893319892883300781e+01
2.955459976196289062e+01
2.561669921875000000e+01
2.679119873046875000e+01
2.679119873046875000e+01
2.664189910888671875e+01
2.730270004272460938e+01
2.595599937438964844e+01
2.910999870300292969e+01
2.810469818115234375e+01
2.915169906616210938e+01
2.865579986572265625e+01
2.938739776611328125e+01
2.924829864501953125e+01
2.856179809570312500e+01
2.856179809570312500e+01
2.994449996948242188e+01
2.926639938354492188e+01
3.041629981994628906e+01
3.032600021362304688e+01
2.871909904479980469e+01
2.646780014038085938e+01
2.517700004577636719e+01
2.811529922485351562e+01
2.930889892578125000e+01
2.853469848632812500e+01
2.853469848632812500e+01
2.868529891967773438e+01
2.680739974975585938e+01
2.612839889526367188e+01
2.833710098266601562e+01
2.538549995422363281e+01
2.538139915466308594e+01
2.362870025634765625e+01
2.286789894104003906e+01
2.480739974975585938e+01
2.623419952392578125e+01
2.623419952392578125e+01
2.758979988098144531e+01
2.870960044860839844e+01
2.340810012817382812e+01
2.534980010986328125e+01
2.769700050354003906e+01
2.953369903564453125e+01
2.619760131835937500e+01
2.700650024414062500e+01
2.873910140991210938e+01
2.774079895019531250e+01
2.774079895019531250e+01
2.636019897460937500e+01
2.369160079956054688e+01
2.564609909057617188e+01
2.439629936218261719e+01
2.782939910888671875e+01
2.632369995117187500e+01
2.570540046691894531e+01
2.503879928588867188e+01
2.612339973449707031e+01
2.423410034179687500e+01
2.423410034179687500e+01
2.526039886474609375e+01
2.426809883117675781e+01
2.530479812622070312e+01
2.622309875488281250e+01
2.410009956359863281e+01
2.428030014038085938e+01
2.458199882507324219e+01
2.412859916687011719e+01
2.408799934387207031e+01
2.518679809570312500e+01
2.518680000305175781e+01
2.222629928588867188e+01
2.497699928283691406e+01
2.374940109252929688e+01
2.411140060424804688e+01
2.503310012817382812e+01
2.385260009765625000e+01
2.290270042419433594e+01
2.622990036010742188e+01
2.400270080566406250e+01
2.676689910888671875e+01
2.676690101623535156e+01
2.391749954223632812e+01
2.522490119934082031e+01
2.403070068359375000e+01
2.615290069580078125e+01
2.614620018005371094e+01
2.708880043029785156e+01
2.496110153198242188e+01
2.391580009460449219e+01
2.790590095520019531e+01
2.460570144653320312e+01
2.460569953918457031e+01
2.552910041809082031e+01
2.469809913635253906e+01
2.656069946289062500e+01
2.845750045776367188e+01
2.380030059814453125e+01
2.469190025329589844e+01
2.414229965209960938e+01
2.618600082397460938e+01
2.492689895629882812e+01
2.357059860229492188e+01
2.357059860229492188e+01
2.865739822387695312e+01
2.888329887390136719e+01
2.742199897766113281e+01
2.993589782714843750e+01
2.801129913330078125e+01
2.936809921264648438e+01
2.725299835205078125e+01
2.565079879760742188e+01
2.686549949645996094e+01
2.583849906921386719e+01
2.583850097656250000e+01
2.720030021667480469e+01
2.917460060119628906e+01
2.693000030517578125e+01
2.769420051574707031e+01
2.877320098876953125e+01
2.920550155639648438e+01
2.444320106506347656e+01
2.345230102539062500e+01
2.532229995727539062e+01
2.659680175781250000e+01
2.659679794311523438e+01
2.605379867553710938e+01
2.669659805297851562e+01
2.487689971923828125e+01
2.436369895935058594e+01
2.522949981689453125e+01
2.506909942626953125e+01
2.476989936828613281e+01
2.578379821777343750e+01
2.480359840393066406e+01
2.300949859619140625e+01
2.300950050354003906e+01
2.719599914550781250e+01
2.624460029602050781e+01
2.737059974670410156e+01
2.695439910888671875e+01
2.717329978942871094e+01
2.715750122070312500e+01
2.551169967651367188e+01
2.886890029907226562e+01
2.693970108032226562e+01
2.706830024719238281e+01
2.706829833984375000e+01
2.669889831542968750e+01
2.589749908447265625e+01
2.771019935607910156e+01
2.869020080566406250e+01
2.800259971618652344e+01
2.660339927673339844e+01
2.802309989929199219e+01
2.901659965515136719e+01
2.754649925231933594e+01
2.598500061035156250e+01
2.598499870300292969e+01
2.612639999389648438e+01
2.522159957885742188e+01
2.657379913330078125e+01
2.840889930725097656e+01
2.757040023803710938e+01
2.708029937744140625e+01
2.706209945678710938e+01
2.613919830322265625e+01
2.725159835815429688e+01
2.670559883117675781e+01
2.670560073852539062e+01
2.535239982604980469e+01
2.635079956054687500e+01
2.701230049133300781e+01
2.234900093078613281e+01
2.535350036621093750e+01
2.870550155639648438e+01
2.700099945068359375e+01
2.615650177001953125e+01
2.482660102844238281e+01
2.225629997253417969e+01
2.225629997253417969e+01
2.470059967041015625e+01
2.358440017700195312e+01
2.534379959106445312e+01
2.345619964599609375e+01
2.504229927062988281e+01
2.609599876403808594e+01
2.431889915466308594e+01
2.706789970397949219e+01
2.484739875793457031e+01
2.882789993286132812e+01
2.882789993286132812e+01
2.920529937744140625e+01
2.718239974975585938e+01
2.702549934387207031e+01
2.746509933471679688e+01
2.772879981994628906e+01
2.543490028381347656e+01
2.870129966735839844e+01
3.099609947204589844e+01
2.927280044555664062e+01
2.735110092163085938e+01
2.735110092163085938e+01
2.980580139160156250e+01
2.558140182495117188e+01
2.601850128173828125e+01
2.667880058288574219e+01
2.649560165405273438e+01
2.675099945068359375e+01
2.581500053405761719e+01
2.617230033874511719e+01
2.685179901123046875e+01
2.467620086669921875e+01
2.467620086669921875e+01
2.578179931640625000e+01
2.454090118408203125e+01
2.580089950561523438e+01
2.423030090332031250e+01
2.298250007629394531e+01
2.559189987182617188e+01
2.558020019531250000e+01
2.551770019531250000e+01
2.496260070800781250e+01
2.520870018005371094e+01
2.520870018005371094e+01
2.382469940185546875e+01
2.207609939575195312e+01
2.607130050659179688e+01
2.665110015869140625e+01
2.567810058593750000e+01
2.517290115356445312e+01
2.617660140991210938e+01
2.458160018920898438e+01
2.654349899291992188e+01
2.782120132446289062e+01
2.782120132446289062e+01
2.819449996948242188e+01
2.894240188598632812e+01
2.841360092163085938e+01
2.468560028076171875e+01
2.689730072021484375e+01
3.263700103759765625e+01
2.937790107727050781e+01
2.821800041198730469e+01
2.799690055847167969e+01
2.906900024414062500e+01
2.906900024414062500e+01
2.947029876708984375e+01
2.903339767456054688e+01
2.590149879455566406e+01
2.675959777832031250e+01
2.685889816284179688e+01
2.865029907226562500e+01
2.720279884338378906e+01
2.443019866943359375e+01
2.891909790039062500e+01
2.818109893798828125e+01
2.818110084533691406e+01
2.689049911499023438e+01
3.025870132446289062e+01
3.105960083007812500e+01
3.016410064697265625e+01
2.947180175781250000e+01
2.784239959716796875e+01
2.938619995117187500e+01
2.937480163574218750e+01
2.838970184326171875e+01
2.879249954223632812e+01
2.879249954223632812e+01
2.567200088500976562e+01
2.749830055236816406e+01
2.550320053100585938e+01
2.857270050048828125e+01
2.720429992675781250e+01
2.759070014953613281e+01
2.951329994201660156e+01
2.879850006103515625e+01
3.008670043945312500e+01
2.895610046386718750e+01
2.895610046386718750e+01
3.024660110473632812e+01
2.924219894409179688e+01
2.965509986877441406e+01
2.811249923706054688e+01
2.610050010681152344e+01
2.642210006713867188e+01
2.332690048217773438e+01
2.702099990844726562e+01
2.951779937744140625e+01
2.860900115966796875e+01
2.860900115966796875e+01
2.772629928588867188e+01
2.671400070190429688e+01
2.620650100708007812e+01
2.855089950561523438e+01
2.814970016479492188e+01
2.860510063171386719e+01
2.599200057983398438e+01
2.607030105590820312e+01
2.457849884033203125e+01
2.299660110473632812e+01
2.299660110473632812e+01
2.460459899902343750e+01
2.551659965515136719e+01
2.283850097656250000e+01
2.349559974670410156e+01
2.520310020446777344e+01
2.611700057983398438e+01
2.551290130615234375e+01
2.616519927978515625e+01
2.469589996337890625e+01
2.632110023498535156e+01
2.632110023498535156e+01
2.642880058288574219e+01
2.341440010070800781e+01
2.588150024414062500e+01
2.343569946289062500e+01
2.444050025939941406e+01
2.416740036010742188e+01
2.592219924926757812e+01
2.357740020751953125e+01
2.611680030822753906e+01
2.605760002136230469e+01
2.605760002136230469e+01
2.788000106811523438e+01
2.716320037841796875e+01
2.500559997558593750e+01
2.519029998779296875e+01
2.519630050659179688e+01
2.608810043334960938e+01
2.356990051269531250e+01
2.489360046386718750e+01
2.538529968261718750e+01
2.443809890747070312e+01
2.443809890747070312e+01
2.710549926757812500e+01
2.591600036621093750e+01
2.357570075988769531e+01
2.589049911499023438e+01
2.535470008850097656e+01
2.962989997863769531e+01
2.405929946899414062e+01
2.614030075073242188e+01
2.695380020141601562e+01
2.524000167846679688e+01
2.524000167846679688e+01
2.360459899902343750e+01
2.310879898071289062e+01
2.098390007019042969e+01
2.437770080566406250e+01
2.415740013122558594e+01
2.235440063476562500e+01
2.576499938964843750e+01
2.348620033264160156e+01
2.268040084838867188e+01
2.284730148315429688e+01
2.284730148315429688e+01
2.454360008239746094e+01
2.238100051879882812e+01
2.362730026245117188e+01
2.343550109863281250e+01
2.343830108642578125e+01
2.372459983825683594e+01
2.389300155639648438e+01
2.115909957885742188e+01
2.197510147094726562e+01
2.313080024719238281e+01
2.313080024719238281e+01
2.326840019226074219e+01
2.356830024719238281e+01
2.424340057373046875e+01
2.510440063476562500e+01
2.666230010986328125e+01
2.704500007629394531e+01
2.831399917602539062e+01
2.997589874267578125e+01
2.636770057678222656e+01
2.237490081787109375e+01
2.237490081787109375e+01
2.476160049438476562e+01
2.405109977722167969e+01
2.474649810791015625e+01
2.488479995727539062e+01
2.547959899902343750e+01
2.675919914245605469e+01
2.543219947814941406e+01
2.589069938659667969e+01
2.659420013427734375e+01
2.553949928283691406e+01
2.553950119018554688e+01
2.623769950866699219e+01
2.659329986572265625e+01
2.499320030212402344e+01
2.451720046997070312e+01
2.422000122070312500e+01
2.396329879760742188e+01
2.408259963989257812e+01
2.627019882202148438e+01
2.273320007324218750e+01
2.475500106811523438e+01
2.475500106811523438e+01
2.495949935913085938e+01
2.521809959411621094e+01
2.363360023498535156e+01
2.367399978637695312e+01
2.541989898681640625e+01
2.593359947204589844e+01
2.673369979858398438e+01
2.586259841918945312e+01
2.595700073242187500e+01
2.646860122680664062e+01
2.646860122680664062e+01
2.575399971008300781e+01
2.490209960937500000e+01
2.684759902954101562e+01
2.650669860839843750e+01
2.788460159301757812e+01
2.476000022888183594e+01
2.387310028076171875e+01
2.344630050659179688e+01
2.402750015258789062e+01
2.333100128173828125e+01
2.333099937438964844e+01
2.325799942016601562e+01
2.499609947204589844e+01
2.484169960021972656e+01
2.397389984130859375e+01
2.355139923095703125e+01
2.347480010986328125e+01
2.484429931640625000e+01
2.578669929504394531e+01
2.371459960937500000e+01
2.245179939270019531e+01
2.245179939270019531e+01
2.393190002441406250e+01
2.480149841308593750e+01
2.434619903564453125e+01
2.417420005798339844e+01
2.228189849853515625e+01
2.303910064697265625e+01
2.474419975280761719e+01
2.314209938049316406e+01
2.249200057983398438e+01
2.199720001220703125e+01
2.199720001220703125e+01
2.351560020446777344e+01
2.615900039672851562e+01
2.403059959411621094e+01
2.403509902954101562e+01
2.567189979553222656e+01
2.115200042724609375e+01
2.230669975280761719e+01
2.134329986572265625e+01
2.179520034790039062e+01
2.266979980468750000e+01
2.266979980468750000e+01
2.289690017700195312e+01
2.320559883117675781e+01
2.389239883422851562e+01
2.357880020141601562e+01
2.454660034179687500e+01
2.297159957885742188e+01
1.992250061035156250e+01
1.997389984130859375e+01
2.139080047607421875e+01
2.086289978027343750e+01
2.086289978027343750e+01
2.042860031127929688e+01
2.522669982910156250e+01
2.165270042419433594e+01
2.163960075378417969e+01
2.397159957885742188e+01
2.333410072326660156e+01
2.647389984130859375e+01
2.170619964599609375e+01
2.349600028991699219e+01
2.275760078430175781e+01
2.275760078430175781e+01
2.459770011901855469e+01
2.501550102233886719e+01
2.398040008544921875e+01
2.369729995727539062e+01
2.713579940795898438e+01
2.483480072021484375e+01
2.433609962463378906e+01
2.330870056152343750e+01
2.149629974365234375e+01
2.479789924621582031e+01
2.479789924621582031e+01
2.188809967041015625e+01
2.580279922485351562e+01
2.578779983520507812e+01
2.463039970397949219e+01
2.446129989624023438e+01
2.373570060729980469e+01
2.058359909057617188e+01
2.255150032043457031e+01
2.268959999084472656e+01
2.493760108947753906e+01
2.493760108947753906e+01
2.362510108947753906e+01
2.376280021667480469e+01
2.432229995727539062e+01
2.254310035705566406e+01
2.278820037841796875e+01
2.627180099487304688e+01
2.254510116577148438e+01
2.350900077819824219e+01
2.543440055847167969e+01
2.275880050659179688e+01
2.275880050659179688e+01
2.200849914550781250e+01
2.414550018310546875e+01
2.278619956970214844e+01
2.159889984130859375e+01
2.284230041503906250e+01
2.379920005798339844e+01
2.218300056457519531e+01
2.307449913024902344e+01
2.306049919128417969e+01
2.241489982604980469e+01
2.241489982604980469e+01
2.350199890136718750e+01
2.407009887695312500e+01
2.332620048522949219e+01
2.196789932250976562e+01
2.174970054626464844e+01
2.249189949035644531e+01
2.099239921569824219e+01
2.168589973449707031e+01
2.140839958190917969e+01
1.991489982604980469e+01
1.991489982604980469e+01
1.915620040893554688e+01
1.945750045776367188e+01
2.271859931945800781e+01
2.302419853210449219e+01
2.399889945983886719e+01
2.218260002136230469e+01
2.435109901428222656e+01
2.337749862670898438e+01
2.429379844665527344e+01
2.183839988708496094e+01
2.183839988708496094e+01
2.371100044250488281e+01
2.522380065917968750e+01
2.560540008544921875e+01
2.800580024719238281e+01
2.656649971008300781e+01
2.647710037231445312e+01
2.721400070190429688e+01
2.729570007324218750e+01
2.627620124816894531e+01
2.514739990234375000e+01
2.514739990234375000e+01
2.576160049438476562e+01
2.618389892578125000e+01
2.639909934997558594e+01
2.616469955444335938e+01
2.766309928894042969e+01
2.786490058898925781e+01
2.479640007019042969e+01
2.510440063476562500e+01
2.366589927673339844e+01
2.183269882202148438e+01
2.183269882202148438e+01
2.436569976806640625e+01
2.562210083007812500e+01
2.393429946899414062e+01
2.305720138549804688e+01
2.272869873046875000e+01
2.506039810180664062e+01
2.581969833374023438e+01
2.469449996948242188e+01
2.624520111083984375e+01
2.550299835205078125e+01
2.550300025939941406e+01
2.557360076904296875e+01
2.620650100708007812e+01
2.597450065612792969e+01
2.501670074462890625e+01
2.363080024719238281e+01
2.314719963073730469e+01
2.377090072631835938e+01
2.450720024108886719e+01
2.298670005798339844e+01
2.362320137023925781e+01
2.362319946289062500e+01
2.383660125732421875e+01
2.463199996948242188e+01
2.372560119628906250e+01
2.336909866333007812e+01
2.699900054931640625e+01
2.376969909667968750e+01
2.356570053100585938e+01
2.198410034179687500e+01
2.256280136108398438e+01
2.385459899902343750e+01
2.385459899902343750e+01
2.296209907531738281e+01
2.250449943542480469e+01
2.339970016479492188e+01
2.435809898376464844e+01
2.338889884948730469e+01
2.406669998168945312e+01
2.515119934082031250e+01
2.626359939575195312e+01
2.465799903869628906e+01
2.568819999694824219e+01
2.568819999694824219e+01
2.606100082397460938e+01
2.493980026245117188e+01
2.397369956970214844e+01
2.378890037536621094e+01
2.479579925537109375e+01
2.229689979553222656e+01
2.547750091552734375e+01
2.553639984130859375e+01
2.434079933166503906e+01
2.563969993591308594e+01
2.563969993591308594e+01
2.424080085754394531e+01
2.056089973449707031e+01
2.280550003051757812e+01
2.666279983520507812e+01
2.476049995422363281e+01
2.444560050964355469e+01
2.416300010681152344e+01
2.312490081787109375e+01
2.432170104980468750e+01
2.297649955749511719e+01
2.297649955749511719e+01
2.417510032653808594e+01
2.126150131225585938e+01
2.241399955749511719e+01
2.053159904479980469e+01
2.231550025939941406e+01
2.114649963378906250e+01
2.130389976501464844e+01
2.033880043029785156e+01
1.916110038757324219e+01
2.106770133972167969e+01
2.106769943237304688e+01
2.268359947204589844e+01
2.237739944458007812e+01
2.210729980468750000e+01
2.213959884643554688e+01
1.942479896545410156e+01
1.708939933776855469e+01
2.044349861145019531e+01
2.076619911193847656e+01
2.153739929199218750e+01
2.248259925842285156e+01
2.248260116577148438e+01
2.041950035095214844e+01
2.031539916992187500e+01
2.020349884033203125e+01
2.023690032958984375e+01
1.727470016479492188e+01
1.802759933471679688e+01
1.779319953918457031e+01
1.934360122680664062e+01
2.025169944763183594e+01
2.129359817504882812e+01
2.129360008239746094e+01
2.040369987487792969e+01
1.713089942932128906e+01
1.934029960632324219e+01
1.910289955139160156e+01
1.765810012817382812e+01
1.679159927368164062e+01
1.827720069885253906e+01
2.032969856262207031e+01
1.786129951477050781e+01
1.854389953613281250e+01
1.854389953613281250e+01
2.117250061035156250e+01
1.739789962768554688e+01
1.551049995422363281e+01
1.612680053710937500e+01
1.647150039672851562e+01
1.655350112915039062e+01
1.655400085449218750e+01
1.687720108032226562e+01
1.954129981994628906e+01
1.644400024414062500e+01
1.644400024414062500e+01
1.306529998779296875e+01
1.380189990997314453e+01
1.385760021209716797e+01
1.458500003814697266e+01
1.464260005950927734e+01
1.327009963989257812e+01
1.157979965209960938e+01
1.623149871826171875e+01
1.656729888916015625e+01
1.656599998474121094e+01
1.656599998474121094e+01
1.743499946594238281e+01
1.356729984283447266e+01
1.478129959106445312e+01
1.507859992980957031e+01
1.486499977111816406e+01
1.679509925842285156e+01
1.613759994506835938e+01
1.706200027465820312e+01
1.667849922180175781e+01
1.732649993896484375e+01
1.732649993896484375e+01
1.369269943237304688e+01
1.555610084533691406e+01
1.490449905395507812e+01
1.742840003967285156e+01
1.615060043334960938e+01
1.557999992370605469e+01
1.782229995727539062e+01
1.656089973449707031e+01
1.816849899291992188e+01
1.671509933471679688e+01
1.671509933471679688e+01
1.626619911193847656e+01
1.536210060119628906e+01
1.668529891967773438e+01
1.340509986877441406e+01
1.510879993438720703e+01
1.292440032958984375e+01
1.396670055389404297e+01
1.579430007934570312e+01
1.512360000610351562e+01
1.607830047607421875e+01
1.607830047607421875e+01
1.502680015563964844e+01
1.500530052185058594e+01
1.306809997558593750e+01
1.435659980773925781e+01
1.384569931030273438e+01
1.322609901428222656e+01
1.467880058288574219e+01
1.433069992065429688e+01
1.491510009765625000e+01
1.325440025329589844e+01
1.325439929962158203e+01
1.432049942016601562e+01
1.188389968872070312e+01
1.275539970397949219e+01
1.111789989471435547e+01
1.441909980773925781e+01
1.464769935607910156e+01
1.193750000000000000e+01
1.453989982604980469e+01
1.382649993896484375e+01
1.274870014190673828e+01
1.274870014190673828e+01
1.582849979400634766e+01
1.411380004882812500e+01
1.227780055999755859e+01
1.449940013885498047e+01
1.481780052185058594e+01
1.304950046539306641e+01
9.619400024414062500e+00
1.230730056762695312e+01
1.380959987640380859e+01
1.211030006408691406e+01
1.211030006408691406e+01
1.226659965515136719e+01
9.752900123596191406e+00
1.275150012969970703e+01
1.322609996795654297e+01
1.150170040130615234e+01
1.145129966735839844e+01
1.461540031433105469e+01
1.321819972991943359e+01
9.943399429321289062e+00
1.455010032653808594e+01
1.455010032653808594e+01
1.633959960937500000e+01
1.435980033874511719e+01
1.282670021057128906e+01
1.513539981842041016e+01
1.203750038146972656e+01
1.121320056915283203e+01
1.144089984893798828e+01
1.196840000152587891e+01
1.188110065460205078e+01
1.163339996337890625e+01
1.163339996337890625e+01
1.253009986877441406e+01
1.212339973449707031e+01
1.532689952850341797e+01
1.504699993133544922e+01
1.303609943389892578e+01
1.279660034179687500e+01
1.149119949340820312e+01
1.210949993133544922e+01
1.387559986114501953e+01
1.319779968261718750e+01
1.319779968261718750e+01
1.170610046386718750e+01
1.334440040588378906e+01
1.459379959106445312e+01
1.336330032348632812e+01
1.331970024108886719e+01
1.440470027923583984e+01
1.419369983673095703e+01
1.375549983978271484e+01
1.260680007934570312e+01
9.515699386596679688e+00
9.515699386596679688e+00
1.537080001831054688e+01
1.417779922485351562e+01
1.355030059814453125e+01
1.350620079040527344e+01
1.293059921264648438e+01
1.166259956359863281e+01
1.145409965515136719e+01
1.281130027770996094e+01
1.303199958801269531e+01
1.283250045776367188e+01
1.283250045776367188e+01
1.442980003356933594e+01
1.140520000457763672e+01
1.274959945678710938e+01
1.436919975280761719e+01
1.606690025329589844e+01
1.528970050811767578e+01
1.197609996795654297e+01
1.465659999847412109e+01
1.237660026550292969e+01
1.276810073852539062e+01
1.276809978485107422e+01
1.155060005187988281e+01
1.192099952697753906e+01
1.204649925231933594e+01
1.369579982757568359e+01
1.164159965515136719e+01
1.367319965362548828e+01
1.328219985961914062e+01
1.413010025024414062e+01
1.289939975738525391e+01
1.264610004425048828e+01
1.264610004425048828e+01
1.327199935913085938e+01
1.239369964599609375e+01
1.384770011901855469e+01
1.255970001220703125e+01
1.232029914855957031e+01
1.174589920043945312e+01
1.370849990844726562e+01
1.111260032653808594e+01
1.352269935607910156e+01
1.092689990997314453e+01
1.092689990997314453e+01
9.353799819946289062e+00
1.175689983367919922e+01
1.217080020904541016e+01
1.112849998474121094e+01
1.255999946594238281e+01
1.021689987182617188e+01
1.045569992065429688e+01
1.291670036315917969e+01
8.898200035095214844e+00
9.338699340820312500e+00
9.338700294494628906e+00
9.989500045776367188e+00
1.080029964447021484e+01
1.177150058746337891e+01
1.255220031738281250e+01
1.033570003509521484e+01
9.158599853515625000e+00
9.083299636840820312e+00
8.206999778747558594e+00
1.114610004425048828e+01
9.066900253295898438e+00
9.066900253295898438e+00
1.104129981994628906e+01
1.356980037689208984e+01
1.161690044403076172e+01
1.282820034027099609e+01
1.203610038757324219e+01
1.198299980163574219e+01
1.099020004272460938e+01
1.131869983673095703e+01
1.249600028991699219e+01
1.173190021514892578e+01
1.173189926147460938e+01
1.337800025939941406e+01
1.422439956665039062e+01
1.434720039367675781e+01
1.527120018005371094e+01
1.350060081481933594e+01
1.128940010070800781e+01
8.692100524902343750e+00
8.713000297546386719e+00
9.185899734497070312e+00
1.003350067138671875e+01
1.003350067138671875e+01
1.001389980316162109e+01
1.026729965209960938e+01
8.401300430297851562e+00
7.119500160217285156e+00
1.066020011901855469e+01
1.040150070190429688e+01
1.040859985351562500e+01
1.178470039367675781e+01
1.206050014495849609e+01
1.452830028533935547e+01
1.452829933166503906e+01
1.177880096435546875e+01
1.175139999389648438e+01
1.288269996643066406e+01
1.193989944458007812e+01
1.272249984741210938e+01
1.019230079650878906e+01
1.084239959716796875e+01
1.131369972229003906e+01
1.185070037841796875e+01
1.161709976196289062e+01
1.161709976196289062e+01
1.116279983520507812e+01
1.230529975891113281e+01
1.274230003356933594e+01
1.326339912414550781e+01
1.022119998931884766e+01
9.922399520874023438e+00
1.235659980773925781e+01
1.291480064392089844e+01
1.333020019531250000e+01
9.896299362182617188e+00
9.896299362182617188e+00
1.137520027160644531e+01
1.257419967651367188e+01
1.166839981079101562e+01
1.424460029602050781e+01
1.327750015258789062e+01
1.510400009155273438e+01
1.611039924621582031e+01
1.577350044250488281e+01
1.406979942321777344e+01
1.415270042419433594e+01
1.415270042419433594e+01
1.246590042114257812e+01
1.378919982910156250e+01
1.355179977416992188e+01
1.382030105590820312e+01
1.456719970703125000e+01
1.499449920654296875e+01
1.195350074768066406e+01
9.605600357055664062e+00
1.375699996948242188e+01
1.197100067138671875e+01
1.197100067138671875e+01
1.339680099487304688e+01
1.328540039062500000e+01
1.213890075683593750e+01
1.249530029296875000e+01
1.333119964599609375e+01
1.191259956359863281e+01
1.091100025177001953e+01
1.348929977416992188e+01
1.216550064086914062e+01
1.382699966430664062e+01
1.382699966430664062e+01
1.399370002746582031e+01
1.485260009765625000e+01
1.250040054321289062e+01
1.111779975891113281e+01
1.380830001831054688e+01
1.207469940185546875e+01
1.439369964599609375e+01
1.382169914245605469e+01
1.630579948425292969e+01
1.436809921264648438e+01
1.436810016632080078e+01
1.536139965057373047e+01
1.369029998779296875e+01
1.230970001220703125e+01
1.268939971923828125e+01
1.220310020446777344e+01
1.311970043182373047e+01
1.423330020904541016e+01
1.654319953918457031e+01
1.582779979705810547e+01
1.500949954986572266e+01
1.500949954986572266e+01
1.438729953765869141e+01
1.493069934844970703e+01
1.658620071411132812e+01
1.618900108337402344e+01
1.640640068054199219e+01
1.747809982299804688e+01
1.660630035400390625e+01
1.772310066223144531e+01
1.708950042724609375e+01
1.581549930572509766e+01
1.581550025939941406e+01
1.488409996032714844e+01
1.430690002441406250e+01
1.455640029907226562e+01
1.526770019531250000e+01
1.644050025939941406e+01
1.903599929809570312e+01
1.295160007476806641e+01
1.201980018615722656e+01
1.047029972076416016e+01
8.925499916076660156e+00
8.925499916076660156e+00
1.105840015411376953e+01
9.985599517822265625e+00
1.015659999847412109e+01
9.144500732421875000e+00
8.868800163269042969e+00
9.124099731445312500e+00
9.777500152587890625e+00
9.740900039672851562e+00
1.202219963073730469e+01
8.163700103759765625e+00
8.163700103759765625e+00
1.154769992828369141e+01
1.221730041503906250e+01
1.121080017089843750e+01
7.812800407409667969e+00
7.939200401306152344e+00
1.202340030670166016e+01
1.113090038299560547e+01
1.025679969787597656e+01
8.759599685668945312e+00
1.132330036163330078e+01
1.132330036163330078e+01
1.200080013275146484e+01
8.815299987792968750e+00
1.154280090332031250e+01
1.136030006408691406e+01
9.736700057983398438e+00
1.047060012817382812e+01
7.513999938964843750e+00
7.561500549316406250e+00
1.007120037078857422e+01
1.060580062866210938e+01
1.060580062866210938e+01
1.092710018157958984e+01
1.035980033874511719e+01
1.193949985504150391e+01
1.173629951477050781e+01
1.187500000000000000e+01
1.218360042572021484e+01
1.086980056762695312e+01
7.972799777984619141e+00
9.589399337768554688e+00
8.805900573730468750e+00
8.805799484252929688e+00
7.206000328063964844e+00
6.949500083923339844e+00
8.277600288391113281e+00
8.773200035095214844e+00
7.361000061035156250e+00
6.255700111389160156e+00
5.783600330352783203e+00
5.327600002288818359e+00
5.850600242614746094e+00
7.485000133514404297e+00
7.485000133514404297e+00
6.932800292968750000e+00
9.485199928283691406e+00
9.324600219726562500e+00
1.048909950256347656e+01
7.181799888610839844e+00
1.203960037231445312e+01
1.142879962921142578e+01
1.095349979400634766e+01
9.871600151062011719e+00
8.517600059509277344e+00
8.517600059509277344e+00
7.919799804687500000e+00
9.816999435424804688e+00
7.691900253295898438e+00
7.633500099182128906e+00
9.443900108337402344e+00
1.035199928283691406e+01
1.059580039978027344e+01
9.530900955200195312e+00
9.670900344848632812e+00
1.001049995422363281e+01
1.001049995422363281e+01
9.121200561523437500e+00
1.165289974212646484e+01
9.297100067138671875e+00
1.036730003356933594e+01
9.680099487304687500e+00
8.930099487304687500e+00
1.090979957580566406e+01
1.038019943237304688e+01
1.053579998016357422e+01
8.459899902343750000e+00
8.459899902343750000e+00
8.941699981689453125e+00
9.302800178527832031e+00
9.822799682617187500e+00
1.374429988861083984e+01
9.631600379943847656e+00
7.181599617004394531e+00
7.236399650573730469e+00
8.189200401306152344e+00
1.215679931640625000e+01
1.105249977111816406e+01
1.105249977111816406e+01
9.810899734497070312e+00
9.435500144958496094e+00
9.469599723815917969e+00
9.562700271606445312e+00
8.334799766540527344e+00
9.035099983215332031e+00
1.051519966125488281e+01
8.541899681091308594e+00
1.277919960021972656e+01
1.199879932403564453e+01
1.199880027770996094e+01
1.038910007476806641e+01
9.706899642944335938e+00
1.131879997253417969e+01
1.194859981536865234e+01
1.183460044860839844e+01
1.103450012207031250e+01
1.263370037078857422e+01
8.756099700927734375e+00
1.383370018005371094e+01
9.610599517822265625e+00
9.610600471496582031e+00
9.836600303649902344e+00
1.190640068054199219e+01
1.287440013885498047e+01
8.909199714660644531e+00
1.160729980468750000e+01
1.011369991302490234e+01
1.186330032348632812e+01
1.017700004577636719e+01
1.199110031127929688e+01
1.212960052490234375e+01
1.212960052490234375e+01
1.200959968566894531e+01
1.025320053100585938e+01
1.566950035095214844e+01
1.206279945373535156e+01
1.066979980468750000e+01
1.098130035400390625e+01
1.218910026550292969e+01
1.332749938964843750e+01
1.186100006103515625e+01
8.549400329589843750e+00
8.549399375915527344e+00
8.528699874877929688e+00
7.779200077056884766e+00
8.533499717712402344e+00
8.932899475097656250e+00
1.010419940948486328e+01
7.023499965667724609e+00
5.611100196838378906e+00
5.385499954223632812e+00
6.425000190734863281e+00
7.198999881744384766e+00
7.198999881744384766e+00
9.086700439453125000e+00
8.453100204467773438e+00
7.638000011444091797e+00
8.018400192260742188e+00
7.685800075531005859e+00
6.369999885559082031e+00
7.218800067901611328e+00
7.105900287628173828e+00
4.426300048828125000e+00
5.205800056457519531e+00
5.205800056457519531e+00
5.441500186920166016e+00
4.425399780273437500e+00
4.167099952697753906e+00
5.323500156402587891e+00
5.228199958801269531e+00
6.114599704742431641e+00
7.260999679565429688e+00
3.983399868011474609e+00
7.227799892425537109e+00
4.512199878692626953e+00
4.512199878692626953e+00
6.025000095367431641e+00
8.733699798583984375e+00
8.462999343872070312e+00
8.201799392700195312e+00
8.866499900817871094e+00
5.760000228881835938e+00
6.494500160217285156e+00
7.245500087738037109e+00
5.122499942779541016e+00
5.360099792480468750e+00
5.360099792480468750e+00
5.853600025177001953e+00
5.730999946594238281e+00
4.978600025177001953e+00
7.192699909210205078e+00
7.373700141906738281e+00
5.498099803924560547e+00
7.432499885559082031e+00
8.381099700927734375e+00
6.838999748229980469e+00
1.055400085449218750e+01
1.055399990081787109e+01
7.985099792480468750e+00
9.310600280761718750e+00
8.595399856567382812e+00
9.811800003051757812e+00
8.141599655151367188e+00
4.935600280761718750e+00
6.455300331115722656e+00
8.062600135803222656e+00
5.943499565124511719e+00
7.650300025939941406e+00
7.650300025939941406e+00
7.303899765014648438e+00
9.934599876403808594e+00
9.909899711608886719e+00
5.747699737548828125e+00
8.724399566650390625e+00
8.177300453186035156e+00
9.718099594116210938e+00
8.374400138854980469e+00
7.860199928283691406e+00
8.644700050354003906e+00
8.644700050354003906e+00
1.081180000305175781e+01
8.224900245666503906e+00
1.047789955139160156e+01
7.598700046539306641e+00
6.109399795532226562e+00
9.045100212097167969e+00
8.491800308227539062e+00
8.679699897766113281e+00
8.564899444580078125e+00
8.926400184631347656e+00
8.926400184631347656e+00
8.448999404907226562e+00
8.368299484252929688e+00
8.058899879455566406e+00
8.857500076293945312e+00
8.054699897766113281e+00
1.093020057678222656e+01
9.796999931335449219e+00
7.716000080108642578e+00
1.087269973754882812e+01
1.041919994354248047e+01
1.041919994354248047e+01
9.100000381469726562e+00
9.433099746704101562e+00
1.019280052185058594e+01
9.706500053405761719e+00
6.122400283813476562e+00
7.760600090026855469e+00
1.013210010528564453e+01
8.605299949645996094e+00
9.000300407409667969e+00
1.235410022735595703e+01
1.235410022735595703e+01
8.651800155639648438e+00
9.764100074768066406e+00
8.511099815368652344e+00
7.937700271606445312e+00
8.847999572753906250e+00
9.760600090026855469e+00
1.007110023498535156e+01
8.500100135803222656e+00
7.935500144958496094e+00
8.760600090026855469e+00
8.760600090026855469e+00
7.857899665832519531e+00
8.301699638366699219e+00
9.309800148010253906e+00
8.910599708557128906e+00
6.762000083923339844e+00
8.901100158691406250e+00
8.015699386596679688e+00
9.356699943542480469e+00
9.710199356079101562e+00
9.433199882507324219e+00
9.433200836181640625e+00
8.751300811767578125e+00
1.108160018920898438e+01
1.045980072021484375e+01
1.057180023193359375e+01
8.552000045776367188e+00
9.452699661254882812e+00
8.371799468994140625e+00
6.421500205993652344e+00
5.884000301361083984e+00
8.316999435424804688e+00
8.316999435424804688e+00
8.373399734497070312e+00
1.119350051879882812e+01
9.253399848937988281e+00
7.538800239562988281e+00
9.671100616455078125e+00
1.109659957885742188e+01
1.091600036621093750e+01
1.076599979400634766e+01
1.090710067749023438e+01
1.186409950256347656e+01
1.186410045623779297e+01
1.161509990692138672e+01
1.306820011138916016e+01
1.230539989471435547e+01
1.381379985809326172e+01
1.225450038909912109e+01
1.180300045013427734e+01
1.487590026855468750e+01
1.433769989013671875e+01
1.631570053100585938e+01
1.494079971313476562e+01
1.494079971313476562e+01
1.290929985046386719e+01
1.422139930725097656e+01
1.775799942016601562e+01
1.387269973754882812e+01
1.372060012817382812e+01
1.324600028991699219e+01
1.391650009155273438e+01
1.162759971618652344e+01
1.077600002288818359e+01
1.022850036621093750e+01
1.022850036621093750e+01
1.218140029907226562e+01
1.136330032348632812e+01
1.071579933166503906e+01
1.345779991149902344e+01
1.421129989624023438e+01
1.126239967346191406e+01
1.121999931335449219e+01
9.040900230407714844e+00
8.524999618530273438e+00
9.506899833679199219e+00
9.506900787353515625e+00
8.286900520324707031e+00
9.012100219726562500e+00
1.143670082092285156e+01
1.068950080871582031e+01
1.073540019989013672e+01
9.850799560546875000e+00
1.042280006408691406e+01
8.059700012207031250e+00
9.434499740600585938e+00
9.013200759887695312e+00
9.013199806213378906e+00
1.275810050964355469e+01
1.178610038757324219e+01
1.483149909973144531e+01
1.247769927978515625e+01
1.201720046997070312e+01
1.183429908752441406e+01
1.047410011291503906e+01
1.320529937744140625e+01
1.248550033569335938e+01
1.304059982299804688e+01
1.304059982299804688e+01
1.403849983215332031e+01
1.348929977416992188e+01
1.381400012969970703e+01
1.238710021972656250e+01
1.228450012207031250e+01
1.364890003204345703e+01
1.114540004730224609e+01
9.401100158691406250e+00
9.758700370788574219e+00
8.894599914550781250e+00
8.894599914550781250e+00
8.194600105285644531e+00
9.620699882507324219e+00
8.294300079345703125e+00
9.145799636840820312e+00
7.288499832153320312e+00
8.601400375366210938e+00
1.073049926757812500e+01
8.647500038146972656e+00
6.504499912261962891e+00
8.246700286865234375e+00
8.246700286865234375e+00
6.132200241088867188e+00
8.686200141906738281e+00
1.111750030517578125e+01
1.122350025177001953e+01
1.036030006408691406e+01
1.255529975891113281e+01
1.067590045928955078e+01
1.255840015411376953e+01
1.334770011901855469e+01
1.329990005493164062e+01
1.329990005493164062e+01
1.355800056457519531e+01
1.371139907836914062e+01
1.280699920654296875e+01
1.254879951477050781e+01
1.074950027465820312e+01
7.929500102996826172e+00
1.019919967651367188e+01
9.079299926757812500e+00
8.466899871826171875e+00
7.709300041198730469e+00
7.709300041198730469e+00
1.167599964141845703e+01
7.276599884033203125e+00
1.117669963836669922e+01
9.070799827575683594e+00
1.242469978332519531e+01
1.342700004577636719e+01
1.082679939270019531e+01
1.182649993896484375e+01
1.272509956359863281e+01
1.027770042419433594e+01
1.027770042419433594e+01
1.167010021209716797e+01
1.059709930419921875e+01
1.082989978790283203e+01
1.120030021667480469e+01
1.251529979705810547e+01
1.114949989318847656e+01
9.545999526977539062e+00
1.109060001373291016e+01
9.178500175476074219e+00
7.689300060272216797e+00
7.689300060272216797e+00
9.220499992370605469e+00
9.091400146484375000e+00
7.380199909210205078e+00
6.619099617004394531e+00
5.308199882507324219e+00
4.970600128173828125e+00
7.833199977874755859e+00
6.667799949645996094e+00
8.608400344848632812e+00
7.051799774169921875e+00
7.051800251007080078e+00
9.630500793457031250e+00
7.386000156402587891e+00
8.687000274658203125e+00
8.365300178527832031e+00
8.160900115966796875e+00
5.088800430297851562e+00
6.507599830627441406e+00
6.951100349426269531e+00
6.375599861145019531e+00
8.731500625610351562e+00
8.731499671936035156e+00
7.446799755096435547e+00
6.715600013732910156e+00
5.878399848937988281e+00
6.252999782562255859e+00
9.865299224853515625e+00
1.020800018310546875e+01
8.572099685668945312e+00
8.665199279785156250e+00
9.895799636840820312e+00
8.527899742126464844e+00
8.527900695800781250e+00
9.033399581909179688e+00
7.502999782562255859e+00
7.877900123596191406e+00
8.438799858093261719e+00
1.070700073242187500e+01
1.092320060729980469e+01
9.000499725341796875e+00
1.067080020904541016e+01
8.025699615478515625e+00
9.104999542236328125e+00
9.104999542236328125e+00
8.841699600219726562e+00
7.858300209045410156e+00
8.632200241088867188e+00
8.112899780273437500e+00
8.306900024414062500e+00
9.644399642944335938e+00
7.202500343322753906e+00
9.747799873352050781e+00
9.897299766540527344e+00
9.546999931335449219e+00
9.546999931335449219e+00
9.030099868774414062e+00
1.155920028686523438e+01
1.042740058898925781e+01
1.250880050659179688e+01
1.313699913024902344e+01
1.304910087585449219e+01
1.198590087890625000e+01
1.119729995727539062e+01
1.063520050048828125e+01
1.117320060729980469e+01
1.117320060729980469e+01
1.046389961242675781e+01
1.324519920349121094e+01
1.144519996643066406e+01
1.264879989624023438e+01
1.038329982757568359e+01
1.026609992980957031e+01
1.100659942626953125e+01
1.116300010681152344e+01
1.168040084838867188e+01
1.010319995880126953e+01
1.010319995880126953e+01
1.131589984893798828e+01
1.214340019226074219e+01
1.337339973449707031e+01
1.317070007324218750e+01
1.254670047760009766e+01
1.410519981384277344e+01
1.534070014953613281e+01
1.466839981079101562e+01
1.546300029754638672e+01
1.360760021209716797e+01
1.360760021209716797e+01
1.313720035552978516e+01
1.471990013122558594e+01
1.256019973754882812e+01
1.216860008239746094e+01
8.912300109863281250e+00
8.895699501037597656e+00
7.943900108337402344e+00
1.195059967041015625e+01
1.044620037078857422e+01
1.009749984741210938e+01
1.009749984741210938e+01
1.128899955749511719e+01
1.085919952392578125e+01
1.209600067138671875e+01
1.318659973144531250e+01
1.301289939880371094e+01
1.163510036468505859e+01
1.291769981384277344e+01
1.182710075378417969e+01
1.020940017700195312e+01
1.024830055236816406e+01
1.024830055236816406e+01
8.172800064086914062e+00
1.001700019836425781e+01
1.041329956054687500e+01
8.707699775695800781e+00
1.139389991760253906e+01
9.241300582885742188e+00
9.488899230957031250e+00
8.066699981689453125e+00
9.663599967956542969e+00
8.026899337768554688e+00
8.026900291442871094e+00
9.706199645996093750e+00
6.515399932861328125e+00
8.071399688720703125e+00
6.501600265502929688e+00
7.590499877929687500e+00
1.172500038146972656e+01
7.810800075531005859e+00
8.613699913024902344e+00
7.501299858093261719e+00
5.542600154876708984e+00
5.542599678039550781e+00
8.710599899291992188e+00
6.843400001525878906e+00
8.297699928283691406e+00
9.393300056457519531e+00
7.905799865722656250e+00
8.863100051879882812e+00
8.318499565124511719e+00
1.103330039978027344e+01
1.133419990539550781e+01
1.132620048522949219e+01
1.132620048522949219e+01
1.008040046691894531e+01
1.186129951477050781e+01
1.080660057067871094e+01
1.053960037231445312e+01
1.075010013580322266e+01
1.447380065917968750e+01
1.436459922790527344e+01
1.231019973754882812e+01
1.261350059509277344e+01
1.191489982604980469e+01
1.191489982604980469e+01
1.229910087585449219e+01
1.460820007324218750e+01
1.161429977416992188e+01
1.258040046691894531e+01
1.313129997253417969e+01
1.386989974975585938e+01
1.247879981994628906e+01
1.158410072326660156e+01
1.139249992370605469e+01
1.254570007324218750e+01
1.254570007324218750e+01
1.179189968109130859e+01
7.951000213623046875e+00
7.146800041198730469e+00
5.393899917602539062e+00
8.789600372314453125e+00
7.089900016784667969e+00
7.053400039672851562e+00
7.270999908447265625e+00
9.848699569702148438e+00
7.105099678039550781e+00
7.105099678039550781e+00
4.939100265502929688e+00
7.586400032043457031e+00
9.507699966430664062e+00
5.653399944305419922e+00
7.051500320434570312e+00
7.666700363159179688e+00
8.005100250244140625e+00
8.262499809265136719e+00
6.677700042724609375e+00
9.138999938964843750e+00
9.138999938964843750e+00
8.076900482177734375e+00
7.796299934387207031e+00
4.923099994659423828e+00
3.270900011062622070e+00
5.902899742126464844e+00
4.195600032806396484e+00
9.298999786376953125e+00
8.149700164794921875e+00
5.261399745941162109e+00
3.601799964904785156e+00
3.601799964904785156e+00
6.175799846649169922e+00
7.033499717712402344e+00
8.688300132751464844e+00
9.046299934387207031e+00
5.404699802398681641e+00
8.036899566650390625e+00
7.560400009155273438e+00
8.841500282287597656e+00
7.857500076293945312e+00
7.882299423217773438e+00
7.882299900054931641e+00
7.118100166320800781e+00
7.559299945831298828e+00
6.695300102233886719e+00
6.716300010681152344e+00
5.967800140380859375e+00
8.664199829101562500e+00
5.810600280761718750e+00
4.688799858093261719e+00
6.222400188446044922e+00
5.995999813079833984e+00
5.996000289916992188e+00
6.591000080108642578e+00
5.074900150299072266e+00
7.386300086975097656e+00
5.082099914550781250e+00
5.550099849700927734e+00
4.607200145721435547e+00
4.592200279235839844e+00
5.761400222778320312e+00
4.984899997711181641e+00
4.692899703979492188e+00
4.692899703979492188e+00
4.154200077056884766e+00
3.672799825668334961e+00
5.080299854278564453e+00
5.926499843597412109e+00
7.615999698638916016e+00
9.290800094604492188e+00
7.238199710845947266e+00
5.780599594116210938e+00
4.348700046539306641e+00
6.486599922180175781e+00
6.486599922180175781e+00
6.490300178527832031e+00
6.447099685668945312e+00
4.994400024414062500e+00
6.003099918365478516e+00
4.720299720764160156e+00
4.259500026702880859e+00
4.301700115203857422e+00
3.773200035095214844e+00
5.130199909210205078e+00
2.897799968719482422e+00
2.897799968719482422e+00
4.498000144958496094e+00
4.179699897766113281e+00
2.368299961090087891e+00
1.694200038909912109e+00
6.424000263214111328e-01
4.232600212097167969e+00
3.950099945068359375e+00
3.963799953460693359e+00
2.099100112915039062e+00
3.422399997711181641e+00
3.422399997711181641e+00
6.109000205993652344e+00
3.558700084686279297e+00
4.487599849700927734e+00
4.281300067901611328e+00
8.885099411010742188e+00
7.661099910736083984e+00
7.949800014495849609e+00
7.145199775695800781e+00
8.597099304199218750e+00
8.769000053405761719e+00
8.769000053405761719e+00
7.822500228881835938e+00
7.194300174713134766e+00
3.625499963760375977e+00
4.335800170898437500e+00
4.555500030517578125e+00
6.201099872589111328e+00
7.130000114440917969e+00
7.745800018310546875e+00
6.934999942779541016e+00
8.517700195312500000e+00
8.517700195312500000e+00
5.249799728393554688e+00
7.511600017547607422e+00
9.211799621582031250e+00
5.946000099182128906e+00
9.842900276184082031e+00
7.485499858856201172e+00
7.430500030517578125e+00
7.799200057983398438e+00
8.650500297546386719e+00
8.769100189208984375e+00
8.769100189208984375e+00
6.516099929809570312e+00
7.523700237274169922e+00
7.528800010681152344e+00
8.147600173950195312e+00
9.176500320434570312e+00
8.691699981689453125e+00
5.944700241088867188e+00
6.724299907684326172e+00
6.514999866485595703e+00
5.821700096130371094e+00
5.821700096130371094e+00
7.432700157165527344e+00
7.745900154113769531e+00
9.798399925231933594e+00
9.471799850463867188e+00
9.744400024414062500e+00
6.097000122070312500e+00
9.960499763488769531e+00
9.343899726867675781e+00
8.614000320434570312e+00
7.985300064086914062e+00
7.985300064086914062e+00
9.909000396728515625e+00
9.235300064086914062e+00
8.354000091552734375e+00
9.612199783325195312e+00
7.501199722290039062e+00
6.107700347900390625e+00
7.001500129699707031e+00
7.508399963378906250e+00
5.638099670410156250e+00
4.862699985504150391e+00
4.862699985504150391e+00
4.267799854278564453e+00
7.837200164794921875e+00
5.882899761199951172e+00
7.609200000762939453e+00
5.731899738311767578e+00
5.097399711608886719e+00
5.608399868011474609e+00
4.159800052642822266e+00
6.815099716186523438e+00
4.374699592590332031e+00
4.374700069427490234e+00
4.670800209045410156e+00
8.735700607299804688e+00
7.535799980163574219e+00
6.730700016021728516e+00
4.683099746704101562e+00
3.327899932861328125e+00
7.912300109863281250e+00
7.430699825286865234e+00
9.970499992370605469e+00
7.516200065612792969e+00
7.516200065612792969e+00
1.008790016174316406e+01
8.762499809265136719e+00
1.053689956665039062e+01
8.849599838256835938e+00
7.146499633789062500e+00
4.981100082397460938e+00
7.364600181579589844e+00
3.388999938964843750e+00
6.319000244140625000e+00
5.533999919891357422e+00
5.533999919891357422e+00
7.937699794769287109e+00
7.496799945831298828e+00
8.523799896240234375e+00
9.086899757385253906e+00
7.128499984741210938e+00
7.977799892425537109e+00
7.025499820709228516e+00
8.148099899291992188e+00
7.128499984741210938e+00
7.470900058746337891e+00
7.470900058746337891e+00
5.205299854278564453e+00
2.790400028228759766e+00
8.257599830627441406e+00
6.795099735260009766e+00
5.941400051116943359e+00
6.606799602508544922e+00
3.880199909210205078e+00
6.515499591827392578e+00
7.579599857330322266e+00
6.024199962615966797e+00
6.024200439453125000e+00
4.686900138854980469e+00
4.132499694824218750e+00
5.127799987792968750e+00
5.050700187683105469e+00
4.209199905395507812e+00
7.030699729919433594e+00
8.849200248718261719e+00
7.476699829101562500e+00
5.490099906921386719e+00
5.862199783325195312e+00
5.862199783325195312e+00
4.517399787902832031e+00
4.845799922943115234e+00
4.766399860382080078e+00
2.827099800109863281e+00
3.159899950027465820e+00
5.354199886322021484e+00
4.381999969482421875e+00
6.016200065612792969e+00
3.041800022125244141e+00
4.314599990844726562e+00
4.314599990844726562e+00
2.128000020980834961e+00
3.853600025177001953e+00
4.478499889373779297e+00
2.406899929046630859e+00
1.823100090026855469e+00
2.067100048065185547e+00
2.269799947738647461e+00
1.345600008964538574e+00
1.898499965667724609e+00
2.895200014114379883e+00
2.895200014114379883e+00
4.905099868774414062e+00
3.766200065612792969e+00
3.638000011444091797e+00
4.876999855041503906e+00
3.315000057220458984e+00
3.607700109481811523e+00
2.347300052642822266e+00
5.808199882507324219e+00
5.247799873352050781e+00
4.324299812316894531e+00
4.324299812316894531e+00
4.999400138854980469e+00
2.636099815368652344e+00
2.751800060272216797e+00
2.534399986267089844e+00
2.216000080108642578e+00
2.310699939727783203e+00
4.222300052642822266e+00
3.669199943542480469e+00
4.952400207519531250e+00
4.761699676513671875e+00
4.761700153350830078e+00
5.845799922943115234e+00
3.800499916076660156e+00
3.201700210571289062e+00
4.631199836730957031e+00
1.711499929428100586e+00
2.569300174713134766e+00
3.880099773406982422e+00
2.229000091552734375e+00
4.196400165557861328e+00
3.192299842834472656e+00
3.192299842834472656e+00
2.913899898529052734e+00
4.338399887084960938e+00
6.627799987792968750e+00
3.921000003814697266e+00
5.460500240325927734e+00
4.406100273132324219e+00
1.791800022125244141e+00
3.695099830627441406e+00
7.391999959945678711e-01
3.053400039672851562e+00
3.053400039672851562e+00
2.478199958801269531e+00
1.020799994468688965e+00
1.622699975967407227e+00
3.490999937057495117e-01
2.355200052261352539e+00
2.453999966382980347e-01
8.420000076293945312e-01
3.046299934387207031e+00
3.063299894332885742e+00
2.417000055313110352e+00
2.416999816894531250e+00
2.852799892425537109e+00
1.971300005912780762e+00
1.620299935340881348e+00
6.069999933242797852e-01
2.887100219726562500e+00
3.515299797058105469e+00
2.383100032806396484e+00
4.556600093841552734e+00
2.861599922180175781e+00
2.664000034332275391e+00
2.664000034332275391e+00
3.708700180053710938e+00
5.172800064086914062e+00
3.436200141906738281e+00
2.255000114440917969e+00
4.340199947357177734e+00
7.075999975204467773e-01
1.293999910354614258e+00
1.147199988365173340e+00
1.535099983215332031e+00
2.230000019073486328e+00
2.230000019073486328e+00
3.928799867630004883e+00
3.268599987030029297e+00
2.705899953842163086e+00
7.130999565124511719e-01
9.078999757766723633e-01
5.123000144958496094e-01
4.026400089263916016e+00
2.566299915313720703e+00
3.715600013732910156e+00
1.885800004005432129e+00
1.885800004005432129e+00
2.229899883270263672e+00
2.567100048065185547e+00
2.147699832916259766e+00
2.405499935150146484e+00
1.975700020790100098e+00
7.961999773979187012e-01
2.513800144195556641e+00
1.615199923515319824e+00
1.317299962043762207e+00
1.786999940872192383e+00
1.786999940872192383e+00
1.857399940490722656e+00
2.880700111389160156e+00
2.412500143051147461e+00
2.160200119018554688e+00
2.343800067901611328e+00
1.364400029182434082e+00
1.070199966430664062e+00
1.230499982833862305e+00
2.066400051116943359e+00
1.787099957466125488e+00
1.787099957466125488e+00
3.633699893951416016e+00
1.962299942970275879e+00
2.118600130081176758e+00
4.462399959564208984e+00
4.441699981689453125e+00
3.441900014877319336e+00
1.563699960708618164e+00
3.524600028991699219e+00
2.452100038528442383e+00
1.066200017929077148e+00
1.066200017929077148e+00
1.556900024414062500e+00
1.179600000381469727e+00
2.921599864959716797e+00
2.117100000381469727e+00
3.079500198364257812e+00
1.093600034713745117e+00
1.109800100326538086e+00
1.509500026702880859e+00
3.169499874114990234e+00
4.212299823760986328e+00
4.212300300598144531e+00
3.131500005722045898e+00
3.823299884796142578e+00
3.727299928665161133e+00
2.407400131225585938e+00
5.540699958801269531e+00
4.515399932861328125e+00
2.089699983596801758e+00
3.356799840927124023e+00
4.178500175476074219e+00
4.502099990844726562e+00
4.502099990844726562e+00
3.315700054168701172e+00
5.432199954986572266e+00
5.222099781036376953e+00
3.348800182342529297e+00
4.566500186920166016e+00
3.716100215911865234e+00
2.899400234222412109e+00
4.895999908447265625e+00
6.675799846649169922e+00
6.005099773406982422e+00
6.005099773406982422e+00
6.946699619293212891e+00
5.461899757385253906e+00
3.643599987030029297e+00
5.158899784088134766e+00
4.149999618530273438e+00
4.511299610137939453e+00
5.309099674224853516e+00
3.627700090408325195e+00
4.737799644470214844e+00
6.779099941253662109e+00
6.779099941253662109e+00
6.866600036621093750e+00
7.860099792480468750e+00
6.659499645233154297e+00
6.375799655914306641e+00
6.854899883270263672e+00
5.686800003051757812e+00
5.067800045013427734e+00
5.841499805450439453e+00
2.576700210571289062e+00
3.193399906158447266e+00
3.193399906158447266e+00
3.094799995422363281e+00
3.022700071334838867e+00
1.526600003242492676e+00
3.902899980545043945e+00
3.589600086212158203e+00
3.489300012588500977e+00
1.593999981880187988e+00
1.790500044822692871e+00
2.144799947738647461e+00
2.673099994659423828e+00
2.673099994659423828e+00
1.848699927330017090e+00
1.897799968719482422e+00
2.651099920272827148e+00
1.175199985504150391e+00
3.108700037002563477e+00
3.144399881362915039e+00
3.956300020217895508e+00
3.968100070953369141e+00
3.078000068664550781e+00
4.080200195312500000e+00
4.080200195312500000e+00
2.256000041961669922e+00
2.110700130462646484e+00
3.214900016784667969e+00
2.301899909973144531e+00
3.571500062942504883e+00
4.656499862670898438e+00
1.943699955940246582e+00
3.460500001907348633e+00
1.783800005912780762e+00
2.351699829101562500e+00
2.351700067520141602e+00
1.955900073051452637e+00
2.176199913024902344e+00
2.185299873352050781e+00
2.911399841308593750e+00
3.420699834823608398e+00
7.439000010490417480e-01
2.336199998855590820e+00
2.087300062179565430e+00
2.855700016021728516e+00
2.032000064849853516e+00
2.032000064849853516e+00
2.971700191497802734e+00
2.546200037002563477e+00
3.473700046539306641e+00
2.239599943161010742e+00
1.038599967956542969e+00
2.513000011444091797e+00
2.330699920654296875e+00
3.391000032424926758e+00
1.128800034523010254e+00
3.751899957656860352e+00
3.751899957656860352e+00
2.546200037002563477e+00
1.364300012588500977e+00
2.714900016784667969e+00
3.520999908447265625e+00
4.970300197601318359e+00
3.453299999237060547e+00
3.586899995803833008e+00
9.802000522613525391e-01
1.250300049781799316e+00
1.319100022315979004e+00
