3.317230224609375000e+01
3.192230033874511719e+01
3.334410095214843750e+01
3.191270065307617188e+01
3.239670181274414062e+01
2.978020095825195312e+01
3.306230163574218750e+01
3.049390029907226562e+01
3.104210090637207031e+01
3.263919830322265625e+01
3.440140151977539062e+01
3.440140151977539062e+01
3.211920166015625000e+01
3.014109992980957031e+01
3.320280075073242188e+01
3.230739974975585938e+01
3.154619979858398438e+01
3.339820098876953125e+01
3.345949935913085938e+01
3.417739868164062500e+01
3.555080032348632812e+01
3.645169830322265625e+01
3.645170211791992188e+01
3.371240234375000000e+01
2.994010162353515625e+01
3.020220184326171875e+01
3.082490158081054688e+01
3.427090072631835938e+01
3.257070159912109375e+01
3.335140228271484375e+01
3.217280197143554688e+01
3.096800041198730469e+01
3.171240043640136719e+01
3.171240043640136719e+01
3.034329986572265625e+01
3.208689880371093750e+01
3.044140052795410156e+01
3.198430061340332031e+01
3.248709869384765625e+01
3.251889801025390625e+01
3.320629882812500000e+01
3.355080032348632812e+01
3.264870071411132812e+01
3.088570022583007812e+01
3.088570022583007812e+01
3.362340164184570312e+01
3.089980125427246094e+01
3.470000076293945312e+01
3.262480163574218750e+01
3.303800201416015625e+01
3.458169937133789062e+01
3.040100097656250000e+01
3.237699890136718750e+01
3.284809875488281250e+01
3.364379882812500000e+01
3.364379882812500000e+01
3.122500038146972656e+01
3.140790176391601562e+01
3.228779983520507812e+01
3.165030097961425781e+01
3.209080123901367188e+01
3.479290008544921875e+01
3.247399902343750000e+01
3.241049957275390625e+01
3.306830215454101562e+01
3.062530136108398438e+01
3.062530136108398438e+01
3.119330024719238281e+01
3.183290100097656250e+01
3.163350105285644531e+01
3.238479995727539062e+01
3.061440086364746094e+01
2.937590026855468750e+01
3.112960052490234375e+01
3.065910148620605469e+01
3.400640106201171875e+01
3.257120132446289062e+01
3.257120132446289062e+01
3.404560089111328125e+01
3.209690093994140625e+01
3.032880020141601562e+01
3.219789886474609375e+01
3.195349884033203125e+01
3.116450119018554688e+01
3.480239868164062500e+01
3.184749984741210938e+01
3.541609954833984375e+01
3.252690124511718750e+01
3.252690124511718750e+01
3.247389984130859375e+01
3.201269912719726562e+01
3.345030212402343750e+01
3.642340087890625000e+01
3.520090103149414062e+01
3.410610198974609375e+01
3.196120071411132812e+01
3.038739967346191406e+01
3.007620048522949219e+01
3.391999816894531250e+01
3.391999816894531250e+01
3.327769851684570312e+01
3.221489715576171875e+01
3.279800033569335938e+01
3.279389953613281250e+01
3.439989852905273438e+01
3.406079864501953125e+01
3.309119796752929688e+01
3.597599792480468750e+01
3.444899749755859375e+01
3.652510070800781250e+01
3.652510070800781250e+01
3.546089935302734375e+01
3.413649749755859375e+01
3.438430023193359375e+01
3.413629913330078125e+01
3.320930099487304688e+01
3.469950103759765625e+01
3.554819869995117188e+01
3.213159942626953125e+01
3.325109863281250000e+01
3.168330001831054688e+01
3.168330001831054688e+01
3.260900115966796875e+01
3.503579711914062500e+01
3.347290039062500000e+01
3.263729858398437500e+01
3.163649940490722656e+01
3.343239974975585938e+01
3.314379882812500000e+01
2.947999954223632812e+01
3.220439910888671875e+01
3.297750091552734375e+01
3.297750091552734375e+01
3.270849990844726562e+01
3.366370010375976562e+01
3.262940216064453125e+01
3.299330139160156250e+01
3.260020065307617188e+01
3.138500022888183594e+01
3.212189865112304688e+01
3.059950065612792969e+01
3.074920082092285156e+01
3.134830093383789062e+01
3.134830093383789062e+01
3.110610008239746094e+01
3.124010086059570312e+01
3.173290061950683594e+01
3.135830116271972656e+01
2.938619995117187500e+01
3.064770126342773438e+01
3.080319976806640625e+01
3.055350112915039062e+01
3.007649993896484375e+01
3.125490188598632812e+01
3.125490188598632812e+01
2.912910079956054688e+01
2.865200042724609375e+01
3.102050018310546875e+01
3.132780075073242188e+01
3.096510124206542969e+01
3.114130020141601562e+01
3.184940147399902344e+01
3.049280166625976562e+01
2.992440032958984375e+01
3.018560028076171875e+01
3.018560028076171875e+01
2.923410034179687500e+01
2.854360008239746094e+01
3.169929885864257812e+01
2.788739967346191406e+01
3.022019958496093750e+01
2.940789985656738281e+01
3.021409988403320312e+01
2.777169990539550781e+01
2.895599937438964844e+01
2.988339996337890625e+01
2.988339996337890625e+01
2.933580017089843750e+01
3.093050003051757812e+01
2.926169967651367188e+01
2.920529937744140625e+01
3.061719894409179688e+01
3.204230117797851562e+01
3.210079956054687500e+01
3.162299919128417969e+01
3.174539947509765625e+01
3.137789916992187500e+01
3.137789916992187500e+01
3.096360015869140625e+01
3.075119972229003906e+01
3.049370002746582031e+01
3.072150039672851562e+01
3.203150177001953125e+01
3.168110084533691406e+01
3.152020072937011719e+01
3.045650100708007812e+01
3.141489982604980469e+01
3.223249816894531250e+01
3.223249816894531250e+01
3.272900009155273438e+01
3.125739860534667969e+01
3.040950012207031250e+01
3.368219757080078125e+01
3.241859817504882812e+01
3.108829879760742188e+01
3.317599868774414062e+01
3.067169952392578125e+01
3.023049926757812500e+01
3.035519981384277344e+01
3.035519981384277344e+01
2.894849967956542969e+01
2.938219833374023438e+01
2.834070014953613281e+01
3.014009857177734375e+01
3.030859947204589844e+01
3.005959892272949219e+01
3.018339920043945312e+01
3.150589942932128906e+01
3.183459854125976562e+01
3.224359893798828125e+01
3.224359893798828125e+01
3.373279953002929688e+01
3.423640060424804688e+01
3.223559951782226562e+01
3.114089965820312500e+01
3.138100051879882812e+01
3.279249954223632812e+01
3.108090019226074219e+01
3.436709976196289062e+01
3.328459930419921875e+01
2.985110092163085938e+01
2.985109901428222656e+01
2.972329902648925781e+01
3.230870056152343750e+01
3.164149856567382812e+01
3.012049865722656250e+01
3.330130004882812500e+01
3.364379882812500000e+01
3.181929969787597656e+01
3.185949897766113281e+01
3.196960067749023438e+01
2.956359863281250000e+01
2.956360054016113281e+01
2.950400161743164062e+01
3.188630104064941406e+01
2.966220092773437500e+01
3.025270080566406250e+01
2.876420021057128906e+01
2.984150123596191406e+01
3.093640136718750000e+01
3.229410171508789062e+01
3.150699996948242188e+01
2.922410011291503906e+01
2.922410011291503906e+01
3.233800125122070312e+01
3.140150070190429688e+01
3.091270065307617188e+01
3.048120117187500000e+01
3.005360031127929688e+01
3.232160186767578125e+01
2.766009902954101562e+01
2.576620101928710938e+01
2.950149917602539062e+01
2.992219924926757812e+01
2.992220115661621094e+01
2.961630058288574219e+01
3.128280067443847656e+01
3.096910095214843750e+01
3.010960006713867188e+01
3.100520133972167969e+01
3.229100036621093750e+01
3.059980010986328125e+01
2.872070121765136719e+01
3.219710159301757812e+01
3.245320129394531250e+01
3.245320129394531250e+01
3.116800117492675781e+01
2.988640022277832031e+01
2.979600143432617188e+01
3.020750045776367188e+01
3.052670097351074219e+01
2.979240036010742188e+01
3.198369979858398438e+01
3.334910202026367188e+01
3.026070022583007812e+01
3.168110084533691406e+01
3.168109893798828125e+01
3.013619995117187500e+01
3.089239883422851562e+01
3.170409965515136719e+01
3.051149940490722656e+01
3.025479888916015625e+01
3.118019866943359375e+01
3.108059883117675781e+01
2.753189849853515625e+01
3.280419921875000000e+01
3.212149810791015625e+01
3.212150192260742188e+01
3.208750152587890625e+01
3.294200134277343750e+01
3.200400161743164062e+01
2.966780090332031250e+01
3.035790061950683594e+01
3.193750000000000000e+01
3.195980072021484375e+01
2.964089965820312500e+01
3.159550094604492188e+01
3.277239990234375000e+01
3.277239990234375000e+01
3.127610015869140625e+01
3.225609970092773438e+01
3.101060104370117188e+01
3.138479995727539062e+01
3.115539932250976562e+01
2.773830032348632812e+01
2.830070114135742188e+01
3.131700134277343750e+01
2.874839973449707031e+01
3.137350082397460938e+01
3.137350082397460938e+01
3.235900115966796875e+01
3.071800041198730469e+01
3.141360092163085938e+01
3.197529983520507812e+01
3.205480194091796875e+01
2.907760047912597656e+01
2.915030097961425781e+01
2.784950065612792969e+01
2.877410125732421875e+01
2.801250076293945312e+01
2.801250076293945312e+01
3.253390121459960938e+01
3.288059997558593750e+01
3.195980072021484375e+01
3.392050170898437500e+01
2.934619903564453125e+01
3.043499946594238281e+01
3.059360122680664062e+01
3.008940124511718750e+01
3.150230026245117188e+01
2.993540000915527344e+01
2.993540000915527344e+01
3.226940155029296875e+01
3.283359909057617188e+01
3.180649948120117188e+01
3.013399887084960938e+01
2.766449928283691406e+01
2.743580055236816406e+01
2.803509902954101562e+01
2.922940063476562500e+01
2.785549926757812500e+01
2.866670036315917969e+01
2.866670036315917969e+01
3.023640060424804688e+01
2.981480026245117188e+01
3.166160011291503906e+01
3.038990020751953125e+01
3.031680107116699219e+01
2.841270065307617188e+01
2.793050003051757812e+01
2.582089996337890625e+01
2.884880065917968750e+01
3.018830108642578125e+01
3.018830108642578125e+01
2.954740142822265625e+01
2.960760116577148438e+01
3.031090164184570312e+01
2.920680046081542969e+01
2.762129974365234375e+01
2.761759948730468750e+01
2.650250053405761719e+01
2.711840057373046875e+01
2.619190025329589844e+01
2.835639953613281250e+01
2.835639953613281250e+01
2.975030136108398438e+01
2.765600013732910156e+01
2.869980049133300781e+01
2.432909965515136719e+01
2.674590110778808594e+01
2.530949974060058594e+01
2.938310050964355469e+01
3.034429931640625000e+01
2.680080032348632812e+01
2.782920074462890625e+01
2.782919883728027344e+01
3.138419914245605469e+01
3.000919914245605469e+01
3.031949996948242188e+01
2.996229934692382812e+01
2.943109893798828125e+01
2.801770019531250000e+01
3.025510025024414062e+01
2.665989875793457031e+01
2.664189910888671875e+01
2.783849906921386719e+01
2.783839988708496094e+01
3.004559898376464844e+01
2.771139907836914062e+01
2.590670013427734375e+01
2.597380065917968750e+01
2.844339942932128906e+01
2.479269981384277344e+01
2.382909965515136719e+01
2.517479896545410156e+01
2.444260025024414062e+01
2.454579925537109375e+01
2.454579925537109375e+01
2.860239791870117188e+01
2.728999900817871094e+01
2.796629905700683594e+01
2.480379867553710938e+01
2.730830001831054688e+01
2.751339912414550781e+01
2.761369895935058594e+01
2.679290008544921875e+01
2.650379943847656250e+01
2.724709892272949219e+01
2.724710083007812500e+01
2.830630111694335938e+01
3.004800033569335938e+01
2.843600082397460938e+01
2.966580009460449219e+01
2.994039916992187500e+01
2.955730056762695312e+01
2.900860023498535156e+01
2.933729934692382812e+01
2.839130020141601562e+01
2.803599929809570312e+01
2.803599929809570312e+01
2.933519935607910156e+01
2.965779876708984375e+01
2.687849998474121094e+01
2.854449844360351562e+01
2.922850036621093750e+01
2.683599853515625000e+01
2.624650001525878906e+01
2.308489990234375000e+01
2.538800048828125000e+01
2.511999893188476562e+01
2.512000083923339844e+01
2.543720054626464844e+01
2.623070144653320312e+01
2.584239959716796875e+01
2.021500015258789062e+01
2.371509933471679688e+01
2.532010078430175781e+01
2.896720123291015625e+01
2.535269927978515625e+01
2.177099990844726562e+01
2.527740097045898438e+01
2.527740097045898438e+01
2.337210083007812500e+01
2.581869888305664062e+01
2.501210021972656250e+01
2.711669921875000000e+01
2.821279907226562500e+01
2.589770126342773438e+01
2.440500068664550781e+01
2.460650062561035156e+01
2.375740051269531250e+01
2.441360092163085938e+01
2.441360092163085938e+01
2.396540069580078125e+01
2.626359939575195312e+01
2.422999954223632812e+01
2.741650009155273438e+01
2.642079925537109375e+01
2.685849952697753906e+01
2.616419982910156250e+01
2.477729988098144531e+01
2.593050003051757812e+01
2.271409988403320312e+01
2.271409988403320312e+01
2.446139907836914062e+01
2.375059890747070312e+01
2.286450004577636719e+01
2.462730026245117188e+01
2.468300056457519531e+01
2.823019981384277344e+01
2.599370002746582031e+01
2.532620048522949219e+01
2.621030044555664062e+01
2.867599868774414062e+01
2.867599868774414062e+01
2.635580062866210938e+01
2.792939949035644531e+01
2.538890075683593750e+01
2.749839973449707031e+01
2.712400054931640625e+01
2.713409996032714844e+01
2.867169952392578125e+01
2.867070007324218750e+01
2.728590011596679688e+01
2.626329994201660156e+01
2.626330184936523438e+01
3.027530097961425781e+01
2.853750038146972656e+01
2.907990074157714844e+01
3.083000183105468750e+01
2.716279983520507812e+01
2.827519989013671875e+01
2.690180206298828125e+01
2.845529937744140625e+01
2.809730148315429688e+01
2.476940155029296875e+01
2.476940155029296875e+01
2.831360054016113281e+01
2.929809951782226562e+01
2.769660186767578125e+01
2.590430068969726562e+01
2.917779922485351562e+01
2.857839965820312500e+01
2.834160041809082031e+01
2.832400131225585938e+01
2.946350097656250000e+01
2.736109924316406250e+01
2.736109924316406250e+01
2.561260032653808594e+01
2.752859878540039062e+01
2.776549911499023438e+01
2.853039932250976562e+01
2.861039924621582031e+01
2.752669906616210938e+01
2.504389953613281250e+01
2.738280105590820312e+01
2.682049942016601562e+01
2.636059951782226562e+01
2.636059951782226562e+01
2.732640075683593750e+01
2.698139953613281250e+01
2.853380012512207031e+01
2.978319931030273438e+01
2.848429870605468750e+01
2.728520011901855469e+01
2.593009948730468750e+01
2.760960006713867188e+01
2.981509971618652344e+01
2.744709968566894531e+01
2.744710159301757812e+01
2.733769989013671875e+01
2.454059982299804688e+01
2.339200019836425781e+01
2.668529891967773438e+01
2.411210060119628906e+01
2.649729919433593750e+01
2.359709930419921875e+01
2.183909988403320312e+01
2.490060043334960938e+01
2.566279983520507812e+01
2.566279983520507812e+01
2.474230003356933594e+01
2.438160133361816406e+01
2.286930084228515625e+01
2.590670013427734375e+01
2.553570175170898438e+01
2.708370208740234375e+01
2.576010131835937500e+01
2.486910057067871094e+01
2.695380020141601562e+01
2.852899932861328125e+01
2.852899932861328125e+01
2.752969932556152344e+01
2.595409774780273438e+01
2.651679992675781250e+01
2.748229980468750000e+01
2.676199913024902344e+01
2.861139869689941406e+01
2.944839859008789062e+01
2.676389884948730469e+01
2.683849906921386719e+01
2.661779785156250000e+01
2.661780166625976562e+01
2.676259994506835938e+01
2.757120132446289062e+01
3.060250091552734375e+01
2.951330184936523438e+01
2.604780006408691406e+01
2.687129974365234375e+01
2.609250068664550781e+01
2.436670112609863281e+01
2.463809967041015625e+01
2.515349960327148438e+01
2.515349960327148438e+01
2.432419967651367188e+01
2.652650070190429688e+01
2.541550064086914062e+01
2.688590049743652344e+01
2.677680015563964844e+01
2.560039901733398438e+01
2.546440124511718750e+01
2.929380035400390625e+01
2.774959945678710938e+01
2.969840049743652344e+01
2.969840049743652344e+01
2.746060180664062500e+01
2.702250099182128906e+01
2.688470077514648438e+01
2.692710113525390625e+01
2.609740066528320312e+01
2.762700080871582031e+01
2.669770050048828125e+01
2.462040138244628906e+01
2.729920196533203125e+01
2.551250076293945312e+01
2.551250076293945312e+01
2.523889923095703125e+01
2.449000167846679688e+01
2.588140106201171875e+01
2.813940048217773438e+01
2.626869964599609375e+01
2.832990074157714844e+01
2.805860137939453125e+01
2.783810043334960938e+01
2.487160110473632812e+01
2.384450149536132812e+01
2.384449958801269531e+01
2.730879974365234375e+01
2.662939834594726562e+01
2.574959945678710938e+01
2.638979911804199219e+01
2.736479949951171875e+01
2.902420043945312500e+01
2.686890029907226562e+01
2.280799865722656250e+01
2.291069984436035156e+01
2.674620056152343750e+01
2.674620056152343750e+01
2.674360084533691406e+01
2.566830062866210938e+01
2.566410064697265625e+01
2.536669921875000000e+01
2.952490043640136719e+01
2.837530136108398438e+01
2.437260055541992188e+01
2.381299972534179688e+01
2.703250122070312500e+01
2.596220016479492188e+01
2.596220016479492188e+01
2.572680091857910156e+01
2.414430046081542969e+01
2.581389999389648438e+01
2.448620033264160156e+01
2.582210159301757812e+01
2.455380058288574219e+01
2.478739929199218750e+01
2.634160041809082031e+01
2.535210037231445312e+01
2.464319992065429688e+01
2.464319992065429688e+01
2.627190017700195312e+01
2.561520004272460938e+01
2.614949989318847656e+01
2.574139976501464844e+01
2.554880142211914062e+01
2.562540054321289062e+01
2.504370117187500000e+01
2.710100173950195312e+01
2.426810073852539062e+01
2.792380142211914062e+01
2.792380142211914062e+01
2.723710060119628906e+01
2.551280212402343750e+01
2.766210174560546875e+01
2.448120117187500000e+01
2.515900039672851562e+01
2.523260116577148438e+01
3.000180053710937500e+01
2.794169998168945312e+01
2.750480079650878906e+01
2.402870178222656250e+01
2.402869987487792969e+01
2.677939987182617188e+01
2.554090118408203125e+01
2.615629959106445312e+01
2.757730102539062500e+01
2.669589996337890625e+01
2.960549926757812500e+01
2.776460075378417969e+01
2.696440124511718750e+01
2.771500015258789062e+01
2.617130088806152344e+01
2.617130088806152344e+01
2.577070045471191406e+01
2.903620147705078125e+01
2.910750198364257812e+01
2.349600028991699219e+01
2.727199935913085938e+01
2.776190185546875000e+01
2.745149993896484375e+01
2.690040016174316406e+01
2.460549926757812500e+01
2.500680160522460938e+01
2.500679969787597656e+01
2.765480041503906250e+01
2.461560058593750000e+01
2.634479904174804688e+01
2.619210052490234375e+01
2.642189979553222656e+01
2.891780090332031250e+01
2.329759979248046875e+01
2.492440032958984375e+01
2.269689941406250000e+01
2.502349853515625000e+01
2.502350044250488281e+01
2.642380142211914062e+01
2.853880119323730469e+01
2.488479995727539062e+01
2.749800109863281250e+01
2.810890197753906250e+01
2.416900062561035156e+01
2.824310111999511719e+01
3.133990097045898438e+01
2.996950149536132812e+01
2.583640098571777344e+01
2.583639907836914062e+01
2.901699829101562500e+01
2.845739936828613281e+01
2.628409957885742188e+01
2.613010025024414062e+01
2.688199996948242188e+01
2.610680007934570312e+01
2.687979888916015625e+01
2.892039871215820312e+01
2.732209968566894531e+01
2.669339942932128906e+01
2.669340133666992188e+01
2.765559959411621094e+01
2.217029953002929688e+01
2.419950103759765625e+01
2.265119934082031250e+01
2.456330108642578125e+01
2.324790000915527344e+01
2.437950134277343750e+01
2.470529937744140625e+01
2.395930099487304688e+01
2.417440032958984375e+01
2.417440032958984375e+01
2.468070030212402344e+01
2.448390007019042969e+01
2.785650062561035156e+01
2.645019912719726562e+01
2.617430114746093750e+01
2.592700004577636719e+01
2.745370101928710938e+01
2.604829978942871094e+01
2.599060058593750000e+01
2.640489959716796875e+01
2.640489959716796875e+01
2.530620002746582031e+01
2.435580062866210938e+01
2.487310028076171875e+01
2.275699996948242188e+01
2.505780029296875000e+01
2.938080024719238281e+01
2.759770011901855469e+01
2.685039901733398438e+01
2.690069961547851562e+01
2.749180030822753906e+01
2.749180030822753906e+01
2.775260162353515625e+01
2.811330032348632812e+01
2.668690109252929688e+01
2.765600013732910156e+01
2.770270156860351562e+01
2.757659912109375000e+01
2.539970016479492188e+01
2.672360038757324219e+01
2.786669921875000000e+01
2.672750091552734375e+01
2.672750091552734375e+01
2.634819984436035156e+01
2.883600044250488281e+01
2.964290046691894531e+01
2.988920021057128906e+01
2.592060089111328125e+01
2.690869903564453125e+01
2.753129959106445312e+01
2.745180130004882812e+01
2.580260086059570312e+01
2.751129913330078125e+01
2.751129913330078125e+01
2.464730072021484375e+01
2.585540008544921875e+01
2.658880043029785156e+01
2.562300109863281250e+01
2.845600128173828125e+01
2.702220153808593750e+01
2.889500045776367188e+01
2.532990074157714844e+01
2.798010063171386719e+01
2.782400131225585938e+01
2.782400131225585938e+01
2.839570045471191406e+01
2.857310104370117188e+01
2.572209930419921875e+01
2.708639907836914062e+01
2.846129989624023438e+01
2.854829978942871094e+01
2.512190055847167969e+01
2.654619979858398438e+01
2.943510055541992188e+01
2.976250076293945312e+01
2.976250076293945312e+01
2.747629928588867188e+01
2.785849952697753906e+01
2.732839965820312500e+01
2.902919960021972656e+01
2.956090164184570312e+01
2.761420059204101562e+01
2.446229934692382812e+01
2.421479988098144531e+01
2.348579978942871094e+01
2.223629951477050781e+01
2.223629951477050781e+01
2.236320114135742188e+01
2.266839981079101562e+01
2.187590026855468750e+01
2.068799972534179688e+01
2.129259872436523438e+01
2.196710014343261719e+01
2.261719894409179688e+01
2.383699989318847656e+01
2.470289993286132812e+01
2.418070030212402344e+01
2.418069839477539062e+01
2.561919975280761719e+01
2.375709915161132812e+01
2.428689956665039062e+01
2.306040000915527344e+01
2.403540039062500000e+01
2.316109848022460938e+01
2.464120101928710938e+01
2.409690093994140625e+01
2.694540023803710938e+01
2.587730026245117188e+01
2.587730026245117188e+01
2.632920074462890625e+01
2.425659942626953125e+01
2.098340034484863281e+01
2.218410110473632812e+01
2.422299957275390625e+01
2.533549880981445312e+01
2.209299850463867188e+01
2.433729934692382812e+01
2.415689849853515625e+01
2.564369964599609375e+01
2.564369964599609375e+01
2.533200073242187500e+01
2.466709899902343750e+01
2.087400054931640625e+01
2.106869888305664062e+01
2.281529998779296875e+01
2.525600051879882812e+01
2.452239990234375000e+01
2.733219909667968750e+01
2.523369979858398438e+01
2.390469932556152344e+01
2.390470123291015625e+01
2.385530090332031250e+01
2.356209945678710938e+01
2.127989959716796875e+01
2.210449981689453125e+01
2.214850044250488281e+01
2.482630157470703125e+01
2.471730041503906250e+01
2.487010002136230469e+01
2.273250007629394531e+01
2.116340065002441406e+01
2.116340065002441406e+01
2.258150100708007812e+01
2.050340080261230469e+01
2.346590042114257812e+01
2.300440025329589844e+01
2.020719909667968750e+01
2.192560005187988281e+01
2.270520019531250000e+01
1.911190032958984375e+01
2.299340057373046875e+01
2.395820045471191406e+01
2.395820045471191406e+01
2.114439964294433594e+01
2.189620018005371094e+01
2.347800064086914062e+01
2.296969985961914062e+01
2.275270080566406250e+01
2.400090026855468750e+01
2.425979995727539062e+01
2.559370040893554688e+01
2.443770027160644531e+01
2.243930053710937500e+01
2.243930053710937500e+01
2.422089958190917969e+01
2.212310028076171875e+01
2.110420036315917969e+01
2.210840034484863281e+01
2.121229934692382812e+01
2.030509948730468750e+01
2.166539955139160156e+01
2.266379928588867188e+01
2.207799911499023438e+01
2.227669906616210938e+01
2.227669906616210938e+01
2.175260162353515625e+01
2.211719894409179688e+01
2.130950164794921875e+01
2.015890121459960938e+01
2.051740074157714844e+01
1.973380088806152344e+01
2.173810005187988281e+01
2.034060096740722656e+01
1.753680038452148438e+01
1.938829994201660156e+01
1.938819885253906250e+01
1.838619995117187500e+01
1.927470016479492188e+01
1.844359970092773438e+01
1.831690025329589844e+01
2.150379943847656250e+01
1.951759910583496094e+01
2.022609901428222656e+01
1.787739944458007812e+01
2.303070068359375000e+01
2.194949913024902344e+01
2.194950103759765625e+01
2.054100036621093750e+01
2.148500061035156250e+01
2.097529983520507812e+01
2.307749938964843750e+01
2.309999847412109375e+01
1.940670013427734375e+01
1.892129898071289062e+01
2.180389976501464844e+01
2.042530059814453125e+01
2.057979965209960938e+01
2.057979965209960938e+01
1.972159957885742188e+01
2.220829963684082031e+01
2.256639862060546875e+01
2.084359931945800781e+01
1.950790023803710938e+01
1.949519920349121094e+01
2.133530044555664062e+01
1.979369926452636719e+01
1.885000038146972656e+01
2.061370086669921875e+01
2.061370086669921875e+01
2.292259979248046875e+01
2.313520050048828125e+01
2.641870117187500000e+01
2.481430053710937500e+01
2.271210098266601562e+01
2.176720046997070312e+01
2.183410072326660156e+01
2.240789985656738281e+01
2.160169982910156250e+01
1.951530075073242188e+01
1.951530075073242188e+01
2.000979995727539062e+01
2.382120132446289062e+01
2.119499969482421875e+01
1.977140045166015625e+01
2.276189994812011719e+01
1.910519981384277344e+01
2.037150001525878906e+01
1.908250045776367188e+01
2.131610107421875000e+01
2.056250000000000000e+01
2.056250000000000000e+01
2.218120002746582031e+01
2.407989883422851562e+01
2.428739929199218750e+01
2.337599945068359375e+01
2.415499877929687500e+01
2.342110061645507812e+01
2.231739997863769531e+01
2.004179954528808594e+01
1.915909957885742188e+01
2.042309951782226562e+01
2.042309951782226562e+01
1.934860038757324219e+01
2.295019912719726562e+01
2.230419921875000000e+01
2.188700103759765625e+01
2.068479919433593750e+01
2.292520141601562500e+01
2.487279891967773438e+01
2.342200088500976562e+01
2.342259979248046875e+01
2.205979919433593750e+01
2.205979919433593750e+01
2.273619842529296875e+01
2.474699974060058594e+01
2.406729888916015625e+01
2.414690017700195312e+01
2.714210128784179688e+01
2.328619956970214844e+01
2.467589950561523438e+01
2.374819946289062500e+01
2.341780090332031250e+01
2.324969863891601562e+01
2.324969863891601562e+01
2.057810020446777344e+01
2.380410003662109375e+01
2.205690002441406250e+01
2.169409942626953125e+01
2.258839988708496094e+01
2.377260017395019531e+01
2.250489997863769531e+01
2.366650009155273438e+01
2.341679954528808594e+01
2.341460037231445312e+01
2.341460037231445312e+01
2.263529968261718750e+01
2.317970085144042969e+01
2.417240142822265625e+01
2.194490051269531250e+01
2.137179946899414062e+01
2.249950027465820312e+01
2.153160095214843750e+01
2.205330085754394531e+01
2.450530052185058594e+01
2.120949935913085938e+01
2.120949935913085938e+01
2.423360061645507812e+01
2.468560028076171875e+01
2.425629997253417969e+01
2.465069961547851562e+01
2.266040039062500000e+01
2.345409965515136719e+01
2.140060043334960938e+01
2.105319976806640625e+01
2.263650131225585938e+01
2.347200012207031250e+01
2.347200012207031250e+01
2.080160140991210938e+01
2.106340026855468750e+01
2.122880172729492188e+01
2.011030006408691406e+01
2.075690078735351562e+01
1.993310165405273438e+01
1.980050086975097656e+01
2.195320129394531250e+01
2.323570060729980469e+01
2.165029907226562500e+01
2.165029907226562500e+01
2.183319854736328125e+01
2.081750106811523438e+01
2.187549972534179688e+01
2.199079895019531250e+01
2.318849945068359375e+01
2.186520004272460938e+01
2.311680030822753906e+01
2.240570068359375000e+01
2.288479995727539062e+01
2.023659896850585938e+01
2.023659896850585938e+01
2.341469955444335938e+01
2.160440063476562500e+01
2.130960083007812500e+01
2.570849990844726562e+01
2.219210052490234375e+01
2.333670043945312500e+01
2.435919952392578125e+01
2.477949905395507812e+01
2.369709968566894531e+01
2.293889999389648438e+01
2.293889999389648438e+01
2.474559974670410156e+01
2.164500045776367188e+01
2.398989868164062500e+01
2.243019866943359375e+01
2.399520111083984375e+01
2.440110015869140625e+01
2.353229904174804688e+01
2.276649856567382812e+01
2.200809860229492188e+01
2.027210044860839844e+01
2.027209854125976562e+01
2.066930007934570312e+01
2.093750000000000000e+01
2.126919937133789062e+01
2.083850097656250000e+01
2.285509872436523438e+01
2.340889930725097656e+01
2.355609893798828125e+01
2.176229858398437500e+01
2.231290054321289062e+01
2.265169906616210938e+01
2.265169906616210938e+01
2.279460144042968750e+01
2.349209976196289062e+01
2.130030059814453125e+01
2.220740127563476562e+01
2.034479904174804688e+01
2.145809936523437500e+01
2.311669921875000000e+01
2.250160026550292969e+01
2.198350143432617188e+01
2.267219924926757812e+01
2.267219924926757812e+01
2.129660034179687500e+01
2.218840026855468750e+01
2.182460021972656250e+01
2.265079879760742188e+01
2.287059974670410156e+01
2.434200096130371094e+01
2.141180038452148438e+01
2.265019989013671875e+01
2.108169937133789062e+01
2.493149948120117188e+01
2.493149948120117188e+01
2.353879928588867188e+01
2.196839904785156250e+01
2.120689964294433594e+01
2.261840057373046875e+01
2.046249961853027344e+01
2.663619995117187500e+01
2.402280044555664062e+01
2.268009948730468750e+01
2.364419937133789062e+01
2.323810005187988281e+01
2.323810195922851562e+01
2.481660079956054688e+01
2.215750122070312500e+01
2.281230163574218750e+01
2.553990173339843750e+01
2.336299896240234375e+01
2.480110168457031250e+01
2.793899917602539062e+01
2.802930068969726562e+01
2.438240051269531250e+01
2.533110046386718750e+01
2.533110046386718750e+01
2.460779953002929688e+01
2.177389907836914062e+01
2.518589973449707031e+01
2.810330009460449219e+01
2.605960083007812500e+01
2.790760040283203125e+01
2.727799987792968750e+01
2.444750022888183594e+01
2.434350013732910156e+01
2.421269989013671875e+01
2.421269989013671875e+01
2.491069984436035156e+01
2.211180114746093750e+01
2.235610008239746094e+01
2.206309890747070312e+01
2.316830062866210938e+01
2.353190040588378906e+01
2.373410034179687500e+01
2.243059921264648438e+01
2.222010040283203125e+01
2.143989944458007812e+01
2.143989944458007812e+01
2.548220062255859375e+01
2.516159820556640625e+01
1.985939979553222656e+01
2.126889991760253906e+01
1.871440124511718750e+01
1.818370056152343750e+01
1.942510032653808594e+01
1.975830078125000000e+01
2.037720108032226562e+01
2.025619888305664062e+01
2.025620079040527344e+01
1.883819961547851562e+01
2.017230033874511719e+01
2.036009979248046875e+01
2.037249946594238281e+01
1.920669937133789062e+01
2.015659904479980469e+01
1.683169937133789062e+01
1.935630035400390625e+01
2.085359954833984375e+01
2.384230041503906250e+01
2.384230041503906250e+01
2.251519966125488281e+01
1.978599929809570312e+01
2.213100051879882812e+01
1.973360061645507812e+01
1.936280059814453125e+01
2.062240028381347656e+01
2.065530014038085938e+01
2.289529991149902344e+01
2.251480102539062500e+01
1.997760009765625000e+01
1.997760009765625000e+01
2.139279937744140625e+01
1.945159912109375000e+01
1.603890037536621094e+01
1.787639999389648438e+01
1.717860031127929688e+01
1.478789997100830078e+01
1.648509979248046875e+01
1.469320011138916016e+01
1.964130020141601562e+01
1.667599868774414062e+01
1.667600059509277344e+01
1.671439933776855469e+01
1.600939941406250000e+01
1.470079994201660156e+01
1.474510002136230469e+01
1.532390022277832031e+01
1.461330032348632812e+01
1.187430000305175781e+01
1.508580017089843750e+01
1.739130020141601562e+01
1.575080108642578125e+01
1.575079917907714844e+01
1.580060005187988281e+01
1.284490013122558594e+01
1.391740036010742188e+01
1.591869926452636719e+01
1.528129959106445312e+01
1.665159988403320312e+01
1.421319961547851562e+01
1.558049964904785156e+01
1.702029991149902344e+01
1.630739974975585938e+01
1.630739974975585938e+01
1.525880050659179688e+01
1.429510021209716797e+01
1.243589973449707031e+01
1.702589988708496094e+01
1.581770038604736328e+01
1.759880065917968750e+01
1.456519985198974609e+01
1.351889991760253906e+01
1.484420013427734375e+01
1.610010147094726562e+01
1.610009956359863281e+01
1.547559928894042969e+01
1.307780075073242188e+01
1.609799957275390625e+01
1.416570091247558594e+01
1.461070060729980469e+01
1.236440086364746094e+01
1.437360000610351562e+01
1.657629966735839844e+01
1.695479965209960938e+01
1.774650001525878906e+01
1.774650001525878906e+01
1.554210090637207031e+01
1.672340011596679688e+01
1.498460006713867188e+01
1.617919921875000000e+01
1.668090057373046875e+01
1.606110000610351562e+01
1.771199989318847656e+01
1.793919944763183594e+01
1.591930007934570312e+01
1.381060028076171875e+01
1.381060028076171875e+01
1.465489959716796875e+01
1.633040046691894531e+01
1.354979991912841797e+01
1.555739974975585938e+01
1.757080078125000000e+01
1.521730041503906250e+01
1.349699974060058594e+01
1.312580013275146484e+01
1.401149940490722656e+01
1.140600013732910156e+01
1.140600013732910156e+01
1.601779937744140625e+01
1.475129985809326172e+01
1.436040019989013672e+01
1.552939987182617188e+01
1.636730003356933594e+01
1.523120021820068359e+01
1.275469970703125000e+01
1.286590003967285156e+01
1.281800079345703125e+01
1.174979972839355469e+01
1.174979972839355469e+01
1.089229965209960938e+01
8.478300094604492188e+00
1.139960002899169922e+01
1.271640014648437500e+01
1.260519981384277344e+01
1.115590000152587891e+01
1.219849967956542969e+01
1.289820003509521484e+01
1.068819999694824219e+01
1.479409980773925781e+01
1.479409980773925781e+01
1.670909881591796875e+01
1.371350002288818359e+01
1.184510040283203125e+01
1.415799999237060547e+01
1.250519943237304688e+01
1.370310020446777344e+01
1.221719932556152344e+01
1.088210010528564453e+01
1.152289962768554688e+01
9.331699371337890625e+00
9.331699371337890625e+00
8.925199508666992188e+00
9.128000259399414062e+00
1.038140010833740234e+01
1.065200042724609375e+01
1.010799980163574219e+01
7.040599822998046875e+00
6.534999847412109375e+00
7.409399986267089844e+00
8.367500305175781250e+00
1.026739978790283203e+01
1.026739978790283203e+01
7.463200092315673828e+00
9.678600311279296875e+00
1.239150047302246094e+01
1.215299987792968750e+01
1.074370002746582031e+01
9.918600082397460938e+00
1.000609970092773438e+01
1.054209995269775391e+01
1.059799957275390625e+01
1.053240013122558594e+01
1.053240013122558594e+01
1.291130065917968750e+01
1.254500007629394531e+01
1.394460010528564453e+01
1.341480064392089844e+01
1.290520000457763672e+01
1.251140022277832031e+01
1.186439990997314453e+01
1.196809959411621094e+01
1.303669929504394531e+01
1.536960029602050781e+01
1.536960029602050781e+01
1.251390075683593750e+01
1.060620021820068359e+01
1.060799980163574219e+01
1.310359954833984375e+01
1.337709999084472656e+01
1.128400039672851562e+01
8.716400146484375000e+00
1.108329963684082031e+01
8.020400047302246094e+00
1.088190078735351562e+01
1.088189983367919922e+01
8.642000198364257812e+00
9.105600357055664062e+00
1.093470001220703125e+01
1.231659984588623047e+01
1.024530029296875000e+01
1.017539978027343750e+01
1.051659965515136719e+01
1.154899978637695312e+01
1.208469963073730469e+01
1.051830005645751953e+01
1.051830005645751953e+01
8.822199821472167969e+00
8.292400360107421875e+00
9.967900276184082031e+00
9.349800109863281250e+00
8.592599868774414062e+00
8.109100341796875000e+00
9.930100440979003906e+00
8.633500099182128906e+00
7.849100112915039062e+00
9.214599609375000000e+00
9.214599609375000000e+00
8.919599533081054688e+00
8.857399940490722656e+00
8.464399337768554688e+00
8.240300178527832031e+00
1.063769912719726562e+01
1.034059906005859375e+01
1.092359924316406250e+01
1.034070014953613281e+01
8.679599761962890625e+00
7.658399581909179688e+00
7.658400058746337891e+00
7.316900253295898438e+00
9.924300193786621094e+00
8.706000328063964844e+00
9.077099800109863281e+00
6.858900070190429688e+00
6.983099937438964844e+00
9.914899826049804688e+00
6.109499931335449219e+00
9.155200004577636719e+00
7.290100097656250000e+00
7.290100097656250000e+00
8.789500236511230469e+00
1.114340019226074219e+01
9.773200035095214844e+00
1.019190025329589844e+01
1.129669952392578125e+01
8.315099716186523438e+00
7.248000144958496094e+00
7.862999916076660156e+00
8.091300010681152344e+00
8.033500671386718750e+00
8.033499717712402344e+00
8.990200042724609375e+00
8.605099678039550781e+00
9.217100143432617188e+00
9.908499717712402344e+00
9.026499748229980469e+00
1.099839973449707031e+01
8.808599472045898438e+00
9.726799964904785156e+00
8.217300415039062500e+00
8.314399719238281250e+00
8.314399719238281250e+00
9.183400154113769531e+00
8.530300140380859375e+00
6.524200439453125000e+00
3.989900112152099609e+00
8.106500625610351562e+00
9.371099472045898438e+00
7.544300079345703125e+00
8.512199401855468750e+00
8.313699722290039062e+00
1.049870014190673828e+01
1.049870014190673828e+01
9.394399642944335938e+00
8.561500549316406250e+00
8.281800270080566406e+00
9.841100692749023438e+00
9.340900421142578125e+00
7.583700180053710938e+00
7.849300384521484375e+00
9.043900489807128906e+00
1.018690013885498047e+01
7.894400119781494141e+00
7.894400119781494141e+00
8.715900421142578125e+00
9.315099716186523438e+00
1.050909996032714844e+01
1.234850025177001953e+01
9.343999862670898438e+00
9.587100028991699219e+00
8.364299774169921875e+00
1.095269966125488281e+01
1.114799976348876953e+01
1.080850028991699219e+01
1.080850028991699219e+01
1.095779991149902344e+01
1.082559967041015625e+01
1.161739921569824219e+01
1.151739978790283203e+01
9.361399650573730469e+00
1.190380001068115234e+01
1.080690002441406250e+01
1.162030029296875000e+01
1.077390003204345703e+01
1.115590000152587891e+01
1.115590000152587891e+01
1.039330005645751953e+01
8.955900192260742188e+00
1.044269943237304688e+01
8.885099411010742188e+00
8.805500030517578125e+00
9.670100212097167969e+00
7.633900165557861328e+00
6.779300212860107422e+00
6.381700038909912109e+00
6.689300060272216797e+00
6.689300060272216797e+00
7.382699966430664062e+00
8.617099761962890625e+00
6.432600021362304688e+00
8.705599784851074219e+00
7.872799873352050781e+00
7.150899887084960938e+00
5.856200218200683594e+00
9.647600173950195312e+00
7.714699745178222656e+00
9.250900268554687500e+00
9.250900268554687500e+00
1.073119926452636719e+01
9.562900543212890625e+00
1.027400016784667969e+01
9.680099487304687500e+00
1.192519950866699219e+01
1.016489982604980469e+01
9.388099670410156250e+00
1.126790046691894531e+01
1.022200012207031250e+01
1.016650009155273438e+01
1.016650009155273438e+01
1.195540046691894531e+01
1.107970046997070312e+01
1.118850040435791016e+01
1.254650020599365234e+01
1.143460083007812500e+01
1.091020011901855469e+01
9.999000549316406250e+00
1.229570007324218750e+01
9.413700103759765625e+00
1.045940017700195312e+01
1.045940017700195312e+01
1.123810005187988281e+01
1.075060081481933594e+01
1.397380065917968750e+01
1.317149925231933594e+01
1.404030036926269531e+01
1.560580062866210938e+01
1.456609916687011719e+01
1.461240005493164062e+01
1.301760101318359375e+01
1.330249977111816406e+01
1.330249977111816406e+01
1.239879989624023438e+01
1.381750011444091797e+01
1.197360038757324219e+01
1.247760009765625000e+01
1.328240013122558594e+01
1.423070049285888672e+01
1.276039981842041016e+01
1.213199996948242188e+01
9.823599815368652344e+00
7.960000038146972656e+00
7.960000038146972656e+00
9.539699554443359375e+00
8.095199584960937500e+00
6.020500183105468750e+00
6.583199977874755859e+00
7.304599761962890625e+00
5.834899902343750000e+00
6.526000022888183594e+00
6.434899806976318359e+00
7.977999687194824219e+00
5.873099803924560547e+00
5.873099803924560547e+00
8.999899864196777344e+00
1.065270042419433594e+01
9.555900573730468750e+00
1.012069988250732422e+01
9.310600280761718750e+00
1.242020034790039062e+01
1.195660018920898438e+01
1.084020042419433594e+01
1.055380058288574219e+01
1.222290039062500000e+01
1.222290039062500000e+01
1.195879936218261719e+01
9.872600555419921875e+00
1.105940055847167969e+01
9.096399307250976562e+00
8.663499832153320312e+00
9.165100097656250000e+00
8.898699760437011719e+00
1.046329975128173828e+01
1.052289962768554688e+01
1.189869976043701172e+01
1.189869976043701172e+01
1.370249938964843750e+01
1.188549995422363281e+01
1.247099971771240234e+01
1.127149963378906250e+01
1.176130008697509766e+01
1.240830039978027344e+01
1.316099929809570312e+01
1.040779972076416016e+01
1.237380027770996094e+01
1.235840034484863281e+01
1.235839939117431641e+01
9.572699546813964844e+00
9.031100273132324219e+00
1.123979949951171875e+01
1.086979961395263672e+01
1.106799983978271484e+01
9.487000465393066406e+00
8.896699905395507812e+00
1.024759960174560547e+01
1.002740001678466797e+01
1.086749935150146484e+01
1.086750030517578125e+01
1.066849994659423828e+01
1.305270004272460938e+01
1.245950031280517578e+01
1.290070056915283203e+01
9.235799789428710938e+00
9.803600311279296875e+00
9.437600135803222656e+00
1.119790077209472656e+01
8.468400001525878906e+00
8.073200225830078125e+00
8.073200225830078125e+00
8.162099838256835938e+00
8.494199752807617188e+00
9.094699859619140625e+00
8.864700317382812500e+00
1.090260028839111328e+01
1.249430084228515625e+01
1.156990051269531250e+01
1.062969970703125000e+01
1.131690025329589844e+01
1.313409996032714844e+01
1.313409996032714844e+01
8.597299575805664062e+00
1.114260005950927734e+01
1.015919971466064453e+01
6.851299762725830078e+00
8.132399559020996094e+00
1.079419994354248047e+01
1.179409980773925781e+01
1.057019996643066406e+01
1.069980049133300781e+01
9.256799697875976562e+00
9.256799697875976562e+00
1.196790027618408203e+01
1.195759963989257812e+01
1.239669990539550781e+01
1.438000106811523438e+01
1.218000030517578125e+01
9.379100799560546875e+00
1.115610027313232422e+01
9.431600570678710938e+00
9.963700294494628906e+00
1.022229957580566406e+01
1.022229957580566406e+01
9.694799423217773438e+00
7.635300159454345703e+00
9.750999450683593750e+00
5.991400241851806641e+00
7.829899787902832031e+00
9.039500236511230469e+00
5.776100158691406250e+00
7.325600147247314453e+00
1.079730033874511719e+01
8.774900436401367188e+00
8.774900436401367188e+00
9.002599716186523438e+00
9.982700347900390625e+00
9.038200378417968750e+00
9.798099517822265625e+00
6.973400115966796875e+00
7.890199661254882812e+00
7.938399791717529297e+00
5.701299667358398438e+00
1.051679992675781250e+01
7.954599857330322266e+00
7.954600334167480469e+00
8.733200073242187500e+00
1.124090003967285156e+01
1.056470012664794922e+01
5.891600131988525391e+00
9.670299530029296875e+00
9.235099792480468750e+00
8.512300491333007812e+00
7.517100334167480469e+00
6.373400211334228516e+00
7.405500411987304688e+00
7.405500411987304688e+00
9.293800354003906250e+00
8.639100074768066406e+00
9.650400161743164062e+00
6.293400287628173828e+00
6.432600021362304688e+00
5.321100234985351562e+00
4.922100067138671875e+00
5.653800010681152344e+00
6.184400081634521484e+00
4.897600173950195312e+00
4.897600173950195312e+00
7.722499847412109375e+00
6.065400123596191406e+00
4.545000076293945312e+00
7.377200126647949219e+00
5.238800048828125000e+00
6.553999900817871094e+00
3.049399852752685547e+00
5.313099861145019531e+00
4.298700332641601562e+00
5.010299682617187500e+00
5.010299682617187500e+00
8.891700744628906250e+00
8.226400375366210938e+00
5.698800086975097656e+00
1.097839927673339844e+01
1.083480072021484375e+01
1.044779968261718750e+01
1.124180030822753906e+01
8.888700485229492188e+00
7.501600265502929688e+00
7.057199954986572266e+00
7.057199954986572266e+00
9.381999969482421875e+00
7.830800056457519531e+00
7.195100307464599609e+00
6.404200077056884766e+00
6.954400062561035156e+00
5.872700214385986328e+00
9.728000640869140625e+00
6.795600414276123047e+00
8.181799888610839844e+00
6.299400329589843750e+00
6.299399852752685547e+00
9.437900543212890625e+00
1.090729904174804688e+01
1.034230041503906250e+01
8.894399642944335938e+00
1.011650085449218750e+01
9.830200195312500000e+00
9.403400421142578125e+00
1.102739906311035156e+01
8.526700019836425781e+00
1.022500038146972656e+01
1.022500038146972656e+01
8.906299591064453125e+00
7.285500049591064453e+00
7.373600006103515625e+00
9.469099998474121094e+00
8.694499969482421875e+00
7.224100112915039062e+00
9.829799652099609375e+00
1.159739971160888672e+01
1.045199966430664062e+01
1.457369995117187500e+01
1.457369995117187500e+01
1.054580020904541016e+01
1.263689994812011719e+01
1.231790065765380859e+01
1.123589992523193359e+01
6.732700347900390625e+00
5.381299972534179688e+00
7.726400375366210938e+00
6.081099510192871094e+00
5.968899726867675781e+00
7.368300437927246094e+00
7.368299961090087891e+00
6.244100093841552734e+00
8.406100273132324219e+00
6.039700031280517578e+00
4.467200279235839844e+00
6.186900138854980469e+00
6.930799961090087891e+00
6.975200176239013672e+00
8.911000251770019531e+00
8.741499900817871094e+00
8.026900291442871094e+00
8.026899337768554688e+00
9.432000160217285156e+00
8.991899490356445312e+00
9.745500564575195312e+00
5.017700195312500000e+00
6.942800045013427734e+00
9.447599411010742188e+00
9.373300552368164062e+00
7.320499897003173828e+00
8.792200088500976562e+00
6.009300231933593750e+00
6.009299755096435547e+00
8.816599845886230469e+00
6.239199638366699219e+00
9.663700103759765625e+00
8.836700439453125000e+00
5.713199615478515625e+00
6.715299606323242188e+00
1.006710052490234375e+01
7.601999759674072266e+00
1.087509918212890625e+01
1.078319931030273438e+01
1.078320026397705078e+01
1.045020008087158203e+01
8.807700157165527344e+00
1.189179992675781250e+01
1.055490016937255859e+01
8.323900222778320312e+00
1.057629966735839844e+01
1.190919971466064453e+01
9.524300575256347656e+00
7.612299919128417969e+00
1.031029987335205078e+01
1.031029987335205078e+01
9.815699577331542969e+00
1.002589988708496094e+01
7.719200134277343750e+00
8.522500038146972656e+00
8.406800270080566406e+00
7.512300014495849609e+00
8.569600105285644531e+00
8.626500129699707031e+00
7.836899757385253906e+00
8.297100067138671875e+00
8.297100067138671875e+00
6.198600292205810547e+00
4.696100234985351562e+00
7.635399818420410156e+00
5.379500389099121094e+00
6.736000061035156250e+00
6.413700103759765625e+00
7.768800258636474609e+00
8.160799980163574219e+00
6.228500366210937500e+00
4.368800163269042969e+00
4.368800163269042969e+00
5.900700092315673828e+00
8.670400619506835938e+00
9.776599884033203125e+00
1.065450000762939453e+01
9.707300186157226562e+00
7.634900093078613281e+00
7.295400142669677734e+00
4.250200271606445312e+00
5.707799911499023438e+00
7.194000244140625000e+00
7.194000244140625000e+00
7.109000205993652344e+00
7.079199790954589844e+00
4.752300262451171875e+00
5.406599998474121094e+00
5.387800216674804688e+00
3.707400083541870117e+00
7.156300067901611328e+00
5.465100288391113281e+00
5.486599922180175781e+00
8.810299873352050781e+00
8.810299873352050781e+00
5.484000205993652344e+00
7.034500122070312500e+00
8.790800094604492188e+00
8.785799980163574219e+00
7.171000480651855469e+00
5.969699859619140625e+00
7.362299919128417969e+00
9.740200042724609375e+00
9.339099884033203125e+00
7.131099700927734375e+00
7.131099700927734375e+00
5.455200195312500000e+00
4.891200065612792969e+00
4.909299850463867188e+00
6.295399665832519531e+00
3.992100000381469727e+00
5.903100013732910156e+00
9.350199699401855469e+00
6.492300033569335938e+00
5.689399719238281250e+00
4.692999839782714844e+00
4.692999839782714844e+00
7.817600250244140625e+00
7.657099723815917969e+00
6.079799652099609375e+00
6.637700080871582031e+00
7.558899879455566406e+00
7.255999565124511719e+00
5.937099933624267578e+00
4.565000057220458984e+00
2.553900003433227539e+00
5.051300048828125000e+00
5.051300048828125000e+00
4.756700038909912109e+00
5.786200046539306641e+00
5.666700363159179688e+00
3.934299945831298828e+00
5.525500297546386719e+00
5.773300170898437500e+00
4.997099876403808594e+00
3.618700027465820312e+00
5.029000282287597656e+00
3.718199968338012695e+00
3.718199968338012695e+00
7.232100009918212891e+00
5.253399848937988281e+00
6.946300029754638672e+00
5.089600086212158203e+00
3.142499923706054688e+00
4.650700092315673828e+00
4.833399772644042969e+00
5.093899726867675781e+00
6.101799964904785156e+00
5.930699825286865234e+00
5.930700302124023438e+00
6.033299922943115234e+00
6.952300071716308594e+00
8.218600273132324219e+00
8.714799880981445312e+00
5.489700317382812500e+00
7.922699928283691406e+00
7.435099601745605469e+00
6.338900089263916016e+00
4.672299861907958984e+00
5.581799983978271484e+00
5.581799983978271484e+00
7.395099639892578125e+00
7.912099838256835938e+00
1.086340045928955078e+01
9.322400093078613281e+00
5.180700302124023438e+00
8.215100288391113281e+00
9.209300041198730469e+00
9.196900367736816406e+00
7.367199897766113281e+00
9.666700363159179688e+00
9.666700363159179688e+00
5.839799880981445312e+00
6.377799987792968750e+00
7.003099918365478516e+00
6.427799701690673828e+00
5.788599967956542969e+00
8.398500442504882812e+00
6.378499984741210938e+00
9.104700088500976562e+00
8.451299667358398438e+00
9.283200263977050781e+00
9.283200263977050781e+00
8.093799591064453125e+00
7.000000000000000000e+00
7.981800079345703125e+00
9.075300216674804688e+00
9.482000350952148438e+00
6.999400138854980469e+00
1.019799995422363281e+01
9.574000358581542969e+00
8.982199668884277344e+00
1.019189929962158203e+01
1.019190025329589844e+01
1.215680027008056641e+01
6.772500038146972656e+00
8.890899658203125000e+00
9.767499923706054688e+00
9.117099761962890625e+00
9.955699920654296875e+00
6.855700016021728516e+00
8.800800323486328125e+00
1.159459972381591797e+01
9.352100372314453125e+00
9.352100372314453125e+00
8.361999511718750000e+00
8.035099983215332031e+00
4.895100116729736328e+00
7.689100265502929688e+00
8.052999496459960938e+00
8.538900375366210938e+00
5.715199947357177734e+00
8.082000732421875000e+00
7.307899951934814453e+00
6.963900089263916016e+00
6.963900089263916016e+00
6.507599830627441406e+00
6.313400268554687500e+00
4.502900123596191406e+00
4.186500072479248047e+00
4.297399997711181641e+00
5.508000373840332031e+00
7.909399986267089844e+00
7.018000125885009766e+00
5.803500175476074219e+00
5.810100078582763672e+00
5.810100078582763672e+00
8.355299949645996094e+00
8.587500572204589844e+00
8.032600402832031250e+00
7.094200134277343750e+00
7.595399856567382812e+00
5.653100013732910156e+00
7.560299873352050781e+00
8.795499801635742188e+00
6.478099822998046875e+00
8.940500259399414062e+00
8.940500259399414062e+00
5.914700031280517578e+00
4.720499992370605469e+00
7.422900199890136719e+00
8.684599876403808594e+00
8.644899368286132812e+00
6.834899902343750000e+00
9.092200279235839844e+00
8.586199760437011719e+00
1.004220008850097656e+01
8.570899963378906250e+00
8.570899963378906250e+00
6.630499839782714844e+00
7.338500022888183594e+00
7.378999710083007812e+00
7.079400062561035156e+00
1.116559982299804688e+01
1.060229969024658203e+01
1.112679958343505859e+01
1.090939998626708984e+01
9.243299484252929688e+00
8.005000114440917969e+00
8.005000114440917969e+00
8.140899658203125000e+00
8.380800247192382812e+00
6.952600002288818359e+00
6.988800048828125000e+00
4.761700153350830078e+00
9.008799552917480469e+00
5.511700153350830078e+00
5.990000247955322266e+00
6.734400272369384766e+00
7.718300342559814453e+00
7.718300342559814453e+00
6.627600193023681641e+00
9.887899398803710938e+00
8.754099845886230469e+00
1.135079956054687500e+01
1.128909969329833984e+01
1.003249931335449219e+01
9.776499748229980469e+00
9.493000030517578125e+00
6.805200099945068359e+00
6.471400260925292969e+00
6.471400260925292969e+00
8.725699424743652344e+00
7.493000030517578125e+00
7.078299999237060547e+00
8.699699401855468750e+00
7.168400287628173828e+00
8.529099464416503906e+00
6.714499950408935547e+00
6.545500278472900391e+00
5.917500019073486328e+00
5.355900287628173828e+00
5.355899810791015625e+00
4.114099979400634766e+00
9.515700340270996094e+00
1.110330009460449219e+01
1.081580066680908203e+01
9.123500823974609375e+00
1.031240081787109375e+01
1.116429996490478516e+01
9.864100456237792969e+00
1.302920055389404297e+01
1.232280063629150391e+01
1.232280063629150391e+01
9.478300094604492188e+00
1.201529979705810547e+01
1.117689990997314453e+01
8.931099891662597656e+00
1.047440052032470703e+01
6.532299995422363281e+00
5.400300025939941406e+00
1.073649978637695312e+01
8.248000144958496094e+00
8.648500442504882812e+00
8.648499488830566406e+00
1.026529979705810547e+01
7.235700130462646484e+00
9.656899452209472656e+00
9.919599533081054688e+00
7.557499885559082031e+00
7.599400043487548828e+00
5.842599868774414062e+00
7.005599975585937500e+00
6.194099903106689453e+00
6.256800174713134766e+00
6.256800174713134766e+00
4.431000232696533203e+00
5.648600101470947266e+00
5.253700256347656250e+00
5.826200008392333984e+00
7.826900005340576172e+00
6.159399986267089844e+00
7.935600280761718750e+00
5.956000328063964844e+00
5.881999969482421875e+00
4.049900054931640625e+00
4.049900054931640625e+00
4.126199722290039062e+00
4.413000106811523438e+00
7.069600105285644531e+00
5.289899826049804688e+00
7.366899967193603516e+00
6.208499908447265625e+00
4.946100234985351562e+00
5.899000167846679688e+00
7.254000186920166016e+00
8.641699790954589844e+00
8.641699790954589844e+00
7.401200294494628906e+00
7.804900169372558594e+00
9.201000213623046875e+00
6.356100082397460938e+00
7.596500396728515625e+00
7.974100112915039062e+00
9.038700103759765625e+00
9.046500205993652344e+00
1.119999980926513672e+01
1.058640003204345703e+01
1.058640003204345703e+01
1.016149997711181641e+01
1.168340015411376953e+01
9.569700241088867188e+00
9.412300109863281250e+00
9.841400146484375000e+00
1.288140010833740234e+01
1.349810028076171875e+01
1.098350048065185547e+01
1.200069999694824219e+01
1.072010040283203125e+01
1.072009944915771484e+01
1.104010009765625000e+01
1.224839973449707031e+01
1.279329967498779297e+01
1.126089954376220703e+01
1.209029960632324219e+01
1.353199958801269531e+01
1.403919982910156250e+01
1.342409992218017578e+01
1.560319995880126953e+01
1.587599945068359375e+01
1.587599945068359375e+01
1.366989994049072266e+01
1.125959968566894531e+01
9.888799667358398438e+00
1.148110008239746094e+01
1.029679965972900391e+01
9.192199707031250000e+00
9.792200088500976562e+00
7.874199867248535156e+00
8.474100112915039062e+00
9.625000000000000000e+00
9.625000000000000000e+00
8.683899879455566406e+00
1.048149967193603516e+01
1.007999992370605469e+01
8.886699676513671875e+00
1.103740024566650391e+01
1.239700031280517578e+01
8.328000068664550781e+00
1.109939956665039062e+01
8.041099548339843750e+00
1.160540008544921875e+01
1.160540008544921875e+01
1.134250068664550781e+01
7.148799896240234375e+00
8.975200653076171875e+00
5.330199718475341797e+00
8.312200546264648438e+00
8.473299980163574219e+00
8.845499992370605469e+00
7.024600028991699219e+00
7.250199794769287109e+00
7.937500000000000000e+00
7.937500000000000000e+00
8.711400032043457031e+00
1.066900062561035156e+01
1.093319988250732422e+01
1.182380008697509766e+01
7.578399658203125000e+00
8.127799987792968750e+00
9.905900001525878906e+00
1.197819995880126953e+01
1.171490001678466797e+01
1.061250019073486328e+01
1.061250019073486328e+01
8.503500938415527344e+00
7.917300224304199219e+00
6.885499954223632812e+00
6.567699909210205078e+00
7.061299800872802734e+00
1.021420001983642578e+01
9.168900489807128906e+00
9.459400177001953125e+00
1.080470085144042969e+01
1.235160064697265625e+01
1.235159969329833984e+01
1.062129974365234375e+01
1.078870010375976562e+01
1.271010017395019531e+01
1.430399990081787109e+01
1.454489994049072266e+01
1.232959938049316406e+01
1.148099994659423828e+01
1.290299987792968750e+01
1.120440006256103516e+01
1.327139949798583984e+01
1.327140045166015625e+01
1.228490066528320312e+01
1.159539985656738281e+01
1.040530014038085938e+01
1.022340011596679688e+01
1.169610023498535156e+01
1.315559959411621094e+01
1.238360023498535156e+01
1.229579925537109375e+01
1.134760093688964844e+01
1.134040069580078125e+01
1.134039974212646484e+01
1.049830055236816406e+01
1.208549976348876953e+01
7.138800144195556641e+00
8.797299385070800781e+00
9.714400291442871094e+00
1.125160026550292969e+01
1.132289981842041016e+01
1.162740039825439453e+01
1.371640014648437500e+01
1.134300041198730469e+01
1.134300041198730469e+01
9.989299774169921875e+00
1.056509971618652344e+01
8.408100128173828125e+00
8.510600090026855469e+00
6.783400058746337891e+00
6.309499740600585938e+00
8.059200286865234375e+00
1.002460002899169922e+01
6.013299942016601562e+00
7.724100112915039062e+00
7.724100112915039062e+00
9.480999946594238281e+00
7.353199958801269531e+00
9.529500007629394531e+00
9.986100196838378906e+00
1.185509967803955078e+01
1.124930000305175781e+01
9.269599914550781250e+00
9.015800476074218750e+00
1.113759994506835938e+01
8.838399887084960938e+00
8.838399887084960938e+00
8.449500083923339844e+00
8.823200225830078125e+00
1.010490036010742188e+01
1.048980045318603516e+01
9.586400032043457031e+00
1.125650024414062500e+01
1.132690048217773438e+01
1.210949993133544922e+01
1.115089988708496094e+01
1.087709999084472656e+01
1.087709999084472656e+01
8.157699584960937500e+00
9.004400253295898438e+00
8.370599746704101562e+00
8.421600341796875000e+00
8.356200218200683594e+00
1.058829975128173828e+01
6.845000267028808594e+00
7.459099769592285156e+00
8.037300109863281250e+00
1.132439994812011719e+01
1.132439994812011719e+01
7.444499969482421875e+00
7.452300071716308594e+00
9.018800735473632812e+00
1.030319976806640625e+01
1.042549991607666016e+01
1.059179973602294922e+01
9.678199768066406250e+00
7.939500331878662109e+00
5.917300224304199219e+00
7.157000064849853516e+00
7.156999588012695312e+00
7.878399848937988281e+00
9.585900306701660156e+00
1.010510063171386719e+01
8.600199699401855469e+00
9.829100608825683594e+00
8.317199707031250000e+00
9.368200302124023438e+00
9.212599754333496094e+00
1.028470039367675781e+01
9.098799705505371094e+00
9.098799705505371094e+00
1.154650020599365234e+01
1.080300045013427734e+01
1.138739967346191406e+01
1.095199966430664062e+01
1.142450046539306641e+01
9.840999603271484375e+00
1.215569972991943359e+01
1.094320011138916016e+01
1.009910011291503906e+01
1.042739963531494141e+01
1.042740058898925781e+01
1.017289924621582031e+01
1.166790008544921875e+01
1.004500007629394531e+01
1.268819999694824219e+01
1.179260063171386719e+01
1.110709953308105469e+01
1.080120086669921875e+01
9.867000579833984375e+00
1.107119941711425781e+01
1.045829963684082031e+01
1.045830059051513672e+01
1.105599975585937500e+01
1.243550014495849609e+01
1.166429996490478516e+01
8.849499702453613281e+00
1.080220031738281250e+01
9.434000015258789062e+00
1.112360000610351562e+01
9.292200088500976562e+00
1.017300033569335938e+01
7.930399894714355469e+00
7.930400371551513672e+00
9.216500282287597656e+00
9.205300331115722656e+00
9.718500137329101562e+00
9.071599960327148438e+00
5.758500099182128906e+00
6.095900058746337891e+00
5.990600109100341797e+00
8.112600326538085938e+00
4.826200008392333984e+00
3.901700019836425781e+00
3.901700019836425781e+00
8.319000244140625000e+00
7.260499954223632812e+00
8.971400260925292969e+00
7.272799491882324219e+00
7.654399871826171875e+00
7.654500007629394531e+00
7.467399597167968750e+00
6.536399841308593750e+00
7.254099845886230469e+00
6.430999755859375000e+00
6.430999755859375000e+00
7.901000022888183594e+00
7.030400276184082031e+00
9.003200531005859375e+00
4.209000110626220703e+00
6.931400299072265625e+00
7.873899936676025391e+00
8.473600387573242188e+00
1.060960006713867188e+01
1.127479934692382812e+01
1.072100067138671875e+01
1.072099971771240234e+01
8.797800064086914062e+00
6.972199916839599609e+00
5.476299762725830078e+00
5.217499732971191406e+00
6.033400058746337891e+00
6.648099899291992188e+00
1.014010047912597656e+01
7.875599861145019531e+00
6.718299865722656250e+00
3.935699939727783203e+00
3.935699939727783203e+00
4.793000221252441406e+00
6.225399971008300781e+00
5.891200065612792969e+00
4.715399742126464844e+00
5.258500099182128906e+00
8.544199943542480469e+00
7.310699939727783203e+00
7.738999843597412109e+00
1.025749969482421875e+01
3.601000070571899414e+00
3.601000070571899414e+00
8.392000198364257812e+00
9.591400146484375000e+00
8.833000183105468750e+00
6.567200183868408203e+00
6.208300113677978516e+00
5.345399856567382812e+00
3.749900102615356445e+00
5.920000076293945312e-01
1.407599925994873047e+00
1.870700001716613770e+00
1.870700120925903320e+00
2.196799993515014648e+00
2.639600038528442383e+00
2.283499956130981445e+00
2.725999832153320312e+00
3.560299873352050781e+00
2.715399980545043945e+00
2.657599925994873047e+00
5.637999773025512695e-01
2.576799869537353516e+00
4.327100276947021484e+00
4.327099800109863281e+00
6.398600101470947266e+00
2.674800157546997070e+00
1.933399915695190430e+00
3.310600042343139648e+00
6.302999854087829590e-01
1.984200000762939453e+00
2.745700120925903320e+00
3.084900140762329102e+00
4.853099822998046875e+00
5.664800167083740234e+00
5.664800167083740234e+00
3.223200082778930664e+00
3.450099945068359375e+00
3.996900081634521484e+00
3.576400041580200195e+00
2.653900146484375000e+00
3.610500097274780273e+00
3.809500217437744141e+00
2.208000183105468750e+00
1.858100056648254395e+00
2.239900112152099609e+00
2.239900112152099609e+00
9.810000061988830566e-01
4.108900070190429688e+00
6.452600002288818359e+00
4.093800067901611328e+00
4.596400260925292969e+00
6.572999954223632812e-01
1.007499933242797852e+00
4.965199947357177734e+00
2.565099954605102539e+00
1.964400053024291992e+00
1.964400053024291992e+00
4.487699985504150391e+00
3.511300086975097656e+00
2.485300064086914062e+00
1.921999931335449219e+00
2.540500164031982422e+00
8.219000101089477539e-01
2.256799936294555664e+00
1.710700035095214844e+00
8.191000223159790039e-01
1.233200073242187500e+00
1.233200073242187500e+00
1.813800096511840820e+00
7.598000168800354004e-01
7.271999716758728027e-01
2.183099985122680664e+00
1.951500058174133301e+00
1.809800028800964355e+00
1.213700056076049805e+00
3.776899814605712891e+00
2.044499874114990234e+00
4.167999744415283203e+00
4.168000221252441406e+00
3.535999774932861328e+00
5.186900138854980469e+00
3.471799850463867188e+00
7.900999784469604492e-01
3.607399940490722656e+00
1.337899923324584961e+00
1.339200019836425781e+00
1.358799934387207031e+00
3.964999914169311523e-01
5.540000200271606445e-01
5.540000200271606445e-01
3.993600130081176758e+00
1.207900047302246094e+00
5.030000209808349609e-01
3.013900041580200195e+00
4.265799999237060547e+00
2.677099943161010742e+00
4.743700027465820312e+00
2.610000133514404297e+00
4.110599994659423828e+00
9.747999906539916992e-01
9.747999906539916992e-01
3.259099960327148438e+00
1.316900014877319336e+00
1.165899991989135742e+00
3.274800062179565430e+00
3.713200092315673828e+00
5.318999886512756348e-01
9.481999874114990234e-01
1.130399942398071289e+00
1.004800081253051758e+00
2.078700065612792969e+00
2.078700065612792969e+00
1.120300054550170898e+00
1.664400100708007812e+00
2.486500024795532227e+00
1.904799938201904297e+00
3.394200086593627930e+00
2.195600032806396484e+00
3.498800039291381836e+00
1.876399993896484375e+00
2.559200048446655273e+00
3.886300086975097656e+00
3.886299848556518555e+00
3.990799903869628906e+00
2.891700029373168945e+00
3.054199934005737305e+00
1.888999938964843750e+00
8.156999349594116211e-01
2.012000083923339844e+00
3.560299873352050781e+00
4.120300292968750000e+00
2.916499853134155273e+00
2.545399904251098633e+00
2.545399904251098633e+00
5.111000061035156250e+00
3.466500043869018555e+00
3.929100036621093750e+00
2.570600032806396484e+00
5.077700138092041016e+00
2.924200057983398438e+00
5.238200187683105469e+00
6.129000186920166016e+00
5.003300189971923828e+00
5.626000404357910156e+00
5.625999927520751953e+00
6.365000009536743164e-01
8.909000158309936523e-01
1.158800005912780762e+00
1.480000019073486328e+00
5.947999954223632812e+00
2.402999877929687500e+00
2.447000026702880859e+00
3.545499801635742188e+00
3.081999778747558594e+00
2.558400154113769531e+00
2.558399915695190430e+00
2.366099834442138672e+00
2.789399862289428711e+00
3.333099842071533203e+00
3.313799858093261719e+00
1.421000003814697266e+00
3.512399911880493164e+00
3.696799993515014648e+00
1.978399991989135742e+00
2.983000040054321289e+00
2.512199878692626953e+00
2.512200117111206055e+00
1.673300027847290039e+00
2.764000177383422852e+00
2.104000002145767212e-01
1.745000004768371582e+00
2.406000137329101562e+00
2.280500173568725586e+00
5.921000242233276367e-01
1.611799955368041992e+00
3.578700065612792969e+00
2.883999943733215332e-01
2.883999943733215332e-01
9.016000032424926758e-01
1.775999963283538818e-01
1.995100021362304688e+00
3.916000127792358398e-01
1.138299942016601562e+00
2.051199913024902344e+00
1.999400019645690918e+00
1.844300031661987305e+00
1.175400018692016602e+00
5.370999574661254883e-01
5.371000170707702637e-01
2.887799978256225586e+00
1.815500020980834961e+00
1.673699975013732910e+00
7.937999963760375977e-01
1.144299983978271484e+00
1.125499963760375977e+00
3.788999795913696289e+00
3.684799909591674805e+00
2.010499954223632812e+00
2.165999889373779297e+00
2.165999889373779297e+00
8.112999796867370605e-01
9.230999946594238281e-01
8.736999630928039551e-01
1.819999933242797852e+00
1.443199992179870605e+00
2.590800046920776367e+00
1.765699982643127441e+00
3.578900098800659180e+00
1.250499963760375977e+00
1.608299970626831055e+00
1.608299970626831055e+00
8.361999988555908203e-01
3.643999993801116943e-01
4.138000011444091797e-01
1.675100088119506836e+00
7.969000339508056641e-01
4.619999885559082031e+00
6.061800003051757812e+00
4.399199962615966797e+00
5.180299758911132812e+00
3.050799846649169922e+00
3.050699949264526367e+00
1.055999994277954102e+00
3.887099981307983398e+00
3.292399883270263672e+00
2.778800010681152344e+00
1.435299992561340332e+00
2.196599960327148438e+00
2.371000051498413086e+00
1.964200019836425781e+00
2.827300071716308594e+00
1.334800004959106445e+00
1.334800004959106445e+00
2.032500028610229492e+00
2.960000038146972656e+00
4.530699729919433594e+00
4.594699859619140625e+00
1.794899940490722656e+00
3.075400114059448242e+00
3.346300125122070312e+00
2.354099988937377930e+00
3.810500144958496094e+00
9.825999736785888672e-01
9.825999736785888672e-01
2.255199909210205078e+00
6.076799869537353516e+00
2.816100120544433594e+00
4.484300136566162109e+00
1.774900078773498535e+00
4.602900028228759766e+00
5.931600093841552734e+00
3.450299978256225586e+00
5.672100067138671875e+00
5.949100017547607422e+00
