2.581799983978271484e+00
2.553499937057495117e+00
2.618000030517578125e+00
2.604799985885620117e+00
2.508299827575683594e+00
2.418299913406372070e+00
2.480199813842773438e+00
2.357100009918212891e+00
2.521899938583374023e+00
2.549399852752685547e+00
2.569999933242797852e+00
2.570000171661376953e+00
2.521100044250488281e+00
2.693099975585937500e+00
2.621200084686279297e+00
2.364399909973144531e+00
2.449800014495849609e+00
2.657299995422363281e+00
2.593800067901611328e+00
2.548799991607666016e+00
2.589400053024291992e+00
2.602200031280517578e+00
2.602200031280517578e+00
2.708400011062622070e+00
2.709400177001953125e+00
2.763900041580200195e+00
2.624799966812133789e+00
2.662899971008300781e+00
2.799900054931640625e+00
2.721499919891357422e+00
2.700299978256225586e+00
2.676800012588500977e+00
2.724200010299682617e+00
2.724200010299682617e+00
2.727400064468383789e+00
2.873600006103515625e+00
2.786000013351440430e+00
2.790899991989135742e+00
2.660000085830688477e+00
2.708199977874755859e+00
2.403399944305419922e+00
2.494500160217285156e+00
2.602800130844116211e+00
2.569200038909912109e+00
2.569200038909912109e+00
2.571799993515014648e+00
2.577199935913085938e+00
2.498199939727783203e+00
2.535500049591064453e+00
2.665400028228759766e+00
2.573400020599365234e+00
2.498600006103515625e+00
2.819900035858154297e+00
2.768800020217895508e+00
2.697200059890747070e+00
2.697200059890747070e+00
2.742300033569335938e+00
2.683799982070922852e+00
2.629100084304809570e+00
2.702600002288818359e+00
2.766299962997436523e+00
2.700700044631958008e+00
2.763200044631958008e+00
2.665299892425537109e+00
2.853000164031982422e+00
2.878900051116943359e+00
2.878900051116943359e+00
2.772600173950195312e+00
2.795700073242187500e+00
2.658800125122070312e+00
2.647700071334838867e+00
2.738299846649169922e+00
2.921900033950805664e+00
2.867199897766113281e+00
2.714600086212158203e+00
2.681499958038330078e+00
2.520999908447265625e+00
2.520999908447265625e+00
2.698400020599365234e+00
2.639699935913085938e+00
2.823600053787231445e+00
2.604199886322021484e+00
2.605100154876708984e+00
2.604300022125244141e+00
2.691400051116943359e+00
2.790400028228759766e+00
2.573800086975097656e+00
2.576499938964843750e+00
2.576499938964843750e+00
2.587100028991699219e+00
2.622400045394897461e+00
2.510699987411499023e+00
2.496200084686279297e+00
2.422699928283691406e+00
2.365600109100341797e+00
2.593600034713745117e+00
2.574699878692626953e+00
2.463099956512451172e+00
2.428600072860717773e+00
2.428600072860717773e+00
2.484099864959716797e+00
2.509299993515014648e+00
2.600500106811523438e+00
2.777400016784667969e+00
2.755199909210205078e+00
2.885900020599365234e+00
2.782299995422363281e+00
2.888999938964843750e+00
2.825000047683715820e+00
3.096199989318847656e+00
3.096199989318847656e+00
3.133300065994262695e+00
2.942999839782714844e+00
2.769899845123291016e+00
2.756599903106689453e+00
2.763800144195556641e+00
2.726900100708007812e+00
2.597199916839599609e+00
2.576400041580200195e+00
2.583400011062622070e+00
2.548300027847290039e+00
2.548300027847290039e+00
2.454800128936767578e+00
2.509099960327148438e+00
2.577000141143798828e+00
2.351300001144409180e+00
2.427200078964233398e+00
2.546499967575073242e+00
2.392699956893920898e+00
2.382200002670288086e+00
2.492300033569335938e+00
2.553999900817871094e+00
2.553999900817871094e+00
2.395299911499023438e+00
2.541999816894531250e+00
2.574800014495849609e+00
2.583300113677978516e+00
2.381799936294555664e+00
2.283999919891357422e+00
2.336499929428100586e+00
2.361299991607666016e+00
2.391299962997436523e+00
2.357300043106079102e+00
2.357300043106079102e+00
2.341599941253662109e+00
2.402899980545043945e+00
2.293099880218505859e+00
2.233399868011474609e+00
2.162899971008300781e+00
2.139199972152709961e+00
2.263000011444091797e+00
2.228899955749511719e+00
2.303200006484985352e+00
2.260400056838989258e+00
2.260399818420410156e+00
2.341700077056884766e+00
2.225899934768676758e+00
2.278599977493286133e+00
2.326799869537353516e+00
2.255700111389160156e+00
2.179699897766113281e+00
2.211699962615966797e+00
2.256500005722045898e+00
2.261499881744384766e+00
2.311300039291381836e+00
2.311300039291381836e+00
2.290800094604492188e+00
2.285399913787841797e+00
2.136500120162963867e+00
2.147799968719482422e+00
2.191699981689453125e+00
2.234400033950805664e+00
2.251199960708618164e+00
2.310800075531005859e+00
2.423700094223022461e+00
2.247200012207031250e+00
2.247200012207031250e+00
2.263800144195556641e+00
2.408800125122070312e+00
2.209800004959106445e+00
2.200500011444091797e+00
2.427200078964233398e+00
2.301899909973144531e+00
2.299200057983398438e+00
2.344500064849853516e+00
2.151800155639648438e+00
2.117700099945068359e+00
2.117700099945068359e+00
2.277800083160400391e+00
2.396600008010864258e+00
2.323100090026855469e+00
2.287199974060058594e+00
2.375000000000000000e+00
2.393300056457519531e+00
2.336100101470947266e+00
2.163100004196166992e+00
2.312000036239624023e+00
2.212899923324584961e+00
2.212900161743164062e+00
2.345900058746337891e+00
2.492100000381469727e+00
2.412899971008300781e+00
2.414400100708007812e+00
2.498899936676025391e+00
2.310999870300292969e+00
2.530300140380859375e+00
2.423900127410888672e+00
2.333800077438354492e+00
2.232699871063232422e+00
2.232699871063232422e+00
2.399100065231323242e+00
2.604300022125244141e+00
2.348400115966796875e+00
2.309400081634521484e+00
2.511399984359741211e+00
2.471099853515625000e+00
2.325900077819824219e+00
2.365600109100341797e+00
2.391700029373168945e+00
2.438799858093261719e+00
2.438799858093261719e+00
2.397199869155883789e+00
2.365999937057495117e+00
2.350699901580810547e+00
2.224200010299682617e+00
2.517999887466430664e+00
2.409999847412109375e+00
2.338099956512451172e+00
2.427799940109252930e+00
2.302000045776367188e+00
2.320199966430664062e+00
2.320199966430664062e+00
2.370100021362304688e+00
2.481400012969970703e+00
2.426000118255615234e+00
2.391799926757812500e+00
2.275700092315673828e+00
2.460799932479858398e+00
2.246200084686279297e+00
2.156100034713745117e+00
2.207200050354003906e+00
2.246299982070922852e+00
2.246299982070922852e+00
2.169899940490722656e+00
2.161900043487548828e+00
2.106899976730346680e+00
2.265199899673461914e+00
2.299700021743774414e+00
2.355000019073486328e+00
2.190599918365478516e+00
2.334199905395507812e+00
2.129499912261962891e+00
2.241699934005737305e+00
2.241699934005737305e+00
2.103800058364868164e+00
2.235899925231933594e+00
2.070600032806396484e+00
2.234099864959716797e+00
2.184900045394897461e+00
2.297800064086914062e+00
2.356699943542480469e+00
2.271199941635131836e+00
2.266099929809570312e+00
2.425499916076660156e+00
2.425499916076660156e+00
2.472899913787841797e+00
2.429200172424316406e+00
2.371000051498413086e+00
2.423099994659423828e+00
2.315299987792968750e+00
2.315900087356567383e+00
2.325500011444091797e+00
2.188400030136108398e+00
2.123700141906738281e+00
2.235700130462646484e+00
2.235700130462646484e+00
2.293799877166748047e+00
2.159199953079223633e+00
2.235499858856201172e+00
2.240399837493896484e+00
2.400500059127807617e+00
2.425300121307373047e+00
2.623199939727783203e+00
2.376399993896484375e+00
2.270900011062622070e+00
2.226799964904785156e+00
2.226799964904785156e+00
2.190999984741210938e+00
2.147600173950195312e+00
2.200799942016601562e+00
2.177800178527832031e+00
2.250699996948242188e+00
2.253600120544433594e+00
2.360800027847290039e+00
2.243400096893310547e+00
2.137000083923339844e+00
2.165699958801269531e+00
2.165699958801269531e+00
2.368299961090087891e+00
2.426899909973144531e+00
2.369699954986572266e+00
2.265199899673461914e+00
2.218899965286254883e+00
2.240999937057495117e+00
2.315599918365478516e+00
2.200099945068359375e+00
2.118599891662597656e+00
2.233000040054321289e+00
2.233000040054321289e+00
2.123700141906738281e+00
2.174400091171264648e+00
2.081900119781494141e+00
2.084800004959106445e+00
2.149899959564208984e+00
2.299099922180175781e+00
2.293600082397460938e+00
2.373700141906738281e+00
2.391700029373168945e+00
2.442100048065185547e+00
2.442100048065185547e+00
2.387799978256225586e+00
2.406899929046630859e+00
2.308899879455566406e+00
2.286499977111816406e+00
2.273999929428100586e+00
2.474400043487548828e+00
2.474200010299682617e+00
2.281300067901611328e+00
2.227299928665161133e+00
2.233099937438964844e+00
2.233099937438964844e+00
2.268800020217895508e+00
2.190999984741210938e+00
2.208100080490112305e+00
2.282599925994873047e+00
2.151700019836425781e+00
2.435899972915649414e+00
2.544499874114990234e+00
2.703899860382080078e+00
2.480700016021728516e+00
2.289400100708007812e+00
2.289400100708007812e+00
2.277299880981445312e+00
2.279999971389770508e+00
2.110300064086914062e+00
2.214499950408935547e+00
2.102600097656250000e+00
2.052900075912475586e+00
2.050699949264526367e+00
2.100300073623657227e+00
2.077500104904174805e+00
2.039200067520141602e+00
2.039200067520141602e+00
2.000499963760375977e+00
2.098400115966796875e+00
2.250900030136108398e+00
2.065599918365478516e+00
2.147500038146972656e+00
2.137199878692626953e+00
2.010400056838989258e+00
2.010999917984008789e+00
2.059299945831298828e+00
2.134900093078613281e+00
2.134900093078613281e+00
2.189700126647949219e+00
2.196000099182128906e+00
2.174299955368041992e+00
2.236000061035156250e+00
2.146699905395507812e+00
2.092900037765502930e+00
2.253600120544433594e+00
2.108200073242187500e+00
2.141999959945678711e+00
2.313499927520751953e+00
2.313499927520751953e+00
2.180699825286865234e+00
2.159999847412109375e+00
2.106600046157836914e+00
2.317899942398071289e+00
2.156699895858764648e+00
2.154500007629394531e+00
1.996199965476989746e+00
2.100399971008300781e+00
1.917399883270263672e+00
1.965399980545043945e+00
1.965399980545043945e+00
1.977399945259094238e+00
1.944299936294555664e+00
2.016999959945678711e+00
2.014699935913085938e+00
1.987499952316284180e+00
2.147500038146972656e+00
2.155600070953369141e+00
2.175099849700927734e+00
2.009200096130371094e+00
2.130399942398071289e+00
2.130399942398071289e+00
2.150599956512451172e+00
2.137399911880493164e+00
2.005699872970581055e+00
2.141599893569946289e+00
2.133500099182128906e+00
2.137199878692626953e+00
2.089600086212158203e+00
2.067899942398071289e+00
2.037199974060058594e+00
2.049200057983398438e+00
2.049200057983398438e+00
2.013200044631958008e+00
1.990900039672851562e+00
1.959300041198730469e+00
2.012799978256225586e+00
1.990599989891052246e+00
2.003200054168701172e+00
2.025899887084960938e+00
1.931200027465820312e+00
1.935700058937072754e+00
1.997300028800964355e+00
1.997300028800964355e+00
1.988900065422058105e+00
2.025500059127807617e+00
1.948199987411499023e+00
1.933400034904479980e+00
1.903100013732910156e+00
1.945500135421752930e+00
1.932600021362304688e+00
1.903000116348266602e+00
1.797900080680847168e+00
1.875300049781799316e+00
1.875300049781799316e+00
1.867700099945068359e+00
1.926300048828125000e+00
2.280300140380859375e+00
2.148699998855590820e+00
2.093300104141235352e+00
2.156100034713745117e+00
2.168499946594238281e+00
2.258200168609619141e+00
2.098700046539306641e+00
2.345200061798095703e+00
2.345200061798095703e+00
2.239399909973144531e+00
2.250599861145019531e+00
2.311500072479248047e+00
2.722399950027465820e+00
2.465300083160400391e+00
2.159399986267089844e+00
2.121900081634521484e+00
2.281199932098388672e+00
2.471299886703491211e+00
2.473299980163574219e+00
2.473299980163574219e+00
2.582000017166137695e+00
2.499399900436401367e+00
2.209100008010864258e+00
2.258500099182128906e+00
1.946300029754638672e+00
2.115200042724609375e+00
2.236500024795532227e+00
2.124799966812133789e+00
2.174000024795532227e+00
2.108000040054321289e+00
2.108000040054321289e+00
2.236900091171264648e+00
2.265700101852416992e+00
2.315400123596191406e+00
2.205800056457519531e+00
2.372900009155273438e+00
2.284800052642822266e+00
2.374099969863891602e+00
2.417299985885620117e+00
2.475800037384033203e+00
2.492599964141845703e+00
2.492599964141845703e+00
2.614300012588500977e+00
2.421799898147583008e+00
2.520599842071533203e+00
2.505800008773803711e+00
2.391700029373168945e+00
2.517899990081787109e+00
2.508199930191040039e+00
2.341599941253662109e+00
2.322299957275390625e+00
2.264100074768066406e+00
2.264100074768066406e+00
2.174499988555908203e+00
2.300299882888793945e+00
2.299200057983398438e+00
2.440500020980834961e+00
2.473700046539306641e+00
2.546099901199340820e+00
2.576299905776977539e+00
2.296599864959716797e+00
2.343400001525878906e+00
2.296499967575073242e+00
2.296499967575073242e+00
2.290899991989135742e+00
2.206599950790405273e+00
2.029399871826171875e+00
2.200799942016601562e+00
2.323499917984008789e+00
2.213900089263916016e+00
2.081399917602539062e+00
2.047800064086914062e+00
1.967499971389770508e+00
2.047100067138671875e+00
2.047100067138671875e+00
2.023000001907348633e+00
2.060899972915649414e+00
2.069200038909912109e+00
2.130499839782714844e+00
2.090499877929687500e+00
2.057399988174438477e+00
2.235399961471557617e+00
2.054899930953979492e+00
1.997799992561340332e+00
2.146600008010864258e+00
2.146600008010864258e+00
2.077300071716308594e+00
2.061100006103515625e+00
2.103699922561645508e+00
1.979900002479553223e+00
2.103600025177001953e+00
2.070199966430664062e+00
2.147500038146972656e+00
2.217800140380859375e+00
2.093500137329101562e+00
1.997200012207031250e+00
1.997200012207031250e+00
2.001399993896484375e+00
2.133500099182128906e+00
2.054100036621093750e+00
2.023699998855590820e+00
2.256700038909912109e+00
2.294700145721435547e+00
2.235800027847290039e+00
2.127000093460083008e+00
2.146500110626220703e+00
2.193000078201293945e+00
2.193000078201293945e+00
2.142300128936767578e+00
2.130000114440917969e+00
2.273499965667724609e+00
2.109699964523315430e+00
2.373600006103515625e+00
2.285399913787841797e+00
2.215899944305419922e+00
2.053299903869628906e+00
2.024699926376342773e+00
1.865800023078918457e+00
1.865800023078918457e+00
2.013799905776977539e+00
2.020200014114379883e+00
2.093500137329101562e+00
1.926100015640258789e+00
2.034699916839599609e+00
2.026299953460693359e+00
2.156899929046630859e+00
1.973500013351440430e+00
1.862599968910217285e+00
2.188699960708618164e+00
2.188699960708618164e+00
2.107300043106079102e+00
2.215499877929687500e+00
2.165100097656250000e+00
2.190200090408325195e+00
2.318200111389160156e+00
2.195499897003173828e+00
2.067300081253051758e+00
2.283900022506713867e+00
2.290500164031982422e+00
2.202800035476684570e+00
2.202800035476684570e+00
2.053200006484985352e+00
2.128000020980834961e+00
2.141299962997436523e+00
2.017800092697143555e+00
2.173799991607666016e+00
2.263400077819824219e+00
2.369800090789794922e+00
2.364700078964233398e+00
2.463400125503540039e+00
2.441800117492675781e+00
2.441800117492675781e+00
2.620699882507324219e+00
2.457799911499023438e+00
2.563499927520751953e+00
2.414900064468383789e+00
2.306300163269042969e+00
2.299700021743774414e+00
2.294399976730346680e+00
2.235300064086914062e+00
2.303200006484985352e+00
2.154400110244750977e+00
2.154399871826171875e+00
2.262499809265136719e+00
2.374899864196777344e+00
2.405299901962280273e+00
2.201699972152709961e+00
2.432399988174438477e+00
2.398900032043457031e+00
2.418200016021728516e+00
2.303699970245361328e+00
2.151099920272827148e+00
2.218599796295166016e+00
2.218600034713745117e+00
2.265100002288818359e+00
2.370399951934814453e+00
2.327800035476684570e+00
2.137900114059448242e+00
2.119100093841552734e+00
2.097100019454956055e+00
2.113500118255615234e+00
2.206500053405761719e+00
2.209000110626220703e+00
2.253200054168701172e+00
2.253200054168701172e+00
2.057899951934814453e+00
1.989399909973144531e+00
2.018199920654296875e+00
2.030699968338012695e+00
1.948499917984008789e+00
1.896000027656555176e+00
2.051800012588500977e+00
2.159800052642822266e+00
2.121599912643432617e+00
1.933300018310546875e+00
1.933300018310546875e+00
1.999699950218200684e+00
2.051100015640258789e+00
2.051899909973144531e+00
2.182600021362304688e+00
2.206599950790405273e+00
2.341099977493286133e+00
2.485300064086914062e+00
2.169699907302856445e+00
2.228099822998046875e+00
2.396500110626220703e+00
2.396500110626220703e+00
2.419199943542480469e+00
2.231299877166748047e+00
2.295799970626831055e+00
2.279999971389770508e+00
2.365099906921386719e+00
2.599299907684326172e+00
2.475199937820434570e+00
2.411799907684326172e+00
2.380499839782714844e+00
2.313400030136108398e+00
2.313400030136108398e+00
2.168600082397460938e+00
2.041500091552734375e+00
2.039700031280517578e+00
2.170599937438964844e+00
2.136699914932250977e+00
2.097800016403198242e+00
2.043200016021728516e+00
1.953700065612792969e+00
1.937000036239624023e+00
1.975399971008300781e+00
1.975399971008300781e+00
2.057800054550170898e+00
2.182300090789794922e+00
2.159300088882446289e+00
2.349800109863281250e+00
2.348500013351440430e+00
2.444499969482421875e+00
2.458600044250488281e+00
2.509900093078613281e+00
2.280400037765502930e+00
2.243800163269042969e+00
2.243800163269042969e+00
2.275000095367431641e+00
2.280499935150146484e+00
2.171800136566162109e+00
2.153500080108642578e+00
2.159399986267089844e+00
2.272000074386596680e+00
2.255899906158447266e+00
2.405300140380859375e+00
2.294199943542480469e+00
2.215300083160400391e+00
2.215300083160400391e+00
2.106899976730346680e+00
2.095499992370605469e+00
2.111999988555908203e+00
2.242000102996826172e+00
2.234299898147583008e+00
2.269700050354003906e+00
2.236000061035156250e+00
2.379999876022338867e+00
2.296000003814697266e+00
2.224099874496459961e+00
2.224100112915039062e+00
2.344500064849853516e+00
2.253600120544433594e+00
2.306800127029418945e+00
2.102900028228759766e+00
2.129300117492675781e+00
2.185899972915649414e+00
2.263499975204467773e+00
2.186500072479248047e+00
2.165800094604492188e+00
2.212800025939941406e+00
2.212800025939941406e+00
2.027699947357177734e+00
2.102400064468383789e+00
2.044399976730346680e+00
2.039499998092651367e+00
2.183899879455566406e+00
2.203099966049194336e+00
2.138600111007690430e+00
2.049900054931640625e+00
2.087300062179565430e+00
2.056900024414062500e+00
2.056900024414062500e+00
2.039999961853027344e+00
1.996899962425231934e+00
2.210500001907348633e+00
2.222800016403198242e+00
2.289599895477294922e+00
2.238899946212768555e+00
2.279000043869018555e+00
2.518700122833251953e+00
2.303499937057495117e+00
2.217599868774414062e+00
2.217599868774414062e+00
2.347399950027465820e+00
2.310400009155273438e+00
2.387899875640869141e+00
2.294699907302856445e+00
2.129499912261962891e+00
2.291299819946289062e+00
2.181699991226196289e+00
2.223899841308593750e+00
2.395299911499023438e+00
2.287099838256835938e+00
2.287099838256835938e+00
2.293600082397460938e+00
2.499099969863891602e+00
2.398499965667724609e+00
2.559299945831298828e+00
2.472699880599975586e+00
2.257499933242797852e+00
2.345799922943115234e+00
2.443599939346313477e+00
2.394399881362915039e+00
2.402400016784667969e+00
2.402400016784667969e+00
2.209900140762329102e+00
2.192900180816650391e+00
2.131800174713134766e+00
2.231400012969970703e+00
2.174300193786621094e+00
2.176400184631347656e+00
2.200299978256225586e+00
2.190100193023681641e+00
2.258599996566772461e+00
2.200200080871582031e+00
2.200200080871582031e+00
2.187300205230712891e+00
2.183900117874145508e+00
2.119800090789794922e+00
2.044000148773193359e+00
1.991800069808959961e+00
1.988500118255615234e+00
1.944200038909912109e+00
2.088700056076049805e+00
2.093800067901611328e+00
2.137900114059448242e+00
2.137900114059448242e+00
2.165899991989135742e+00
2.244899988174438477e+00
2.003799915313720703e+00
2.173000097274780273e+00
2.302900075912475586e+00
2.147599935531616211e+00
2.083400011062622070e+00
2.131299972534179688e+00
2.084300041198730469e+00
2.055599927902221680e+00
2.055599927902221680e+00
2.108099937438964844e+00
2.140300035476684570e+00
2.165400028228759766e+00
2.079699993133544922e+00
2.074100017547607422e+00
2.031100034713745117e+00
2.139400005340576172e+00
2.196500062942504883e+00
2.125800132751464844e+00
2.111999988555908203e+00
2.111999988555908203e+00
2.100899934768676758e+00
2.171599864959716797e+00
1.987999916076660156e+00
2.063600063323974609e+00
2.017400026321411133e+00
1.979699969291687012e+00
2.164799928665161133e+00
2.078999996185302734e+00
2.013200044631958008e+00
2.051800012588500977e+00
2.051800012588500977e+00
1.972100019454956055e+00
2.036900043487548828e+00
2.143599987030029297e+00
1.957200050354003906e+00
1.887000083923339844e+00
2.014199972152709961e+00
2.099800109863281250e+00
2.097800016403198242e+00
2.204100131988525391e+00
2.299799919128417969e+00
2.299799919128417969e+00
2.104199886322021484e+00
2.176699876785278320e+00
2.381799936294555664e+00
2.404900074005126953e+00
2.592499971389770508e+00
2.348999977111816406e+00
2.184499979019165039e+00
2.061199903488159180e+00
2.065299987792968750e+00
2.214999914169311523e+00
2.214999914169311523e+00
2.247699975967407227e+00
2.264699935913085938e+00
2.275300025939941406e+00
2.451299905776977539e+00
2.458300113677978516e+00
2.406899929046630859e+00
2.463399887084960938e+00
2.325399875640869141e+00
2.291500091552734375e+00
2.247400045394897461e+00
2.247400045394897461e+00
2.148900032043457031e+00
2.187099933624267578e+00
2.464400053024291992e+00
2.328099966049194336e+00
2.255800008773803711e+00
2.286099910736083984e+00
2.475100040435791016e+00
2.411900043487548828e+00
2.397399902343750000e+00
2.339200019836425781e+00
2.339200019836425781e+00
2.314800024032592773e+00
2.407999992370605469e+00
2.461999893188476562e+00
2.487299919128417969e+00
2.485499858856201172e+00
2.562999963760375977e+00
2.623800039291381836e+00
2.633399963378906250e+00
2.466400146484375000e+00
2.636800050735473633e+00
2.636800050735473633e+00
2.743599891662597656e+00
2.549600124359130859e+00
2.504400014877319336e+00
2.469599962234497070e+00
2.503299951553344727e+00
2.472199916839599609e+00
2.457499980926513672e+00
2.444700002670288086e+00
2.669199943542480469e+00
2.703500032424926758e+00
2.703500032424926758e+00
2.788199901580810547e+00
2.713999986648559570e+00
2.689599990844726562e+00
2.735300064086914062e+00
2.830800056457519531e+00
2.770699977874755859e+00
2.524700164794921875e+00
2.888200044631958008e+00
2.746700048446655273e+00
2.649300098419189453e+00
2.649300098419189453e+00
2.667799949645996094e+00
2.623700141906738281e+00
2.539700031280517578e+00
2.572100162506103516e+00
2.446599960327148438e+00
2.511300086975097656e+00
2.454200029373168945e+00
2.461800098419189453e+00
2.551000118255615234e+00
2.555599927902221680e+00
2.555600166320800781e+00
2.507499933242797852e+00
2.664599895477294922e+00
2.807300090789794922e+00
2.796299934387207031e+00
2.935400009155273438e+00
2.585100173950195312e+00
2.808400154113769531e+00
2.761499881744384766e+00
2.788400173187255859e+00
2.530699968338012695e+00
2.530699968338012695e+00
2.681799888610839844e+00
2.649399995803833008e+00
2.541100025177001953e+00
2.649499893188476562e+00
2.668600082397460938e+00
2.854500055313110352e+00
2.665400028228759766e+00
2.787899971008300781e+00
2.850600004196166992e+00
2.802299976348876953e+00
2.802299976348876953e+00
2.790699958801269531e+00
2.792600154876708984e+00
2.689100027084350586e+00
2.873899936676025391e+00
2.702300071716308594e+00
2.559000015258789062e+00
2.518400192260742188e+00
2.703299999237060547e+00
2.787300109863281250e+00
2.745800018310546875e+00
2.745800018310546875e+00
2.793900012969970703e+00
2.630599975585937500e+00
2.445800065994262695e+00
2.607100009918212891e+00
2.578500032424926758e+00
2.685500144958496094e+00
2.543200016021728516e+00
2.619699954986572266e+00
2.862299919128417969e+00
2.948100090026855469e+00
2.948100090026855469e+00
2.911499977111816406e+00
2.950900077819824219e+00
2.774600028991699219e+00
2.696700096130371094e+00
2.807300090789794922e+00
2.633999824523925781e+00
2.763100147247314453e+00
2.674499988555908203e+00
2.654200077056884766e+00
2.783900022506713867e+00
2.783900022506713867e+00
2.794499874114990234e+00
2.649799823760986328e+00
2.548799991607666016e+00
2.371299982070922852e+00
2.699200153350830078e+00
2.380499839782714844e+00
2.264299869537353516e+00
2.470299959182739258e+00
2.538800001144409180e+00
2.319600105285644531e+00
2.319600105285644531e+00
2.521500110626220703e+00
2.549200057983398438e+00
2.575999975204467773e+00
2.589799880981445312e+00
2.570300102233886719e+00
2.671400070190429688e+00
2.407900094985961914e+00
2.336699962615966797e+00
2.499899864196777344e+00
2.396500110626220703e+00
2.396500110626220703e+00
2.431699991226196289e+00
2.211400032043457031e+00
2.349299907684326172e+00
2.304200172424316406e+00
2.475100040435791016e+00
2.180799961090087891e+00
2.618000030517578125e+00
2.557399988174438477e+00
2.614700078964233398e+00
2.460100173950195312e+00
2.460100173950195312e+00
2.451300144195556641e+00
2.113100051879882812e+00
2.191900014877319336e+00
2.214900016784667969e+00
2.237400054931640625e+00
2.134999990463256836e+00
2.247200012207031250e+00
2.353199958801269531e+00
2.207600116729736328e+00
2.325099945068359375e+00
2.325099945068359375e+00
2.236900091171264648e+00
2.070199966430664062e+00
2.212699890136718750e+00
1.985399961471557617e+00
1.932700037956237793e+00
2.070300102233886719e+00
2.005399942398071289e+00
2.116600036621093750e+00
2.272799968719482422e+00
2.180000066757202148e+00
2.180000066757202148e+00
2.260600090026855469e+00
2.161099910736083984e+00
2.289000034332275391e+00
2.210000038146972656e+00
2.262599945068359375e+00
2.173500061035156250e+00
2.214499950408935547e+00
2.234400033950805664e+00
2.049600124359130859e+00
2.264300107955932617e+00
2.264299869537353516e+00
2.211499929428100586e+00
2.273400068283081055e+00
2.125600099563598633e+00
2.216599941253662109e+00
2.203400135040283203e+00
1.953700065612792969e+00
2.240299940109252930e+00
2.122600078582763672e+00
2.058399915695190430e+00
2.229099988937377930e+00
2.229099988937377930e+00
2.243000030517578125e+00
2.422199964523315430e+00
2.426199913024902344e+00
2.393399953842163086e+00
2.358799934387207031e+00
2.417700052261352539e+00
2.625100135803222656e+00
2.521300077438354492e+00
2.507499933242797852e+00
2.532000064849853516e+00
2.532000064849853516e+00
2.493700027465820312e+00
2.326400041580200195e+00
2.277199983596801758e+00
2.375200033187866211e+00
2.424399852752685547e+00
2.523900032043457031e+00
2.634900093078613281e+00
2.390599966049194336e+00
2.637099981307983398e+00
2.400300025939941406e+00
2.400300025939941406e+00
2.365400075912475586e+00
2.267100095748901367e+00
2.392899990081787109e+00
2.276700019836425781e+00
2.356500148773193359e+00
2.316500186920166016e+00
2.193600177764892578e+00
2.177500009536743164e+00
2.209199905395507812e+00
2.177000045776367188e+00
2.177000045776367188e+00
1.986999988555908203e+00
2.056699991226196289e+00
2.085500001907348633e+00
2.056499958038330078e+00
1.992300033569335938e+00
2.031199932098388672e+00
2.026799917221069336e+00
2.056900024414062500e+00
1.987599968910217285e+00
1.981600046157836914e+00
1.981600046157836914e+00
1.915600061416625977e+00
2.059200048446655273e+00
2.063600063323974609e+00
2.161099910736083984e+00
2.069300174713134766e+00
2.013100147247314453e+00
1.955700039863586426e+00
2.010400056838989258e+00
2.082999944686889648e+00
2.092700004577636719e+00
2.092700004577636719e+00
2.131000041961669922e+00
2.053999900817871094e+00
2.083000183105468750e+00
2.145500183105468750e+00
2.053200006484985352e+00
2.061399936676025391e+00
2.041000127792358398e+00
2.156899929046630859e+00
2.206900119781494141e+00
2.214400053024291992e+00
2.214400053024291992e+00
2.216899871826171875e+00
2.184900045394897461e+00
2.285300016403198242e+00
2.390200138092041016e+00
2.368499994277954102e+00
2.219200134277343750e+00
2.365900039672851562e+00
2.390799999237060547e+00
2.203500032424926758e+00
2.479799985885620117e+00
2.479799985885620117e+00
2.645900011062622070e+00
2.449599981307983398e+00
2.463700056076049805e+00
2.547399997711181641e+00
2.253099918365478516e+00
2.181099891662597656e+00
2.166200160980224609e+00
2.205500125885009766e+00
2.231500148773193359e+00
2.230000019073486328e+00
2.230000019073486328e+00
2.131599903106689453e+00
2.414000034332275391e+00
2.373399972915649414e+00
2.301700115203857422e+00
2.363600015640258789e+00
2.369899988174438477e+00
2.447599887847900391e+00
2.507699966430664062e+00
2.431600093841552734e+00
2.233000040054321289e+00
2.233000040054321289e+00
2.166300058364868164e+00
2.165400028228759766e+00
2.092200040817260742e+00
2.168499946594238281e+00
2.133200168609619141e+00
2.086800098419189453e+00
2.113600015640258789e+00
2.208700180053710938e+00
2.082200050354003906e+00
2.057199954986572266e+00
2.057199954986572266e+00
2.072000026702880859e+00
2.342800140380859375e+00
2.111999988555908203e+00
2.042000055313110352e+00
2.088500022888183594e+00
2.062999963760375977e+00
1.944100022315979004e+00
2.231400012969970703e+00
2.151400089263916016e+00
2.125600099563598633e+00
2.125600099563598633e+00
2.148499965667724609e+00
2.156700134277343750e+00
2.138499975204467773e+00
2.459599971771240234e+00
2.317300081253051758e+00
2.337100028991699219e+00
2.490700006484985352e+00
2.323100090026855469e+00
2.331700086593627930e+00
2.302999973297119141e+00
2.302999973297119141e+00
2.319499969482421875e+00
2.406800031661987305e+00
2.635200023651123047e+00
2.461400032043457031e+00
2.651499986648559570e+00
2.733500003814697266e+00
2.432499885559082031e+00
2.593800067901611328e+00
2.400399923324584961e+00
2.283900022506713867e+00
2.283900022506713867e+00
2.354000091552734375e+00
2.592500209808349609e+00
2.458700180053710938e+00
2.516799926757812500e+00
2.557499885559082031e+00
2.575500011444091797e+00
2.677900075912475586e+00
2.420700073242187500e+00
2.265500068664550781e+00
2.272799968719482422e+00
2.272799968719482422e+00
2.327499866485595703e+00
2.485000133514404297e+00
2.388700008392333984e+00
2.366699934005737305e+00
2.400499820709228516e+00
2.516900062561035156e+00
2.423799991607666016e+00
2.361199855804443359e+00
2.408099889755249023e+00
2.295300006866455078e+00
2.295300006866455078e+00
2.328299999237060547e+00
2.522099971771240234e+00
2.692999839782714844e+00
2.642399787902832031e+00
2.573299884796142578e+00
2.584599971771240234e+00
2.698499917984008789e+00
2.714699983596801758e+00
2.594799995422363281e+00
2.873099803924560547e+00
2.873100042343139648e+00
2.764500141143798828e+00
2.755000114440917969e+00
2.980999946594238281e+00
3.010600090026855469e+00
3.171499967575073242e+00
3.221499919891357422e+00
3.105700016021728516e+00
2.849699974060058594e+00
2.785399913787841797e+00
2.696400165557861328e+00
2.696400165557861328e+00
2.840400218963623047e+00
3.085100173950195312e+00
2.982500076293945312e+00
3.042600154876708984e+00
2.941299915313720703e+00
2.809100151062011719e+00
2.762800216674804688e+00
2.742799997329711914e+00
2.804500102996826172e+00
2.759299993515014648e+00
2.759299993515014648e+00
3.170399904251098633e+00
3.084099769592285156e+00
3.285399913787841797e+00
2.816199779510498047e+00
2.821199893951416016e+00
2.769400119781494141e+00
2.835299968719482422e+00
2.716300010681152344e+00
2.795300006866455078e+00
3.110799789428710938e+00
3.110800027847290039e+00
3.066500186920166016e+00
3.058500051498413086e+00
3.077800035476684570e+00
3.121900081634521484e+00
3.086199998855590820e+00
3.234000205993652344e+00
2.879100084304809570e+00
3.006200075149536133e+00
3.038500070571899414e+00
3.136600017547607422e+00
3.136600017547607422e+00
3.191100120544433594e+00
2.990600109100341797e+00
3.306699991226196289e+00
3.259099960327148438e+00
3.064300060272216797e+00
3.077399969100952148e+00
2.964200019836425781e+00
3.070300102233886719e+00
2.974299907684326172e+00
3.384099960327148438e+00
3.384099960327148438e+00
3.210999965667724609e+00
3.281499862670898438e+00
3.242899894714355469e+00
3.377399921417236328e+00
3.074399948120117188e+00
3.278599977493286133e+00
3.130599975585937500e+00
3.207700014114379883e+00
3.222800016403198242e+00
3.292200088500976562e+00
3.292200088500976562e+00
3.445699930191040039e+00
3.304699897766113281e+00
3.375599861145019531e+00
3.274499893188476562e+00
3.361299991607666016e+00
3.384699821472167969e+00
3.622200012207031250e+00
3.552000045776367188e+00
3.507400035858154297e+00
3.416800022125244141e+00
3.416800022125244141e+00
3.409200191497802734e+00
3.456099987030029297e+00
3.199399948120117188e+00
3.288400173187255859e+00
3.396900177001953125e+00
3.360499858856201172e+00
3.526499986648559570e+00
3.774499893188476562e+00
3.652800083160400391e+00
3.486700057983398438e+00
3.486700057983398438e+00
3.377399921417236328e+00
3.489799976348876953e+00
4.004899978637695312e+00
3.961900234222412109e+00
3.926800251007080078e+00
4.106800079345703125e+00
4.064300060272216797e+00
4.288300037384033203e+00
4.189800262451171875e+00
4.223299980163574219e+00
4.223299980163574219e+00
4.272299766540527344e+00
3.936300039291381836e+00
3.867000102996826172e+00
3.952500104904174805e+00
4.076499938964843750e+00
4.284399986267089844e+00
4.277199745178222656e+00
4.346400260925292969e+00
4.166399955749511719e+00
4.079500198364257812e+00
4.079500198364257812e+00
4.084000110626220703e+00
3.893199920654296875e+00
3.517499923706054688e+00
3.581399917602539062e+00
3.731599807739257812e+00
3.741499900817871094e+00
3.790900230407714844e+00
3.883299827575683594e+00
3.872300148010253906e+00
3.983399868011474609e+00
3.983399868011474609e+00
3.905099868774414062e+00
3.888299942016601562e+00
3.986599922180175781e+00
3.912399768829345703e+00
4.152100086212158203e+00
4.145199775695800781e+00
3.877099990844726562e+00
3.987499713897705078e+00
3.888899803161621094e+00
3.977799892425537109e+00
3.977799892425537109e+00
3.917599916458129883e+00
3.780400037765502930e+00
3.711699962615966797e+00
3.493799924850463867e+00
3.309999942779541016e+00
3.303599834442138672e+00
3.602699995040893555e+00
3.507299900054931641e+00
3.590499877929687500e+00
3.609200000762939453e+00
3.609200000762939453e+00
3.685800075531005859e+00
3.690099954605102539e+00
3.756799936294555664e+00
3.761100053787231445e+00
3.763800144195556641e+00
3.831700086593627930e+00
4.020500183105468750e+00
3.763000011444091797e+00
3.925199985504150391e+00
3.842999935150146484e+00
3.842999935150146484e+00
3.877500057220458984e+00
4.018700122833251953e+00
3.663300037384033203e+00
3.891099929809570312e+00
3.903699874877929688e+00
3.602499961853027344e+00
3.927899837493896484e+00
3.935699939727783203e+00
3.832399845123291016e+00
3.775700092315673828e+00
3.775700092315673828e+00
3.829299926757812500e+00
3.925499916076660156e+00
3.726200103759765625e+00
3.574599981307983398e+00
3.742799758911132812e+00
3.873099803924560547e+00
3.857200145721435547e+00
3.807899951934814453e+00
3.974199771881103516e+00
4.108300209045410156e+00
4.108300209045410156e+00
3.915099859237670898e+00
3.965499877929687500e+00
3.722100019454956055e+00
3.781599998474121094e+00
4.055600166320800781e+00
4.204400062561035156e+00
4.234499931335449219e+00
4.376299858093261719e+00
4.222499847412109375e+00
4.317999839782714844e+00
4.317999839782714844e+00
4.297800064086914062e+00
4.345700263977050781e+00
4.440199851989746094e+00
4.127399921417236328e+00
4.201799869537353516e+00
4.427700042724609375e+00
4.300999641418457031e+00
4.218800067901611328e+00
4.443900108337402344e+00
4.437900066375732422e+00
4.437900066375732422e+00
4.202799797058105469e+00
3.987900018692016602e+00
4.052700042724609375e+00
3.738800048828125000e+00
3.707299947738647461e+00
3.672499895095825195e+00
3.858599901199340820e+00
3.870500087738037109e+00
3.860899925231933594e+00
3.602599859237670898e+00
3.602600097656250000e+00
3.665599822998046875e+00
3.856199741363525391e+00
4.148600101470947266e+00
4.425199985504150391e+00
4.042299747467041016e+00
4.019700050354003906e+00
3.922599792480468750e+00
3.943500041961669922e+00
3.917699813842773438e+00
3.637899875640869141e+00
3.637899875640869141e+00
3.727900028228759766e+00
3.704599857330322266e+00
3.739699840545654297e+00
3.646599769592285156e+00
3.664000034332275391e+00
3.821000099182128906e+00
3.828599929809570312e+00
3.880700111389160156e+00
3.633999824523925781e+00
3.429800033569335938e+00
3.429800033569335938e+00
3.502700090408325195e+00
3.544800043106079102e+00
3.510900020599365234e+00
3.409800052642822266e+00
3.707499980926513672e+00
3.699700117111206055e+00
3.628400087356567383e+00
3.337500095367431641e+00
3.365099906921386719e+00
3.500300168991088867e+00
3.500299930572509766e+00
3.297299861907958984e+00
3.205600023269653320e+00
3.294399976730346680e+00
3.230400085449218750e+00
3.308899879455566406e+00
3.221499919891357422e+00
3.080600023269653320e+00
2.976999998092651367e+00
3.131999969482421875e+00
3.115300178527832031e+00
3.115299940109252930e+00
3.304100036621093750e+00
3.146800041198730469e+00
3.203099966049194336e+00
3.477900028228759766e+00
3.474699974060058594e+00
3.641399860382080078e+00
3.787600040435791016e+00
3.745200157165527344e+00
3.820700168609619141e+00
3.885300159454345703e+00
3.885300159454345703e+00
3.919700145721435547e+00
3.602900028228759766e+00
3.810299873352050781e+00
3.842000007629394531e+00
3.785099983215332031e+00
4.024300098419189453e+00
4.178500175476074219e+00
4.207099914550781250e+00
3.996500015258789062e+00
3.939700126647949219e+00
3.939699888229370117e+00
3.930299997329711914e+00
3.942300081253051758e+00
4.110400199890136719e+00
3.916100025177001953e+00
3.684700012207031250e+00
3.742300033569335938e+00
3.909399986267089844e+00
4.060199737548828125e+00
4.003399848937988281e+00
4.005899906158447266e+00
4.005899906158447266e+00
3.884000062942504883e+00
4.074199676513671875e+00
4.143199920654296875e+00
4.162899971008300781e+00
4.034299850463867188e+00
3.898099899291992188e+00
3.916300058364868164e+00
3.943099975585937500e+00
3.991299867630004883e+00
3.906699895858764648e+00
3.906700134277343750e+00
3.859600067138671875e+00
3.861599922180175781e+00
3.637099742889404297e+00
3.745900154113769531e+00
3.666200160980224609e+00
3.505700111389160156e+00
3.549200057983398438e+00
3.661499977111816406e+00
3.542500019073486328e+00
3.813699722290039062e+00
3.813699960708618164e+00
3.802200078964233398e+00
4.026499748229980469e+00
4.035699844360351562e+00
3.996700048446655273e+00
4.073699951171875000e+00
4.139400005340576172e+00
3.964999914169311523e+00
3.859400033950805664e+00
4.106400012969970703e+00
4.305099964141845703e+00
4.305099964141845703e+00
4.455100059509277344e+00
4.388999938964843750e+00
4.498300075531005859e+00
4.357800006866455078e+00
4.412300109863281250e+00
4.558599948883056641e+00
4.653500080108642578e+00
4.709199905395507812e+00
4.663000106811523438e+00
4.907199859619140625e+00
4.907199859619140625e+00
4.787499904632568359e+00
4.398099899291992188e+00
4.585499763488769531e+00
4.560699939727783203e+00
4.666199684143066406e+00
4.594099998474121094e+00
4.498199939727783203e+00
4.384099960327148438e+00
4.333700180053710938e+00
4.259200096130371094e+00
4.259200096130371094e+00
4.567100048065185547e+00
4.387800216674804688e+00
4.371900081634521484e+00
4.434800148010253906e+00
4.356400012969970703e+00
4.467700004577636719e+00
4.588699817657470703e+00
4.608600139617919922e+00
4.301100254058837891e+00
4.131500244140625000e+00
4.131499767303466797e+00
4.166900157928466797e+00
4.443099975585937500e+00
4.463299751281738281e+00
4.351999759674072266e+00
4.268400192260742188e+00
4.207099914550781250e+00
4.085400104522705078e+00
4.151599884033203125e+00
4.152800083160400391e+00
4.025799751281738281e+00
4.025799751281738281e+00
4.296400070190429688e+00
4.412199974060058594e+00
4.290400028228759766e+00
4.259599685668945312e+00
4.154900074005126953e+00
4.334500312805175781e+00
4.526000022888183594e+00
4.395600318908691406e+00
4.303699970245361328e+00
4.170199871063232422e+00
4.170199871063232422e+00
4.289700031280517578e+00
4.027599811553955078e+00
4.038800239562988281e+00
4.238900184631347656e+00
4.241400241851806641e+00
4.195600032806396484e+00
4.042399883270263672e+00
3.941800117492675781e+00
4.066699981689453125e+00
4.109899997711181641e+00
4.109899997711181641e+00
4.149600028991699219e+00
4.262499809265136719e+00
4.347200393676757812e+00
4.203100204467773438e+00
4.207699775695800781e+00
4.167400360107421875e+00
4.164000034332275391e+00
3.956400156021118164e+00
3.934299945831298828e+00
4.015700340270996094e+00
4.015699863433837891e+00
4.296299934387207031e+00
4.202499866485595703e+00
3.983200073242187500e+00
3.984200000762939453e+00
3.996300220489501953e+00
3.910799980163574219e+00
3.962299823760986328e+00
3.780000209808349609e+00
3.832200050354003906e+00
3.909399986267089844e+00
3.909399986267089844e+00
3.959099769592285156e+00
3.687299728393554688e+00
3.625199794769287109e+00
3.634399890899658203e+00
3.821599960327148438e+00
4.173299789428710938e+00
4.289000034332275391e+00
4.283599853515625000e+00
4.300099849700927734e+00
4.397900104522705078e+00
4.397900104522705078e+00
4.449299812316894531e+00
4.591799736022949219e+00
4.368200302124023438e+00
4.537400245666503906e+00
4.639100074768066406e+00
4.757599830627441406e+00
4.901100158691406250e+00
4.631700038909912109e+00
4.690400123596191406e+00
4.491800308227539062e+00
4.491799831390380859e+00
4.409500122070312500e+00
4.317699909210205078e+00
4.076399803161621094e+00
4.064899921417236328e+00
4.192999839782714844e+00
4.211999893188476562e+00
4.401599884033203125e+00
4.423200130462646484e+00
4.156799793243408203e+00
4.170199871063232422e+00
4.170199871063232422e+00
4.283699989318847656e+00
4.302999973297119141e+00
4.142600059509277344e+00
4.380400180816650391e+00
4.427199840545654297e+00
4.474400043487548828e+00
4.526999950408935547e+00
4.567900180816650391e+00
4.334700107574462891e+00
4.263000011444091797e+00
4.263000011444091797e+00
4.345099925994873047e+00
4.415699958801269531e+00
4.375699996948242188e+00
4.503200054168701172e+00
4.473999977111816406e+00
4.627799987792968750e+00
4.619599819183349609e+00
4.557899951934814453e+00
4.526299953460693359e+00
4.971300125122070312e+00
4.971300125122070312e+00
4.857000350952148438e+00
4.853199958801269531e+00
4.950699806213378906e+00
4.577199935913085938e+00
4.649399757385253906e+00
4.714400291442871094e+00
4.772900104522705078e+00
4.751999855041503906e+00
4.741800308227539062e+00
4.763999938964843750e+00
4.763999938964843750e+00
4.471399784088134766e+00
4.415299892425537109e+00
4.657199859619140625e+00
4.632299900054931641e+00
4.560699939727783203e+00
4.783800125122070312e+00
4.795800209045410156e+00
4.795599937438964844e+00
4.828299999237060547e+00
5.131400108337402344e+00
5.131400108337402344e+00
5.147900104522705078e+00
5.360500335693359375e+00
5.192399978637695312e+00
5.204800128936767578e+00
5.203000068664550781e+00
5.458700180053710938e+00
4.973600387573242188e+00
4.882599830627441406e+00
4.899199962615966797e+00
4.696900367736816406e+00
4.696899890899658203e+00
4.636699676513671875e+00
4.516099929809570312e+00
4.766799926757812500e+00
4.750900268554687500e+00
4.732899665832519531e+00
4.869899749755859375e+00
4.897199630737304688e+00
4.637499809265136719e+00
4.636699676513671875e+00
4.922100067138671875e+00
4.922100067138671875e+00
4.936100006103515625e+00
4.989799976348876953e+00
4.951900005340576172e+00
4.983200073242187500e+00
4.707200050354003906e+00
4.488900184631347656e+00
4.595200061798095703e+00
4.599100112915039062e+00
4.537600040435791016e+00
4.369999885559082031e+00
4.369999885559082031e+00
4.490900039672851562e+00
4.619599819183349609e+00
4.558599948883056641e+00
4.889200210571289062e+00
4.774799823760986328e+00
4.718100070953369141e+00
4.892000198364257812e+00
5.269599914550781250e+00
5.184100151062011719e+00
5.157899856567382812e+00
5.157899856567382812e+00
5.269599914550781250e+00
5.242199897766113281e+00
5.134099960327148438e+00
5.490200042724609375e+00
5.227600097656250000e+00
5.074699878692626953e+00
5.034699916839599609e+00
4.826900005340576172e+00
4.751100063323974609e+00
4.695099830627441406e+00
4.695099830627441406e+00
4.913499832153320312e+00
4.695600032806396484e+00
4.704899787902832031e+00
4.804100036621093750e+00
4.408400058746337891e+00
4.499799728393554688e+00
4.119500160217285156e+00
4.165499687194824219e+00
4.265000343322753906e+00
4.574800014495849609e+00
4.574800014495849609e+00
4.587399959564208984e+00
4.720299720764160156e+00
4.664199829101562500e+00
4.500400066375732422e+00
4.609800338745117188e+00
4.730199813842773438e+00
4.681799888610839844e+00
4.862100124359130859e+00
4.557100296020507812e+00
4.365400314331054688e+00
4.365400314331054688e+00
4.230500221252441406e+00
4.217999935150146484e+00
4.209500312805175781e+00
4.411900043487548828e+00
4.807399749755859375e+00
4.664099693298339844e+00
4.460800170898437500e+00
4.602900028228759766e+00
4.735300064086914062e+00
4.577899932861328125e+00
4.577899932861328125e+00
4.361899852752685547e+00
4.444900035858154297e+00
4.517099857330322266e+00
4.454800128936767578e+00
4.367199897766113281e+00
4.283599853515625000e+00
4.482500076293945312e+00
4.706900119781494141e+00
4.605199813842773438e+00
4.701700210571289062e+00
4.701700210571289062e+00
4.762199878692626953e+00
4.859899997711181641e+00
4.789999961853027344e+00
4.679699897766113281e+00
4.756599903106689453e+00
4.846799850463867188e+00
4.716700077056884766e+00
4.744699954986572266e+00
4.660900115966796875e+00
4.607500076293945312e+00
4.607500076293945312e+00
4.625800132751464844e+00
4.687200069427490234e+00
4.326399803161621094e+00
4.540999889373779297e+00
4.633600234985351562e+00
4.722499847412109375e+00
4.973199844360351562e+00
5.159600257873535156e+00
5.066900253295898438e+00
4.655600070953369141e+00
4.655600070953369141e+00
4.748499870300292969e+00
4.612400054931640625e+00
4.593500137329101562e+00
4.554200172424316406e+00
4.419300079345703125e+00
4.671599864959716797e+00
4.432399749755859375e+00
4.560599803924560547e+00
4.375699996948242188e+00
4.004600048065185547e+00
4.004600048065185547e+00
4.111800193786621094e+00
4.066400051116943359e+00
4.006099700927734375e+00
3.837300062179565430e+00
4.018500328063964844e+00
4.117500305175781250e+00
4.042799949645996094e+00
3.725399971008300781e+00
3.870599985122680664e+00
3.995300054550170898e+00
3.995299816131591797e+00
4.165800094604492188e+00
4.410099983215332031e+00
4.447700023651123047e+00
4.485599994659423828e+00
4.504300117492675781e+00
4.302800178527832031e+00
4.203100204467773438e+00
4.418300151824951172e+00
4.552599906921386719e+00
4.405300140380859375e+00
4.405300140380859375e+00
4.339000225067138672e+00
4.327700138092041016e+00
4.442200183868408203e+00
4.352300167083740234e+00
4.581500053405761719e+00
4.410500049591064453e+00
4.454500198364257812e+00
4.559500217437744141e+00
4.660600185394287109e+00
4.725399971008300781e+00
4.725399971008300781e+00
4.732900142669677734e+00
4.770500183105468750e+00
4.780499935150146484e+00
4.753299713134765625e+00
4.655400276184082031e+00
4.576300144195556641e+00
4.855000019073486328e+00
4.744299888610839844e+00
4.794199943542480469e+00
4.998899936676025391e+00
4.998899936676025391e+00
4.572299957275390625e+00
4.654399871826171875e+00
4.638400077819824219e+00
4.727000236511230469e+00
4.798299789428710938e+00
4.671000003814697266e+00
4.675099849700927734e+00
4.475299835205078125e+00
4.453499794006347656e+00
4.588300228118896484e+00
4.588299751281738281e+00
4.567899703979492188e+00
4.338000297546386719e+00
4.178799629211425781e+00
4.315799713134765625e+00
4.543799877166748047e+00
4.267299652099609375e+00
4.519399642944335938e+00
4.764999866485595703e+00
4.657500267028808594e+00
4.677299976348876953e+00
4.677299976348876953e+00
4.737500190734863281e+00
4.822299957275390625e+00
4.672800064086914062e+00
4.578800201416015625e+00
4.838799953460693359e+00
4.874499797821044922e+00
4.628700256347656250e+00
4.586800098419189453e+00
4.611800193786621094e+00
4.576499938964843750e+00
4.576499938964843750e+00
4.861299991607666016e+00
4.720399856567382812e+00
4.450799942016601562e+00
4.541399955749511719e+00
4.632300376892089844e+00
4.444399833679199219e+00
4.675100326538085938e+00
4.280600070953369141e+00
4.414600372314453125e+00
4.298799991607666016e+00
4.298799991607666016e+00
4.270800113677978516e+00
4.164800167083740234e+00
4.090099811553955078e+00
4.049900054931640625e+00
4.244400024414062500e+00
4.340799808502197266e+00
4.165500164031982422e+00
4.037799835205078125e+00
4.076699733734130859e+00
4.084400177001953125e+00
4.084400177001953125e+00
4.069999694824218750e+00
4.232800006866455078e+00
4.204999923706054688e+00
4.081900119781494141e+00
3.929199934005737305e+00
3.851999998092651367e+00
3.693599939346313477e+00
3.811599969863891602e+00
3.700400114059448242e+00
3.893599987030029297e+00
3.893599987030029297e+00
3.993000030517578125e+00
4.132699966430664062e+00
4.408100128173828125e+00
4.013000011444091797e+00
3.857800006866455078e+00
3.999700069427490234e+00
4.258100032806396484e+00
4.180900096893310547e+00
4.451000213623046875e+00
4.371799945831298828e+00
4.371799945831298828e+00
4.381899833679199219e+00
4.442399978637695312e+00
4.486599922180175781e+00
4.762499809265136719e+00
4.816299915313720703e+00
4.672900199890136719e+00
4.717899799346923828e+00
4.775199890136718750e+00
4.685299873352050781e+00
4.615099906921386719e+00
4.615099906921386719e+00
4.447000026702880859e+00
4.473999977111816406e+00
4.510600090026855469e+00
4.483200073242187500e+00
4.767800331115722656e+00
4.856499671936035156e+00
4.648300170898437500e+00
4.568099975585937500e+00
4.698699951171875000e+00
4.610700130462646484e+00
4.610700130462646484e+00
4.835899829864501953e+00
5.090700149536132812e+00
4.959099769592285156e+00
4.910699844360351562e+00
4.609799861907958984e+00
4.720200061798095703e+00
4.558100223541259766e+00
4.480199813842773438e+00
4.421400070190429688e+00
4.495100021362304688e+00
4.495100021362304688e+00
4.496900081634521484e+00
4.636000156402587891e+00
4.563399791717529297e+00
4.385799884796142578e+00
4.089099884033203125e+00
4.125100135803222656e+00
4.133200168609619141e+00
4.239500045776367188e+00
4.445700168609619141e+00
4.409800052642822266e+00
4.409800052642822266e+00
4.679699897766113281e+00
4.756500244140625000e+00
4.670700073242187500e+00
4.826099872589111328e+00
4.711099624633789062e+00
4.928999900817871094e+00
4.960499763488769531e+00
4.752699851989746094e+00
4.573299884796142578e+00
4.601500034332275391e+00
4.601500034332275391e+00
4.677899837493896484e+00
4.638800144195556641e+00
4.690999984741210938e+00
4.703999996185302734e+00
4.566699981689453125e+00
4.578400135040283203e+00
4.301400184631347656e+00
4.501500129699707031e+00
4.567399978637695312e+00
4.555799961090087891e+00
4.555799961090087891e+00
4.444099903106689453e+00
4.318599700927734375e+00
4.326600074768066406e+00
4.372600078582763672e+00
4.520800113677978516e+00
4.321700096130371094e+00
4.264699935913085938e+00
4.141300201416015625e+00
4.238500118255615234e+00
4.404900074005126953e+00
4.404900074005126953e+00
4.288499832153320312e+00
4.036499977111816406e+00
4.034699916839599609e+00
4.047699928283691406e+00
4.246099948883056641e+00
4.168799877166748047e+00
4.055000305175781250e+00
4.072799682617187500e+00
3.753000020980834961e+00
3.908400058746337891e+00
3.908400058746337891e+00
4.007800102233886719e+00
3.832099914550781250e+00
3.836600065231323242e+00
4.020400047302246094e+00
4.291100025177001953e+00
4.641400337219238281e+00
4.734800338745117188e+00
4.324100017547607422e+00
4.348299980163574219e+00
4.380199909210205078e+00
4.380199909210205078e+00
4.630499839782714844e+00
4.633900165557861328e+00
4.450600147247314453e+00
4.303899765014648438e+00
4.373000144958496094e+00
4.461899757385253906e+00
4.377799987792968750e+00
4.550399780273437500e+00
4.519800186157226562e+00
4.441899776458740234e+00
4.441899776458740234e+00
4.562699794769287109e+00
4.459400177001953125e+00
4.542399883270263672e+00
4.708099842071533203e+00
4.600599765777587891e+00
4.607200145721435547e+00
4.656099796295166016e+00
4.863200187683105469e+00
4.665100097656250000e+00
4.855899810791015625e+00
4.855899810791015625e+00
5.112099647521972656e+00
5.044199943542480469e+00
5.013099670410156250e+00
4.751299858093261719e+00
4.569399833679199219e+00
4.560199737548828125e+00
4.816100120544433594e+00
4.671400070190429688e+00
4.632499694824218750e+00
4.760299682617187500e+00
4.760299682617187500e+00
4.715499877929687500e+00
4.738100051879882812e+00
4.597100257873535156e+00
4.620599746704101562e+00
4.517499923706054688e+00
4.329299926757812500e+00
4.252900123596191406e+00
4.054699897766113281e+00
4.004400253295898438e+00
3.898400068283081055e+00
3.898400068283081055e+00
3.905800104141235352e+00
3.735699892044067383e+00
4.135000228881835938e+00
3.943799972534179688e+00
4.247400283813476562e+00
3.924900054931640625e+00
3.843600034713745117e+00
4.051500320434570312e+00
4.068500041961669922e+00
4.305500030517578125e+00
4.305500030517578125e+00
4.324500083923339844e+00
4.042399883270263672e+00
3.846899986267089844e+00
3.606999874114990234e+00
3.683799982070922852e+00
3.820800065994262695e+00
3.822900056838989258e+00
3.816900014877319336e+00
3.562200069427490234e+00
3.886199951171875000e+00
3.886199951171875000e+00
3.605499982833862305e+00
3.892700195312500000e+00
4.164599895477294922e+00
4.203899860382080078e+00
4.088200092315673828e+00
4.224899768829345703e+00
4.514599800109863281e+00
4.457799911499023438e+00
4.376299858093261719e+00
4.538000106811523438e+00
4.538000106811523438e+00
4.497300148010253906e+00
4.482500076293945312e+00
4.546199798583984375e+00
4.836400032043457031e+00
4.782199859619140625e+00
4.829699993133544922e+00
4.732500076293945312e+00
4.736800193786621094e+00
4.909699916839599609e+00
4.783800125122070312e+00
4.783800125122070312e+00
4.845299720764160156e+00
5.061800003051757812e+00
5.205300331115722656e+00
5.150599956512451172e+00
4.991800308227539062e+00
5.101900100708007812e+00
5.166899681091308594e+00
5.123199939727783203e+00
5.276400089263916016e+00
5.234200000762939453e+00
5.234200000762939453e+00
5.143400192260742188e+00
5.000499725341796875e+00
4.879400253295898438e+00
4.792500019073486328e+00
5.008199691772460938e+00
4.900300025939941406e+00
4.951600074768066406e+00
4.809999942779541016e+00
4.914500236511230469e+00
4.955599784851074219e+00
4.955599784851074219e+00
4.867000102996826172e+00
4.910299777984619141e+00
5.176700115203857422e+00
5.483999729156494141e+00
5.324599742889404297e+00
5.327199935913085938e+00
5.347700119018554688e+00
5.076300144195556641e+00
4.980199813842773438e+00
5.080999851226806641e+00
5.080999851226806641e+00
5.112299919128417969e+00
5.124100208282470703e+00
4.816900253295898438e+00
4.881599903106689453e+00
4.852099895477294922e+00
4.932300090789794922e+00
4.984300136566162109e+00
5.045199871063232422e+00
4.790599822998046875e+00
4.757400035858154297e+00
4.757400035858154297e+00
5.024700164794921875e+00
5.344699859619140625e+00
5.348100185394287109e+00
5.207799911499023438e+00
5.208199977874755859e+00
5.122399806976318359e+00
5.333400249481201172e+00
5.588900089263916016e+00
5.451900005340576172e+00
5.309199810028076172e+00
5.309200286865234375e+00
5.226300239562988281e+00
5.074700355529785156e+00
5.210900306701660156e+00
5.313300132751464844e+00
5.218899726867675781e+00
5.056600093841552734e+00
4.960800170898437500e+00
4.748300075531005859e+00
4.741600036621093750e+00
4.975899696350097656e+00
4.975900173187255859e+00
5.043000221252441406e+00
5.233200073242187500e+00
5.379899978637695312e+00
5.418499946594238281e+00
5.566299915313720703e+00
5.229700088500976562e+00
5.336899757385253906e+00
5.381299972534179688e+00
5.402999877929687500e+00
5.478399753570556641e+00
5.478399753570556641e+00
5.350800037384033203e+00
5.428299903869628906e+00
5.196000099182128906e+00
4.983399868011474609e+00
4.830100059509277344e+00
4.897699832916259766e+00
4.559100151062011719e+00
4.723899841308593750e+00
4.674200057983398438e+00
4.237199783325195312e+00
4.237199783325195312e+00
4.655700206756591797e+00
4.648700237274169922e+00
4.692500114440917969e+00
4.994800090789794922e+00
4.780000209808349609e+00
4.569000244140625000e+00
4.591100215911865234e+00
4.684000015258789062e+00
4.584899902343750000e+00
4.538499832153320312e+00
4.538499832153320312e+00
4.736299991607666016e+00
4.709199905395507812e+00
4.607600212097167969e+00
4.593599796295166016e+00
4.586800098419189453e+00
4.659500122070312500e+00
4.622000217437744141e+00
4.558899879455566406e+00
4.633800029754638672e+00
4.806799888610839844e+00
4.806799888610839844e+00
4.873399734497070312e+00
4.812600135803222656e+00
4.812500000000000000e+00
4.824500083923339844e+00
5.047599792480468750e+00
4.586599826812744141e+00
4.842000007629394531e+00
4.725800037384033203e+00
4.861199855804443359e+00
5.077199935913085938e+00
5.077199935913085938e+00
5.100999832153320312e+00
4.873800277709960938e+00
4.861100196838378906e+00
5.126200199127197266e+00
5.048500061035156250e+00
4.886899948120117188e+00
4.465499877929687500e+00
4.477900028228759766e+00
4.153399944305419922e+00
4.204299926757812500e+00
4.204299926757812500e+00
4.260799884796142578e+00
4.083000183105468750e+00
4.117500305175781250e+00
4.050899982452392578e+00
4.200500011444091797e+00
4.428600311279296875e+00
4.376800060272216797e+00
4.559100151062011719e+00
4.465899944305419922e+00
4.475399971008300781e+00
4.475399971008300781e+00
4.646599769592285156e+00
4.382699966430664062e+00
4.205299854278564453e+00
4.246999740600585938e+00
4.512300014495849609e+00
4.593699932098388672e+00
4.944399833679199219e+00
4.952300071716308594e+00
4.694600105285644531e+00
4.802100181579589844e+00
4.802100181579589844e+00
4.789199829101562500e+00
4.633500099182128906e+00
4.654500007629394531e+00
4.726900100708007812e+00
4.870800018310546875e+00
4.745399951934814453e+00
4.745200157165527344e+00
4.537699699401855469e+00
4.488900184631347656e+00
4.700799942016601562e+00
4.700799942016601562e+00
4.521200180053710938e+00
4.584500312805175781e+00
4.626699924468994141e+00
4.710100173950195312e+00
5.090800285339355469e+00
5.292399883270263672e+00
5.069999694824218750e+00
5.156599998474121094e+00
4.993000030517578125e+00
5.278699874877929688e+00
5.278699874877929688e+00
5.139999866485595703e+00
5.052599906921386719e+00
5.046400070190429688e+00
5.018499851226806641e+00
4.786499977111816406e+00
4.864900112152099609e+00
4.751800060272216797e+00
4.741799831390380859e+00
4.765300273895263672e+00
5.028600215911865234e+00
5.028599739074707031e+00
5.173999786376953125e+00
5.443999767303466797e+00
5.232200145721435547e+00
5.512499809265136719e+00
5.264899730682373047e+00
5.232599735260009766e+00
5.201600074768066406e+00
4.918200016021728516e+00
5.013000011444091797e+00
5.006299972534179688e+00
5.006299972534179688e+00
5.076200008392333984e+00
4.947599887847900391e+00
5.361800193786621094e+00
5.396299839019775391e+00
5.495500087738037109e+00
5.719399929046630859e+00
5.741300106048583984e+00
5.871200084686279297e+00
5.725300312042236328e+00
5.691400051116943359e+00
5.691400051116943359e+00
5.706799983978271484e+00
5.461699962615966797e+00
5.335000038146972656e+00
5.440899848937988281e+00
5.589799880981445312e+00
5.223599910736083984e+00
5.123100280761718750e+00
5.240499973297119141e+00
5.340899944305419922e+00
5.407500267028808594e+00
5.407500267028808594e+00
5.198400020599365234e+00
5.045800209045410156e+00
4.878200054168701172e+00
5.092399597167968750e+00
5.211699962615966797e+00
5.398400306701660156e+00
5.573800086975097656e+00
5.856900215148925781e+00
5.727299690246582031e+00
5.719499588012695312e+00
5.719500064849853516e+00
5.723000049591064453e+00
5.683000087738037109e+00
5.649099826812744141e+00
5.722700119018554688e+00
5.487800121307373047e+00
5.393899917602539062e+00
5.598199844360351562e+00
5.599400043487548828e+00
5.470600128173828125e+00
5.392499923706054688e+00
5.392499923706054688e+00
5.479900360107421875e+00
5.866900444030761719e+00
5.941499710083007812e+00
6.008899688720703125e+00
5.981599807739257812e+00
5.991499900817871094e+00
5.871899604797363281e+00
5.515700340270996094e+00
5.369199752807617188e+00
5.300000190734863281e+00
5.300000190734863281e+00
5.359099864959716797e+00
5.429599761962890625e+00
5.738399505615234375e+00
5.549900054931640625e+00
5.432000160217285156e+00
5.492699623107910156e+00
5.480600357055664062e+00
5.437399864196777344e+00
5.582099914550781250e+00
5.624899864196777344e+00
5.624899864196777344e+00
5.695300102233886719e+00
5.669800281524658203e+00
5.782899856567382812e+00
5.787499904632568359e+00
5.549900054931640625e+00
5.783200263977050781e+00
5.701900005340576172e+00
5.693500041961669922e+00
5.688400268554687500e+00
5.682499885559082031e+00
5.682500362396240234e+00
5.709000110626220703e+00
5.883399963378906250e+00
5.858700275421142578e+00
5.692900180816650391e+00
5.756200313568115234e+00
5.998899936676025391e+00
5.807600021362304688e+00
5.709500312805175781e+00
5.798300266265869141e+00
5.876900196075439453e+00
5.876900196075439453e+00
5.689199924468994141e+00
5.875500202178955078e+00
5.779500007629394531e+00
5.760300159454345703e+00
5.655000209808349609e+00
5.706200122833251953e+00
5.532400131225585938e+00
5.504300117492675781e+00
5.575200080871582031e+00
5.463600158691406250e+00
5.463600158691406250e+00
5.506400108337402344e+00
5.617200374603271484e+00
5.899899959564208984e+00
5.741899967193603516e+00
5.765100002288818359e+00
5.771800041198730469e+00
5.724600315093994141e+00
6.043100357055664062e+00
6.274800300598144531e+00
6.391499996185302734e+00
6.391499996185302734e+00
6.104399681091308594e+00
5.971799850463867188e+00
5.898499965667724609e+00
5.533299922943115234e+00
5.455599784851074219e+00
5.611499786376953125e+00
5.548299789428710938e+00
5.640100002288818359e+00
5.550199985504150391e+00
5.829199790954589844e+00
5.829200267791748047e+00
5.815900325775146484e+00
5.949300289154052734e+00
6.280400276184082031e+00
6.246500015258789062e+00
6.395999908447265625e+00
6.238200187683105469e+00
6.359100341796875000e+00
6.367200374603271484e+00
6.354100227355957031e+00
6.436200141906738281e+00
6.436200141906738281e+00
6.547200202941894531e+00
6.684000015258789062e+00
6.451000213623046875e+00
6.256800174713134766e+00
6.276400089263916016e+00
5.787300109863281250e+00
5.727700233459472656e+00
6.051599979400634766e+00
6.010600090026855469e+00
5.698900222778320312e+00
5.698900222778320312e+00
5.585100173950195312e+00
6.111899852752685547e+00
6.154700279235839844e+00
6.178699970245361328e+00
6.444200038909912109e+00
6.397399902343750000e+00
6.459800243377685547e+00
6.350300312042236328e+00
6.410500049591064453e+00
6.144899845123291016e+00
6.144899845123291016e+00
6.007099628448486328e+00
5.903199672698974609e+00
6.160899639129638672e+00
6.360499858856201172e+00
6.190499782562255859e+00
6.307299613952636719e+00
6.411900043487548828e+00
6.299200057983398438e+00
6.256499767303466797e+00
6.322399616241455078e+00
6.322400093078613281e+00
6.332999706268310547e+00
6.085099697113037109e+00
5.799200057983398438e+00
5.784899711608886719e+00
5.976999759674072266e+00
6.022500038146972656e+00
5.875699996948242188e+00
5.745199680328369141e+00
5.770199775695800781e+00
5.908400058746337891e+00
5.908400058746337891e+00
5.826499938964843750e+00
5.674099922180175781e+00
5.715400218963623047e+00
5.825200080871582031e+00
5.914999961853027344e+00
6.027200222015380859e+00
6.198400020599365234e+00
5.903800010681152344e+00
5.938000202178955078e+00
6.081500053405761719e+00
6.081500053405761719e+00
5.922300338745117188e+00
5.769000053405761719e+00
6.073900222778320312e+00
6.410400390625000000e+00
6.363300323486328125e+00
6.408800125122070312e+00
6.411700248718261719e+00
6.557600021362304688e+00
6.608400344848632812e+00
6.725799560546875000e+00
6.725800037384033203e+00
6.861899852752685547e+00
6.648999691009521484e+00
6.768799781799316406e+00
6.735499858856201172e+00
6.948499679565429688e+00
7.101200103759765625e+00
6.854799747467041016e+00
6.797100067138671875e+00
6.697400093078613281e+00
6.667299747467041016e+00
6.667300224304199219e+00
6.829500198364257812e+00
6.634699821472167969e+00
6.580699920654296875e+00
6.661000251770019531e+00
6.817000389099121094e+00
6.943599700927734375e+00
6.982500076293945312e+00
7.011300086975097656e+00
6.909199714660644531e+00
7.143300056457519531e+00
7.143300056457519531e+00
7.279800415039062500e+00
7.246199607849121094e+00
7.265700340270996094e+00
7.250900268554687500e+00
6.988399505615234375e+00
6.967200279235839844e+00
6.935500144958496094e+00
7.118900299072265625e+00
7.203399658203125000e+00
6.944899559020996094e+00
6.944900512695312500e+00
7.001099586486816406e+00
7.149299621582031250e+00
7.157999992370605469e+00
6.964500427246093750e+00
6.875399589538574219e+00
6.783800125122070312e+00
7.149700164794921875e+00
7.134300231933593750e+00
7.196000099182128906e+00
7.210900306701660156e+00
7.210900306701660156e+00
7.130999565124511719e+00
7.506299972534179688e+00
7.563599586486816406e+00
7.718000411987304688e+00
7.718600273132324219e+00
7.612099647521972656e+00
7.564900398254394531e+00
7.461999893188476562e+00
7.372099876403808594e+00
7.350299835205078125e+00
7.350299835205078125e+00
7.241399765014648438e+00
7.141300201416015625e+00
7.187199592590332031e+00
6.916899681091308594e+00
6.814800262451171875e+00
6.745900154113769531e+00
6.900699615478515625e+00
6.730099678039550781e+00
6.696000099182128906e+00
6.562199592590332031e+00
6.562199592590332031e+00
6.721699714660644531e+00
6.534700393676757812e+00
6.694700241088867188e+00
6.887100219726562500e+00
6.888899803161621094e+00
6.930800437927246094e+00
7.029100418090820312e+00
6.839900016784667969e+00
6.930199623107910156e+00
6.953399658203125000e+00
