# Trace of trajectory ending in n_iter:seg_id 236:8 (endpoint type SEG_ENDPOINT_RECYCLED)
# column  0: iteration (0 => initial state)
# column  1: seg_id (or initial state ID)
# column  2: weight
# column  3: wallclock time (s)
# column  4: CPU time (s)
# column  5: final progress coordinate value
     0         0    0.00000000000000000e+00             0             0           40.4423
     1         1    1.00000000000000006e-01       35.0265       22.7407           38.1889
     2        31    3.33333333333333329e-02       32.1963         22.45           38.3344
     3        67    1.11111111111111115e-02       32.4635       22.4322           37.9578
     4        66    1.11111111111111115e-02       31.6206       22.6879           35.5622
     5        44    7.40740740740740769e-03       32.3777       22.6225           35.0764
     6        25    1.85185185185185192e-03       32.1804       22.6482            37.843
     7        69    8.79629629629629511e-03       31.6534       22.3436           35.6457
     8        29    2.19907407407407378e-03        31.538       22.7353           37.3986
     9        72    9.08745659722222203e-03       31.8149       22.8839           36.6387
    10        61    9.08745659722222203e-03       31.6492       22.3965           36.5251
    11        69    9.08745659722222203e-03        31.815       22.5888           36.1811
    12        65    9.08745659722222203e-03       31.5163       22.3545           36.7351
    13        65    1.93733121141975301e-02       31.4719        22.634           36.0154
    14        69    1.93733121141975301e-02       31.5459       22.7374           35.5787
    15        56    9.68665605709876504e-03       31.7612       22.8295           37.3479
    16        76    1.85951608507539806e-02       31.4038        22.397           34.9591
    17        52    6.19838695025132658e-03       32.3194       22.8343            36.033
    18        65    6.19838695025132658e-03        31.406       22.7138           35.7016
    19        59    1.11152937485787390e-02       31.3311        22.199           32.2226
    20        17    2.77882343714468474e-03       31.2194       22.3874           37.8925
    21        87    2.77882343714468474e-03       31.2307       22.3104           34.5272
    22        50    2.77882343714468474e-03       31.5723       22.3627           36.2727
    23        73    1.58156263385828000e-02       31.4216       22.2012           32.1922
    24        24    3.95404723675390340e-03       31.2561       22.5622           32.3249
    25        39    3.95404723675390340e-03       31.5572       22.1901           32.4532
    26        28    9.88525216315778088e-04       31.7617       22.3287           32.1332
    27        21    9.88525216315778088e-04       32.3239        22.802           32.1215
    28        24    3.29508405438592696e-04       31.7482       22.8626           32.8052
    29        35    1.71618123220477288e-04       31.9464       22.8646           31.3735
    30        23    5.72060410734924271e-05       32.5423        22.911           29.6429
    31        10    1.43015102683731068e-05       32.5698       22.7406           30.5148
    32        18    7.15075513418655338e-06       31.8582       22.3925           29.3448
    33         8    2.38358504472885099e-06       32.3979       22.2478           30.1883
    34        22    7.94528348242950329e-07       32.3268       22.2955           29.2371
    35         8    7.94528348242950329e-07       31.7375       22.6899           30.6359
    36        14    2.64842782747650110e-07       32.0408       22.4811           27.8385
    37         7    6.62106956869125274e-08       32.4732       21.9881           27.3799
    38         9    1.65526739217281318e-08       32.4528        22.022           28.6208
    39        18    8.27633696086406592e-09        32.461        22.411            28.036
    40        24    2.06908424021601648e-09       32.5719       22.0769             25.12
    41        23    3.10362636032402472e-09       32.4453       22.1887           25.8617
    42        27    1.03454212010800824e-09       32.3122       22.6058           24.4136
    43        20    1.03454212010800824e-09        31.876       22.4026           24.5023
    44        14    5.17271060054004120e-10       32.4245       22.1266            28.676
    45        46    8.40565472587756695e-10       32.1632       22.4878           28.0097
    46        46    8.48647832901100471e-10       31.9258       22.4673           24.7694
    47        25    2.92985561358713236e-10       31.8657       22.8607           27.3611
    48        37    2.92985561358713236e-10       32.4415       22.6472           28.5618
    49        49    9.76618537862377495e-11       32.3419       22.7946           28.5347
    50        50    9.76618537862377495e-11       31.2699       22.0256           26.2342
    51        28    9.76618537862377495e-11       32.5828       22.5054            28.529
    52        45    9.76618537862377495e-11       31.4656        22.609           26.6178
    53        37    9.76618537862377495e-11        31.505         22.28           25.1868
    54        31    9.76618537862377495e-11        32.514        22.286           29.6984
    55        53    1.44448804141780680e-10       32.2324        22.407           25.5125
    56        32    4.81496013805935600e-11         31.59       22.3227           23.8445
    57        28    1.77136837770169255e-11       31.7444       22.6016           26.7462
    58        47    4.42842094425423137e-12       31.9327       22.4764           26.5968
    59        46    1.47614031475141053e-12       32.2885       22.2456           24.6432
    60        33    1.47614031475141053e-12       32.0042       22.8394           27.9238
    61        51    3.79372326754510911e-11        31.678        22.664            25.985
    62        42    3.79372326754510911e-11       32.2343       22.5909           26.7056
    63        42    3.79372326754510911e-11       32.0199       22.6827           25.0068
    64        35    1.26457442251503637e-11       32.4152       22.6704           28.8279
    65        51    1.26457442251503637e-11       31.7224       22.4398           27.3511
    66        45    1.26457442251503637e-11        31.456       22.7203           26.6934
    67        36    1.26457442251503637e-11       32.0001       22.4084           25.2087
    68        37    4.21524807505012151e-12       32.4437        21.993           27.8212
    69        45    3.34974506443356424e-11       32.6195       22.7154            29.069
    70        58    3.34974506443356424e-11       31.7579       22.4352           28.1811
    71        52    1.11658168814452136e-11       32.2775       22.5465           28.7925
    72        51    1.11658168814452136e-11       31.6583       22.5744           28.9561
    73        58    3.72193896048173787e-12       32.1683       22.2873           29.7625
    74        62    1.20682811367272229e-11       33.4428       21.3577           22.9966
    75        35    4.02276037890907456e-12       31.6737       22.8207           26.3211
    76        49    7.34428782622048072e-12       31.9706       22.4028           26.0576
    77        53    7.34428782622048072e-12       31.9801       22.4363           25.6437
    78        41    7.34428782622048072e-12       31.5586       22.5167             25.24
    79        45    7.34428782622048072e-12       31.5917       22.8802           22.8473
    80        39    4.89619188414698688e-12       31.9128       22.7677           23.9582
    81        42    1.22404797103674672e-12       32.5449        22.342           22.4393
    82        31    1.22404797103674672e-12       32.3816        22.707           25.5395
    83        48    1.87460677620657417e-12        31.335       22.3164            24.755
    84        45    1.87460677620657417e-12        31.742        22.707           26.4686
    85        55    3.85348221763260554e-12       31.5621       22.8156            23.331
    86        42    2.56898814508840356e-12       31.7148       22.8752           22.4518
    87        47    2.56898814508840356e-12       31.7967       22.2798           21.9972
    88        37    1.28449407254420178e-12       31.4606       22.4891           22.6698
    89        36    1.28449407254420178e-12       31.1389       21.8631           20.8629
    90        38    4.28164690848067243e-13       31.5047       22.1213           22.7576
    91        51    2.14082345424033621e-13       31.2935       22.0547           24.7979
    92        57    2.14082345424033621e-13       31.0877       22.0049           24.9376
    93        66    4.76331555794890458e-13       31.4204       22.6268           22.7588
    94        52    2.38165777897445229e-13       32.3477       21.6163            23.472
    95        55    4.06511804844841661e-13       31.9213       22.2501           21.6503
    96        40    4.06511804844841661e-13       31.2656       22.4384           21.8384
    97        44    2.03255902422420830e-13       32.8353       21.1716           25.1474
    98        63    4.06705666978234981e-13       31.7824       22.5767           21.8327
    99        51    4.06705666978234981e-13       31.8419        22.575            25.503
   100        66    4.06705666978234981e-13       31.9164       22.9573           23.6232
   101        53    4.06705666978234981e-13       32.2364       21.1632           24.9315
   102        64    4.06705666978234981e-13        31.727       22.7052           25.6882
   103        68    2.03352833489117491e-13       32.0157       22.0224           25.6397
   104        71    3.68324641034086496e-13       31.8839       22.8605           24.2127
   105        62    3.68324641034086496e-13       31.9832        22.344           21.4399
   106        47    3.68324641034086496e-13       31.4899        22.583           22.4826
   107        47    3.68324641034086496e-13        31.734       22.5054           23.8423
   108        56    3.68324641034086496e-13       31.5629       22.7231           19.9776
   109        43    1.47361001107251464e-13        32.602        22.853            16.676
   110       120    3.68402502768128660e-14       31.5181       22.8308            16.566
   111        34    1.84201251384064330e-14       32.2179       22.1651           17.3265
   112       117    4.60503128460160826e-15        31.313       22.6415           16.7151
   113        34    1.15125783530003623e-15       32.2578       22.0085           17.7465
   114        38    5.82024801382888966e-15       32.0272       21.9784           13.8106
   115        26    1.45506200345722242e-15       31.6078       22.5748           12.7487
   116        20    3.63765500864305604e-16       32.3664       21.1156           12.1103
   117        17    9.09413827693783998e-17       31.7563       22.7417           14.7941
   118        30    3.03137947188127064e-17       32.0895       21.9924           11.6334
   119        11    1.01046022458260694e-17       32.2125       22.0304           13.1978
   120        19    1.01046022458260694e-17       32.2631       21.6736           10.5324
   121         9    5.05230112291303468e-18       31.6025       22.3307           15.3696
   122        28    4.47034386364307412e-17       32.1624       22.4438           12.7681
   123        13    1.11758596591076853e-17       32.0195       21.4952           12.6461
   124        18    1.11758596591076853e-17       32.7094       22.3776           10.9269
   125         9    2.79396491477692133e-18       32.9054       21.8218            9.3387
   126         5    7.28094540939046868e-19        32.673         22.56            9.0669
   127        11    1.82023635234761717e-19       32.7213       22.1828           11.7319
   128        13    3.64047270469523434e-19       32.7846       22.7789           10.0335
   129         4    3.64047270469523434e-19       32.9576       22.1261           14.5283
   130        26    3.64047270469523434e-19       31.9861       22.6922           11.6171
   131        12    1.72009196072655021e-19       32.3877       21.5172           10.8085
   132        17    4.30022990181637552e-20       31.9304       22.6416           14.1527
   133        30    1.21264113995228179e-19       32.3209       22.5986            11.971
   134        16    4.04213713317427264e-20       32.5547       22.9368            13.827
   135        25    4.16854243542063472e-20       32.8314       22.6536           14.3681
   136        28    1.04213560885515868e-20       32.5888        22.943           15.0095
   137        26    1.04213560885515868e-20       32.5035       22.2955           15.8155
   138        30    1.04213560885515868e-20       32.3674       21.9738            8.9255
   139         4    2.60533902213789670e-21       32.7624       21.4243            8.1637
   140         4    8.29003694983754868e-21       33.2766       22.2887           12.2229
   141        20    2.76334564994584969e-21       32.0255       23.1545           11.8987
   142        13    2.76334564994584969e-21       32.9905       21.7427           12.3584
   143        20    4.45349831428828166e-21       32.5364       22.9478           10.8675
   144        12    1.48449943809609395e-21       32.4133       22.6675            8.5176
   145         6    1.48449943809609395e-21       33.0217       21.4377           13.1341
   146        24    1.48449943809609395e-21       32.4182       22.7999            9.2568
   147        10    1.48449943809609395e-21       32.7296       22.8215           11.0525
   148        13    1.48449943809609395e-21       32.6067       22.7703           11.9988
   149        21    1.48449943809609395e-21       32.6196       22.5418            9.6106
   150        10    7.42249719048046975e-22       32.7368       21.2005           12.1296
   151        23    1.85562429762011744e-22       32.1037         21.72            8.5494
   152         9    4.63906074405029359e-23        32.693       21.4722             7.199
   153         8    1.10657325470290719e-22       32.7122       21.7064            7.0572
   154        11    2.76643313675726799e-23       31.8976       22.8221            6.2994
   155        13    6.91608284189316996e-24       32.5152       22.3998            10.225
   156        20    1.25323796311739644e-22        32.431       21.0591           14.5737
   157        36    1.25323796311739644e-22        31.476         22.15            7.6503
   158        13    1.25323796311739644e-22       31.7059       22.3991            8.6447
   159        11    1.25323796311739644e-22       32.5166       21.9412            8.9264
   160         8    6.26618981558698219e-23       32.0471       22.0692           10.7832
   161        17    3.13285284724496536e-22       31.6142       22.6304           12.3541
   162        22    3.13285284724496536e-22       32.0611       22.5248          8.760599
   163        11    1.51699565808456013e-22       31.9602       22.6151            9.4332
   164        12    1.51699565808456013e-22       32.4176       21.0386          8.316999
   165         7    1.51699565808456013e-22       32.5636       22.2927           11.8641
   166        17    1.51699565808456013e-22       31.9662       22.7662           14.9408
   167        20    3.79248914521140033e-23       32.1978       22.3725           10.2285
   168        15    6.23181064081448253e-23       32.2823       22.2853            9.5069
   169         7    1.13198936926131497e-22       32.4667       22.4591            9.0132
   170         8    1.13198936926131497e-22       32.1708       22.8268           13.0406
   171        19    3.77329789753771676e-23       32.8024       22.3047            8.8946
   172         8    3.77329789753771676e-23       32.7893        22.005            9.6667
   173        14    3.77329789753771676e-23       32.4188       21.7612           13.2999
   174        26    3.77329789753771676e-23       32.7026       22.6747           10.1919
   175        13    3.77329789753771676e-23        32.607       22.4497           10.2777
   176        10    3.77329789753771676e-23       32.7423       22.3631            7.6893
   177        11    9.43324474384429189e-24       32.7998        22.149            7.0518
   178         5    3.14441491461476396e-24       32.7733       22.0164            8.9405
   179        14    7.09240303331734577e-24       32.1075       22.1768            8.5709
   180        17    7.09240303331734577e-24       32.1343       22.4825             9.105
   181        14    7.09240303331734577e-24        32.277       21.8957             9.547
   182        17    7.09240303331734577e-24       32.7714       21.8672           11.1732
   183        21    7.09240303331734577e-24       32.0956        22.267           10.1032
   184        20    7.09240303331734577e-24       32.0529       22.3801           13.6076
   185        29    1.40281118594955086e-23        32.497       22.2206           10.0975
   186        17    1.40281118594955086e-23       31.6237       22.3735           10.2483
   187        18    1.40281118594955086e-23       32.7641       22.1512          8.026899
   188         5    7.06968900167815183e-24       148.928       22.1241          8.641701
   189         9    1.76742225041953796e-24       32.5636       21.1587           11.3262
   190        23    2.24846597208297359e-24       32.6372       22.0193           11.9149
   191        21    5.57055752351298102e-24       32.1149       22.2695            15.876
   192        36    5.57055752351298102e-24       33.6312         21.72             9.625
   193        16    5.57055752351298102e-24       31.9848       22.2012           11.6054
   194        21    2.78527876175649051e-24       32.2988       22.0177            7.9375
   195        13    9.28426253918830170e-25       32.2486       21.8285           10.6125
   196        23    1.92684796323053836e-24       31.8256       21.1877           12.3516
   197        29    1.92684796323053836e-24        31.675       22.0639           13.2714
   198        30    1.92684796323053836e-24       31.9384       21.7399           11.3404
   199        24    3.81803834144797599e-24       31.4606       22.2977            11.343
   200        17    2.54535889429865054e-24       32.0358       22.3395            7.7241
   201         4    2.54535889429865054e-24       32.2855       21.3063            8.8384
   202         8    2.97433122777223481e-24       32.3815       22.6145           10.8771
   203        20    2.97433122777223481e-24       32.5159       22.4118           11.3244
   204        28    2.97433122777223481e-24       33.7706       20.7754             7.157
   205        12    7.43582806943058702e-25       32.4133       22.2987            9.0988
   206        16    1.94003645190634948e-24       31.3094       22.3394           10.4274
   207        22    3.45461651415516864e-24       32.5103       21.8697           10.4583
   208        21    1.15153883805172288e-24       32.0906       22.5827            7.9304
   209        14    1.15153883805172288e-24       32.4456         22.11             5.534
   210         7    5.75769419025861440e-25       32.2379       21.7585          7.470901
   211        11    1.66634234613955279e-24       31.8416       22.1726            10.721
   212        20    1.66634234613955279e-24       32.4661       21.2928            5.8622
   213         6    5.55447448713184233e-25       32.4435       22.1122            4.3146
   214         4    2.77723724356592117e-25       32.5671       22.2813            2.8952
   215         7    2.77723724356592117e-25       32.5613       22.4655            4.3271
   216         4    2.77723724356592117e-25       32.6573       22.0411            5.6648
   217         4    2.77723724356592117e-25       32.5521       21.9778            3.1923
   218         5    6.94309310891480292e-26       32.8361       21.1964            3.0534
   219         4    6.94309310891480292e-26       32.5147       22.4836             2.417
   220         4    1.04146396633722049e-25       32.7462       21.8765             4.168
   221         9    1.04146396633722049e-25       32.5921       22.6847              2.23
   222         5    2.60365991584305124e-26       32.6689       22.0506            1.8858
   223         6    2.60365991584305124e-26       32.9646       22.5899            2.0787
   224         7    6.50914978960762809e-27       32.4569       21.5329            3.8863
   225        10    9.53391916669798669e-26        31.674       22.0913            2.5454
   226         5    3.17797305556599556e-26       31.9594       22.1816             5.626
   227        14    3.68423408492550115e-25       31.4824       22.2325            4.5021
   228         8    3.68423408492550115e-25       31.4169       22.2354            6.0051
   229         9    7.82513732043976255e-25       31.8693       21.3955            6.7791
   230        15    7.82513732043976255e-25       32.4151       21.5126            3.1934
   231         4    1.95628433010994064e-25       32.0298       21.5393            2.6731
   232         7    9.78142165054970318e-26       32.1431       21.7552            4.0802
   233         6    9.78142165054970318e-26       32.0037       21.2351            3.0508
   234         6    4.89071082527485159e-26       32.3594       21.1482             2.032
   235         5    9.78142165054970318e-26       32.8179       22.7232            3.7519
   236         8    4.88944165340969393e-25       32.6468       22.4421                -1
