#Frame       T45-T133
       1       8.1549
       2      15.6849
       3      15.6875
       4      12.2750
       5      15.4703
       6      16.1347
       7       4.1655
       8      15.3684
       9       4.6203
      10       3.9593
      11       4.1202
      12       3.8689
      13       8.9104
      14       3.5597
      15      15.5623
      16       3.6353
      17       8.8523
      18       8.7806
      19       4.9548
      20       8.7077
      21       4.3173
      22       3.7177
      23      15.9826
      24       3.6298
      25      15.7806
      26       8.2920
      27      13.1813
      28       8.6401
      29      13.8910
      30      16.5763
      31       4.0657
      32      15.5967
      33      15.0262
      34      15.7703
      35       8.3929
      36      10.0161
      37       8.2322
      38       8.1713
      39       8.7360
      40      12.6479
      41      13.2637
      42      14.8456
      43      15.7950
      44      15.9467
      45       8.6845
      46      16.1698
      47      16.2263
      48      15.6884
      49       9.6112
      50       4.0161
      51      12.5286
      52       4.3110
      53      15.3337
      54      15.8596
      55      16.3298
      56      13.7713
      57      12.3801
      58       3.5613
      59      16.4130
      60      16.4295
      61      15.4773
      62      15.9666
      63      13.5489
      64       8.6024
      65       4.8507
      66      14.5407
      67      16.0758
      68       4.2018
      69      12.7611
      70      12.7546
      71      15.8192
      72       8.9876
      73      15.0698
      74      15.8186
      75      16.1948
      76      16.5150
      77       8.0591
      78       8.9107
      79      12.3026
      80      16.1462
      81      13.1801
      82      15.9019
      83       4.3117
      84      16.3932
      85      16.1975
      86      15.4184
      87       9.3393
      88      15.9047
      89       9.8061
      90       4.1966
      91      16.5581
      92       4.4399
      93       7.8407
      94       8.6279
      95       4.5045
      96      14.0193
      97       3.6385
      98      13.7714
      99       3.8790
     100      15.0568
     101       3.8237
     102      12.4880
     103       4.1365
     104       4.4392
     105      15.8312
     106       8.6917
     107      15.9341
     108       4.4515
     109       8.5797
     110       3.8912
     111       4.1310
     112      15.4525
     113       8.2773
     114      15.0112
     115      16.1450
     116      15.9802
     117      15.7170
     118      14.4439
     119       9.5145
     120       8.1019
     121       8.8632
     122      14.0574
     123       4.2908
     124      15.2967
     125       4.1474
     126       3.9093
     127       9.5694
     128      12.6171
     129       4.2786
     130      16.3207
     131      16.3031
     132      16.0319
     133       4.0689
     134      15.6562
     135      15.4150
     136       8.8398
     137       9.0781
     138       5.3904
     139       4.0417
     140      15.3702
     141      15.4948
     142      15.7940
     143      15.7435
     144       4.0877
     145       3.7202
     146      15.3671
     147      15.6567
     148      15.9367
     149       3.8423
     150       8.6234
     151      16.3036
     152       9.0490
     153      15.7403
     154       8.8347
     155       8.6652
     156       8.7967
     157       4.0342
     158      16.4734
     159       7.7722
     160      12.5818
     161      15.8044
     162      16.4566
     163       8.4301
     164       8.9805
     165       5.8091
     166      15.2311
     167       4.4644
     168       4.4584
     169      15.7863
     170       8.9930
     171       9.2049
     172      15.4562
     173      13.3644
     174      16.1433
     175      14.8955
     176      15.1837
     177      15.3343
     178       4.0713
     179      15.8206
     180       4.1469
     181       8.4455
     182      16.5187
     183      15.4050
     184       9.4447
     185       4.7007
     186      15.7598
     187      15.9419
     188      13.9541
     189       8.1727
     190      13.2147
     191      13.2408
     192       4.4387
     193      12.8612
     194       4.7473
     195       5.3449
     196       4.0949
     197      16.8876
     198       4.1887
     199       8.7891
     200      14.0159
     201      13.0541
     202      15.9233
     203      12.9559
     204      14.8421
     205      15.9469
     206      15.9137
     207       3.7621
     208      12.7222
     209      15.4785
     210       4.0050
     211       8.7261
     212       3.9723
     213      14.0553
     214       8.1313
     215       8.6782
     216      12.6960
     217      12.7111
     218       8.5241
     219      15.4228
     220      15.1479
     221       3.7513
     222       4.1386
     223      16.2896
     224       4.0478
     225       9.1845
     226       3.7326
     227      15.6873
     228      12.7102
     229      16.9158
     230      15.8806
     231       4.3911
     232       4.8058
     233       5.3635
     234      15.7638
     235       4.3554
     236       8.7135
     237       3.8499
     238      16.1626
     239      14.3187
     240      15.9487
     241      15.3046
     242      16.0284
     243       8.9270
     244       8.4519
     245       4.1940
     246      15.8139
     247      15.6092
     248       3.9146
     249      15.2419
     250      15.4468
     251       9.5809
     252       4.8416
     253       8.9218
     254      12.9924
     255      15.2020
     256      14.6530
     257      15.5394
     258      10.4822
     259      16.4973
     260      16.6056
     261       9.5199
     262       5.2794
     263      15.6497
     264      16.3435
     265      12.5514
     266      15.1580
     267       8.5701
     268      13.3756
     269       9.1425
     270      15.7505
     271       8.0415
     272       3.9626
     273      15.6177
     274      15.6180
     275      12.8886
     276       4.1127
     277      10.0055
     278       9.2856
     279      16.0762
     280      13.4451
     281       4.4706
     282      16.1530
     283       3.6873
     284      15.4903
     285       4.1722
     286       8.0929
     287       4.4051
     288       8.3288
     289      16.6212
     290       8.7433
     291       3.7101
     292       4.2875
     293      16.3850
     294      15.7267
     295       9.1383
     296      16.2829
     297       3.8184
     298       3.8899
     299      13.4290
     300      16.0545
     301       4.4433
     302       4.4557
     303       9.5195
     304       3.4558
     305       8.3431
     306      16.4954
     307      13.5161
     308       8.9420
     309      15.6386
     310       4.7659
     311      16.3855
     312      14.2122
     313      12.5055
     314      16.1500
     315      12.8191
     316      15.5080
     317       4.0185
     318       8.9940
     319      14.1513
     320       8.4637
     321      12.7184
     322       4.7164
     323       9.2621
     324       7.8789
     325      13.1608
     326      15.8188
     327      15.0810
     328      15.7010
     329      15.8088
     330      15.8690
     331      14.2418
     332      15.5367
     333       8.7770
     334      16.3222
     335       8.0346
     336      15.9859
     337      14.8442
     338      14.8811
     339       4.0226
     340       4.3358
     341      15.5895
     342      16.1240
     343      12.9935
     344      12.9195
     345       8.2040
     346       4.3724
     347      15.3311
     348      13.0141
     349       4.4445
     350       8.2830
     351       3.9043
     352       4.4566
     353      15.1921
     354       8.8865
     355      15.3763
     356       5.2590
     357      12.8312
     358      15.3399
     359       8.1310
     360      17.1624
     361       5.1221
     362       8.4942
     363       8.5943
     364      17.5776
     365       8.4393
     366      13.3946
     367       4.3413
     368      15.4604
     369       8.3902
     370      13.5463
     371       9.7667
     372       9.0700
     373       4.0127
     374       4.6543
     375       9.0625
     376       9.8748
     377       8.5447
     378       8.9742
     379      15.5423
     380      15.1502
     381      12.9949
     382       8.7173
     383      15.8208
     384      17.4775
     385      16.0432
     386      14.7570
     387       4.3042
     388       4.3704
     389      15.8885
     390      16.3547
     391       3.9444
     392       3.6825
     393      15.9433
     394       3.8987
     395      15.7066
     396      15.4488
     397      16.5997
     398      12.6478
     399      15.9901
     400      15.8434
     401      15.3712
     402       4.7087
     403      16.4086
     404       3.9341
     405       3.6814
     406      15.4947
     407      14.8481
     408      13.3766
     409       5.0878
     410      13.5151
     411       8.6400
     412      14.1354
     413      14.4963
     414       4.0891
     415      15.8738
     416      12.9842
     417       8.6439
     418      16.0850
     419       8.2605
     420      17.2636
     421      15.7676
     422       4.2810
     423       7.9946
     424      13.0495
     425       4.2006
     426       3.5984
     427       4.1798
     428      15.7581
     429      16.0935
     430       3.6293
     431      15.5051
     432      15.7815
     433      16.5067
     434      14.9138
     435      15.3239
     436       9.4129
     437       4.9990
     438       8.1065
     439       8.9315
     440       3.8312
     441       5.0668
     442       3.6456
     443       8.7370
     444      14.7781
     445      13.2181
     446      12.3874
     447      16.1755
     448      13.0301
     449       9.7107
     450      15.9231
     451       8.9997
     452       3.9096
     453      15.1371
     454       3.7077
     455      14.0874
     456       8.2938
     457      15.6692
     458      16.0126
     459      16.0314
     460      15.4471
     461      12.5053
     462       4.2308
     463      15.9804
     464      16.1742
     465       4.4648
     466       3.7784
     467       8.1598
     468      15.6114
     469      16.5833
     470      15.8503
     471      15.0378
     472       7.9766
     473      16.7557
     474       8.2792
     475       9.1718
     476       4.7840
     477      13.2269
     478      12.6943
     479       9.3241
     480       8.2599
     481      12.7807
     482       4.0671
     483      15.7631
     484       4.4339
     485       3.8277
     486      15.6682
     487      15.9681
     488      14.2693
     489       8.8460
     490      16.8132
     491      16.2036
     492       8.7524
     493       8.3760
     494      15.5667
     495      16.2076
     496      10.1561
     497      15.4752
     498      16.0537
     499       4.2067
     500      15.5252
     501      16.6296
     502       8.0021
     503      15.6960
     504      12.2489
     505       9.7150
     506      16.6260
     507      14.0660
     508      15.9838
     509      13.7681
     510       4.4743
     511       3.8576
     512       3.7957
     513      16.5105
     514       8.9180
     515      16.3754
     516      14.5372
     517      16.9047
     518       4.2029
     519      15.7301
     520       8.4394
     521      13.6211
     522       8.7386
     523       8.5258
     524      15.7351
     525       8.7428
     526      14.9084
     527      15.3009
     528      14.0767
     529       3.9723
     530      15.3034
     531       4.6958
     532       3.8765
     533      15.0186
     534       9.5390
     535       3.6609
     536       7.7350
     537       3.7286
     538      15.4193
     539      15.9559
     540       4.1302
     541       4.6734
     542       3.7536
     543       5.6223
     544      16.2742
     545      13.5654
     546      16.0456
     547      14.8572
     548       4.5574
     549      13.2549
     550      15.7505
     551       3.8446
     552      16.4796
     553       3.5520
     554       3.5453
     555      13.4063
     556       3.8358
     557      15.7135
     558      16.8674
     559      15.8318
     560      15.6226
     561      16.3314
     562      15.8612
     563      12.9435
     564       8.8643
     565       3.9784
     566      16.6373
     567      16.1288
     568      16.5846
     569       9.6393
     570      16.0430
     571       4.4436
     572      15.6563
     573       3.9386
     574      16.0143
     575       8.2657
     576       4.4168
     577       8.9049
     578       8.4144
     579       3.6772
     580       9.7300
     581       4.0055
     582      14.5269
     583       9.7004
     584       4.5400
     585       8.5432
     586      16.2558
     587       8.9781
     588      15.5543
     589      16.4244
     590      13.4871
     591      16.0741
     592      10.0700
     593      16.1638
     594       8.2622
     595       4.5143
     596      15.5806
     597      16.5106
     598      13.5369
     599       3.8821
     600      12.8429
     601       8.1111
     602      13.1646
     603      15.6209
     604       4.6412
     605       4.5420
     606      15.8683
     607      14.9259
     608       3.9238
     609       9.7129
     610      16.4771
     611       7.7103
     612       8.5903
     613      15.3313
     614      15.2214
     615      15.5765
     616       7.7501
     617      12.9806
     618       8.6542
     619      14.3323
     620       4.4149
     621       8.2969
     622       4.2962
     623       4.2340
     624       8.6788
     625       3.8692
     626      15.9125
     627      16.2504
     628       4.0662
     629      13.5600
     630       8.0065
     631       3.8841
     632      15.0915
     633      15.4642
     634       4.2521
     635       4.0342
     636      16.9621
     637      15.1420
     638      15.9421
     639      15.9333
     640      15.9281
     641       8.1268
     642      14.4737
     643      15.6814
     644      15.7317
     645      16.3678
     646       9.0059
     647      16.6754
     648       3.9661
     649      13.3694
     650      16.8630
     651       8.9409
     652       4.1547
     653      16.2594
     654       4.2297
     655       8.9656
     656      15.8986
     657      13.5097
     658       3.8943
     659       9.4057
     660       4.4834
     661       8.2593
     662       8.4365
     663      16.0201
     664       4.0229
     665      16.0096
     666      15.1715
     667      15.6168
     668      15.5350
     669       7.8175
     670      16.4095
     671       4.0943
     672       3.5722
     673      13.5790
     674      13.5743
     675      12.9627
     676      11.0933
     677       3.6629
     678      13.8133
     679      16.4480
     680       8.2284
