#Frame         phi:41
       1     -64.6500
       2     -49.6916
       3     -53.8838
       4     -64.5767
       5     -53.8938
       6     -57.4385
       7     -60.8863
       8     -59.1840
       9     -59.1416
      10     -74.9703
      11     -69.9294
      12     -82.8997
      13     -56.9793
      14     -55.5539
      15     -58.2537
      16     -72.7641
      17     -73.8117
      18     -70.1948
      19     -60.5215
      20     -58.1414
      21     -75.4007
      22     -61.6127
      23     -77.9269
      24     -64.5641
      25     -55.0999
      26     -57.2720
      27     -79.6400
      28     -57.0101
      29     -73.8561
      30     -69.0588
      31     -70.8942
      32     -53.9055
      33     -65.8143
      34     -54.5720
      35     -78.4480
      36     -65.5536
      37     -73.0447
      38     -67.2831
      39     -75.0885
      40     -58.6297
      41     -66.1548
      42     -56.5874
      43     -83.6474
      44     -73.5112
      45     -73.7036
      46     -73.3665
      47     -81.1374
      48     -73.8315
      49     -70.4260
      50     -72.4811
      51     -60.5933
      52     -68.2985
      53     -59.7381
      54     -58.8083
      55     -62.8476
      56     -62.9479
      57     -64.8177
      58     -60.7493
      59     -58.5303
      60     -60.2201
      61     -59.9137
      62     -56.8025
      63     -60.4549
      64     -99.0276
      65     -47.0865
      66     -67.5649
      67     -55.8578
      68     -67.3040
      69     -63.4526
      70     -59.4958
      71     -56.7393
      72     -70.2643
      73     -93.3721
      74     -41.6324
      75     -66.6280
      76     -68.6131
      77     -60.1920
      78     -83.5978
      79     -49.8991
      80     -65.7630
      81     -62.6825
      82     -70.3710
      83     -67.4587
      84     -64.4519
      85     -77.3594
      86     -67.7712
      87     -68.8970
      88     -61.0412
      89     -70.2093
      90     -69.4942
      91     -54.9274
      92     -52.7320
      93     -71.9064
      94     -77.8993
      95     -66.2598
      96     -58.3990
      97     -62.3406
      98     -80.6016
      99     -64.9205
     100     -86.4689
     101     -73.2580
     102     -80.1965
     103     -59.3483
     104     -51.5380
     105     -71.7697
     106     -63.1339
     107     -72.0323
     108     -63.2621
     109     -82.1077
     110     -74.3718
     111     -59.8593
     112     -75.2258
     113     -57.2065
     114     -63.7788
     115     -72.9679
     116     -69.3850
     117     -54.3376
     118     -66.7397
     119     -83.4341
     120     -67.8793
     121     -64.1331
     122     -67.1730
     123     -65.4316
     124     -66.7883
     125     -58.8381
     126     -81.3168
     127     -54.6515
     128     -57.2968
     129     -47.6231
     130     -70.0198
     131     -54.2122
     132     -66.4748
     133     -68.5111
     134     -68.5853
     135     -67.9244
     136     -78.5685
     137     -77.8487
     138     -75.9059
     139     -64.6525
     140     -56.7366
     141     -64.5269
     142     -54.6624
     143     -71.7288
     144     -68.2998
     145     -60.3941
     146     -55.5396
     147     -51.6814
     148     -60.7541
     149     -64.3201
     150     -58.9199
     151     -67.0865
     152     -91.6976
     153     -68.5350
     154     -66.0438
     155     -54.0518
     156     -66.4758
     157     -72.9608
     158     -60.0711
     159     -66.3311
     160     -44.7451
     161     -67.9883
     162     -74.5741
     163     -61.0844
     164     -69.8706
     165     -55.8805
     166     -52.4140
     167     -55.2653
     168     -72.1770
     169     -46.3971
     170     -81.9238
     171     -66.2243
     172     -67.9607
     173     -66.3144
     174     -59.9552
     175     -62.4028
     176     -52.4320
     177     -72.4572
     178     -62.2231
     179     -54.1653
     180     -58.6729
     181     -60.6934
     182     -65.5223
     183     -66.2231
     184     -76.1791
     185     -71.5733
     186     -67.8631
     187     -43.0841
     188     -62.3869
     189     -62.6520
     190     -57.4485
     191     -64.0313
     192     -64.2461
     193     -59.9718
     194     -63.2717
     195     -64.4245
     196     -62.4995
     197     -54.6266
     198     -61.3095
     199     -59.2392
     200     -59.6118
     201     -68.2522
     202     -62.6135
     203     -60.9514
     204     -63.1960
     205     -53.8495
     206     -73.6904
     207     -76.2151
     208     -60.5720
     209     -60.8196
     210     -63.4726
     211     -68.6427
     212     -65.9739
     213     -56.0452
     214     -74.7861
     215     -51.5995
     216     -53.5117
     217     -53.4760
     218     -71.9360
     219     -63.9292
     220     -58.7130
     221     -57.5245
     222     -63.4960
     223     -73.9697
     224     -67.6274
     225     -69.1900
     226     -69.8447
     227     -63.1188
     228     -52.6034
     229     -59.5160
     230     -55.2091
     231     -41.8969
     232     -53.8803
     233    -100.7969
     234     -64.4812
     235     -59.2308
     236     -58.1210
     237     -52.7716
     238     -58.2430
     239     -63.3247
     240     -66.9844
     241     -65.0187
     242     -65.4271
     243     -61.6663
     244     -66.3997
     245     -68.6705
     246     -67.9248
     247     -64.7377
     248     -55.5163
     249     -72.0539
     250     -59.7865
     251     -62.9777
     252     -71.3998
     253     -90.8863
     254     -51.6493
     255     -67.9426
     256     -46.3164
     257     -51.2370
     258     -63.1829
     259     -61.1858
     260     -70.7026
     261     -55.6423
     262     -71.0354
     263     -48.5313
     264     -71.8417
     265     -65.3502
     266     -42.4214
     267     -65.7039
     268     -48.7404
     269     -68.8410
     270     -67.2351
     271     -71.3932
     272     -62.0101
     273     -53.5722
     274     -72.4356
     275     -56.5818
     276     -62.1991
     277     -69.4106
     278     -59.4961
     279     -68.0781
     280     -46.4451
     281     -71.5890
     282     -48.1118
     283     -46.9257
     284     -55.8839
     285     -51.0574
     286     -57.5740
     287     -56.0809
     288     -63.3726
     289     -60.0362
     290     -57.0658
     291     -47.4827
     292     -67.0016
     293     -50.1237
     294     -65.9700
     295     -65.7692
     296     -69.3855
     297     -66.6544
     298     -62.5394
     299     -67.3156
     300     -51.6228
     301     -62.2658
     302     -56.7687
     303     -64.0982
     304     -65.1901
     305     -70.7177
     306     -54.1625
     307     -60.0648
     308     -59.0094
     309     -84.1977
     310     -71.0650
     311     -68.8023
     312     -69.8964
     313     -71.2810
     314     -61.1265
     315     -83.5373
     316     -63.4134
     317     -65.0188
     318     -63.1681
     319     -60.7758
     320     -74.9406
     321     -71.2574
     322     -65.5336
     323     -64.7300
     324     -66.6908
     325     -57.5639
     326     -70.2908
     327     -63.0818
     328     -59.9947
     329     -67.8097
     330     -68.6194
     331     -66.0154
     332     -69.3890
     333     -61.2791
     334     -64.5727
     335     -57.9890
     336     -68.8191
     337     -71.1847
     338     -70.5081
     339     -70.6832
     340     -66.5348
     341     -73.9345
     342     -62.5132
     343     -66.5889
     344     -52.2024
     345     -53.0587
     346     -61.6482
     347     -63.0374
     348     -57.9216
     349     -47.4944
     350     -69.8934
     351     -59.9069
     352     -71.2432
     353     -64.4283
     354     -55.4225
     355     -57.1530
     356     -49.6833
     357     -77.1901
     358     -70.1966
     359     -53.5312
     360     -46.1720
     361     -70.7444
     362     -52.3376
     363     -50.4985
     364     -64.5076
     365     -67.2348
     366     -58.5420
     367     -48.8051
     368     -52.7672
     369     -62.3693
     370     -64.4009
     371     -60.8968
     372     -59.0627
     373     -71.2192
     374     -53.8820
     375     -62.4727
     376     -58.7081
     377     -63.4029
     378     -61.7325
     379     -55.8694
     380     -65.0160
     381     -54.3635
     382     -58.1066
     383     -55.2912
     384     -64.3085
     385     -46.5451
     386     -71.9379
     387     -47.5363
     388     -64.6085
     389     -56.4202
     390     -46.1023
     391     -48.9099
     392     -62.8104
     393     -77.9230
     394     -48.0470
     395     -72.2440
     396     -77.4903
     397     -75.1342
     398     -66.2294
     399     -57.2423
     400     -67.5524
     401     -69.7298
     402     -70.8430
     403     -63.0393
     404     -67.4150
     405     -62.2702
     406     -57.4325
     407     -61.1229
     408     -57.2710
     409     -56.2929
     410     -66.2755
     411     -54.5669
     412     -67.6356
     413     -44.2677
     414     -67.2738
     415     -62.3016
     416     -55.3991
     417     -66.5452
     418     -64.5990
     419     -44.7484
     420     -66.8109
     421     -62.2055
     422     -54.3753
     423     -62.5908
     424     -52.0866
     425     -84.9662
     426     -56.7673
     427     -53.9862
     428     -64.9342
     429     -80.2905
     430     -54.3936
     431     -69.1717
     432     -80.1396
     433     -69.2783
     434     -66.6052
     435     -61.5935
     436     -63.4401
     437     -62.9491
     438     -52.0665
     439     -58.5792
     440     -56.7751
     441     -55.4216
     442     -52.2169
     443     -53.6234
     444     -73.2988
     445     -57.8262
     446     -68.5245
     447     -41.1759
     448     -64.5737
     449     -64.7145
     450     -57.6875
     451     -67.3571
     452     -62.3848
     453     -56.3311
     454     -56.7685
     455     -72.0698
     456     -53.8116
     457     -63.6386
     458     -78.2867
     459     -65.0658
     460     -64.8245
     461     -58.3887
     462     -69.5466
     463     -63.9117
     464     -56.3393
     465     -72.8604
     466     -67.8164
     467     -59.7005
     468     -69.4547
     469     -65.2888
     470     -57.4457
     471     -67.7998
     472     -53.0821
     473     -69.0407
     474     -46.0693
     475     -70.9172
     476     -56.9567
     477     -54.3941
     478     -64.9292
     479     -56.6769
     480     -55.8950
     481     -56.3744
     482     -54.3201
     483     -62.2988
     484     -69.3393
     485     -71.5380
     486     -65.1842
     487     -66.1041
     488     -53.1411
     489     -56.1896
     490     -66.5923
     491     -51.7291
     492     -56.4663
     493     -71.9107
     494     -70.6277
     495     -64.2412
     496     -65.6741
     497     -56.3710
     498     -68.4851
     499     -99.6628
     500     -53.2779
     501     -45.8174
     502     -70.4185
     503     -64.0400
     504     -63.2841
     505     -59.1275
     506     -82.4623
     507     -62.3576
     508     -65.7534
     509     -60.3854
     510     -53.0980
     511     -62.9666
     512     -56.9146
     513     -50.9909
     514     -60.2999
     515     -62.1608
     516     -61.9973
     517     -60.3180
     518     -53.5574
     519     -63.6727
     520     -58.6484
     521     -73.0792
     522     -58.1745
     523     -66.8172
     524     -64.0383
     525     -54.4864
     526     -55.1095
     527     -75.2733
     528     -63.2813
     529     -71.5917
     530     -59.6444
     531     -66.0352
     532     -71.7913
     533     -62.7057
     534     -67.0435
     535     -55.4055
     536     -56.1698
     537     -66.4947
     538     -73.0076
     539     -62.2271
     540     -49.5688
     541     -48.2276
     542     -57.4030
     543     -55.7015
     544     -52.4725
     545     -71.5314
     546     -62.0546
     547     -60.7855
     548     -67.4920
     549     -67.1732
     550     -72.4784
     551     -65.2635
     552     -42.7830
     553     -47.2621
     554     -62.5734
     555     -66.5687
     556     -50.2073
     557     -62.2210
     558     -63.6152
     559     -48.1080
     560     -63.2830
     561     -62.2754
     562     -53.2371
     563     -67.6183
     564     -57.7499
     565     -76.9574
     566     -58.3345
     567     -66.3385
     568     -51.6195
     569     -52.3274
     570     -63.1500
     571     -71.0851
     572     -51.3973
     573     -63.3030
     574     -55.0182
     575     -57.6799
     576     -67.1863
     577     -68.6104
     578     -62.3563
     579     -42.3804
     580     -56.7388
     581     -80.5070
     582     -62.7571
     583     -68.9782
     584     -56.8700
     585     -63.8644
     586     -76.2275
     587     -56.4995
     588     -64.4378
     589     -68.9874
     590     -59.8101
     591     -44.6866
     592     -49.0203
     593     -53.5991
     594     -58.7618
     595     -57.5235
     596     -53.6741
     597     -86.5433
     598     -59.1107
     599     -56.1256
     600     -62.3761
     601     -64.6925
     602     -60.6741
     603     -61.7763
     604     -75.1670
     605     -58.4153
     606     -68.5219
     607     -51.6731
     608     -56.7039
     609     -65.3675
     610     -72.2998
     611     -67.9868
     612     -64.7499
     613     -52.4148
     614     -51.3497
     615     -55.4150
     616     -51.8137
     617     -56.9440
     618     -69.2701
     619     -76.9477
     620     -66.4923
     621     -61.9118
     622     -60.3466
     623     -63.0340
     624     -64.6699
     625     -61.0659
     626     -66.1565
     627     -49.2986
     628     -66.9834
     629     -74.8961
     630     -72.7242
     631     -70.2705
     632     -76.3637
     633     -61.4363
     634     -60.3933
     635     -56.8421
     636     -55.6449
     637     -61.6050
     638     -63.0718
     639     -95.4746
     640     -58.3454
     641     -54.4309
     642     -65.9285
     643     -52.4587
     644     -66.0799
     645     -78.5589
     646     -72.4267
     647     -65.2466
     648     -60.7474
     649     -74.1370
     650     -66.7735
     651     -63.9569
     652     -62.8994
     653     -83.0790
     654     -65.9330
     655     -60.8328
     656     -83.8066
     657     -68.7759
     658    -111.9724
     659     -97.2596
     660     -70.7679
     661     -76.8921
     662     -77.6473
     663     -73.2018
     664     -71.3214
     665     -75.7079
     666     -69.7205
     667     -72.2022
     668     -66.7061
     669     -80.3655
     670     -89.3876
     671     -63.5594
     672     -68.7316
     673     -77.3358
     674     -75.8782
     675     -64.2558
     676     -65.6839
     677     -98.4480
     678     -68.9844
     679     -75.6809
     680     -63.3302
     681     -58.8006
     682     -71.0553
     683     -69.0754
     684     -78.2396
     685     -74.9065
     686     -60.8212
     687     -64.6630
     688     -74.3757
     689     -68.5919
     690     -71.0148
     691     -69.8119
     692     -71.2555
     693     -60.4070
     694     -63.2299
     695    -101.6030
     696    -117.9205
     697     -95.0522
     698     -71.9243
     699     -50.8034
     700     -83.6528
     701     -63.0057
     702     -53.9522
     703     -49.9374
     704     -67.2086
     705     -90.3926
     706     -72.8868
     707    -103.3961
     708     -85.6509
     709     -79.1024
     710     -67.4615
     711     -59.4459
     712     -58.5127
     713     -61.9253
     714     -59.8714
     715     -77.2867
     716     -53.8432
     717     -63.9460
     718     -83.6517
     719     -59.0372
     720     -58.0962
     721     -78.0487
     722     -70.6732
     723     -74.4636
     724     -59.3238
     725     -72.0914
     726     -56.8143
     727     -65.9762
     728     -67.3063
     729     -69.7753
     730     -57.8160
     731     -67.2380
     732     -47.4530
     733     -47.8847
     734     -57.6074
     735     -59.1618
     736     -49.6863
     737     -58.7590
     738     -73.0178
     739     -60.7700
     740     -69.0120
     741     -48.1534
     742     -63.0706
     743     -60.2442
     744     -66.1099
     745     -56.4051
     746     -60.5321
     747     -58.3204
     748     -73.2764
     749     -68.9730
     750     -51.8019
     751     -53.4942
     752     -37.1281
     753     -51.7010
     754     -53.7309
     755     -38.5367
     756     -88.0659
     757     -75.2198
     758     -71.2918
     759     -63.1723
     760     -67.7462
     761     -55.7981
     762     -57.3500
     763     -63.0735
     764     -72.6391
     765     -59.4863
     766     -52.7122
     767     -58.4652
     768     -57.5094
     769     -50.3132
     770     -47.8556
     771     -69.2381
     772     -52.0159
     773     -60.0280
     774     -56.8072
     775     -64.1682
     776     -75.2277
     777     -45.2318
     778     -72.5431
     779     -66.6491
     780     -63.8015
     781     -59.3321
     782     -52.1101
     783     -54.1584
     784     -62.1549
     785     -67.2624
     786     -58.2492
     787     -45.4627
     788     -78.1317
     789     -65.7888
     790     -55.0912
     791     -55.4917
     792     -51.8683
     793     -62.1978
     794     -48.0991
     795     -50.1005
     796     -66.6000
     797     -51.8077
     798     -46.4508
     799     -49.9764
     800     -66.0183
     801     -50.8630
     802     -49.4758
     803     -66.9006
     804     -70.8166
     805     -63.8414
     806     -56.2363
     807     -55.2643
     808     -53.9137
     809     -61.3592
     810     -52.2657
     811     -40.0670
     812     -51.9845
     813     -66.5783
     814     -57.3890
     815     -52.7006
     816     -57.4227
     817     -55.8491
     818     -58.6230
     819     -65.4361
     820     -52.2885
     821     -35.0703
     822     -72.7285
     823     -61.3578
     824     -56.0856
     825     -65.3323
     826     -79.0724
     827     -56.8120
     828     -60.4775
     829     -56.6192
     830     -51.6140
     831     -60.0283
     832     -44.4850
     833     -67.1620
     834     -55.4198
     835     -64.0932
     836     -67.8251
     837     -65.5519
     838     -64.9617
     839     -49.0609
     840     -49.3189
     841     -56.9939
     842     -58.1297
     843     -56.6436
     844     -60.5022
     845     -59.9529
     846     -55.5998
     847     -47.0649
     848     -60.7204
     849     -71.5528
     850     -60.3824
     851     -70.1561
     852     -59.4465
     853     -68.7271
     854     -66.4395
     855     -49.6035
     856     -49.2092
     857     -54.3211
     858     -52.6317
     859     -65.5821
     860     -47.6495
     861     -55.9261
     862     -58.1715
     863     -79.7519
     864     -54.1566
     865     -46.5983
     866     -60.2287
     867     -63.2219
     868     -54.2806
     869     -54.6544
     870     -68.8281
     871     -92.9455
     872     -64.5532
     873     -54.0052
     874     -73.6225
     875     -39.9690
     876     -55.6046
     877     -79.5890
     878     -73.3501
     879     -55.3321
     880     -62.5737
     881     -63.9038
     882     -65.7885
     883     -66.7823
     884     -88.7337
     885     -54.4353
     886     -75.1472
     887     -67.0760
     888     -62.8599
     889     -60.8885
     890     -62.4677
     891     -56.3989
     892     -66.4644
     893     -60.4503
     894     -67.5704
     895     -62.2266
     896     -42.4331
     897     -52.5319
     898     -51.2891
     899     -62.5846
     900     -44.5972
     901     -59.6339
     902     -58.2373
     903     -63.9194
     904     -68.4060
     905     -64.3398
     906     -64.0026
     907     -78.9285
     908     -72.9164
     909     -52.7197
     910     -54.4033
     911     -49.6833
     912     -46.3741
     913     -72.6644
     914     -75.4478
     915     -63.2269
     916     -71.7298
     917     -71.3913
     918     -81.4553
     919     -61.8521
     920     -53.5146
     921     -52.1919
     922     -65.8850
     923     -66.8554
     924     -61.2184
     925     -58.3469
     926     -55.1099
     927     -50.5849
     928     -59.9203
     929     -68.6493
     930     -56.7292
     931     -61.8692
     932     -54.7097
     933     -62.6367
     934     -60.1897
     935     -65.5767
     936     -64.6436
     937     -84.7801
     938     -51.7948
     939     -78.7987
     940     -67.2954
     941     -51.8598
     942     -48.6015
     943     -67.7196
     944     -44.6718
     945     -67.5672
     946     -64.7766
     947     -53.0779
     948     -55.3434
     949     -64.0586
     950     -63.5172
     951     -56.6726
     952     -48.0798
     953     -50.1122
     954     -67.8178
     955     -71.1725
     956     -71.5845
     957     -57.3534
     958     -78.1544
     959     -72.7316
     960     -77.1336
     961     -76.6753
     962     -71.9597
     963     -75.2955
     964     -76.7677
     965     -72.1055
     966     -47.1598
     967     -60.2348
     968     -62.7404
     969     -55.5655
     970     -93.6100
     971     -74.8738
     972     -62.7262
     973     -80.6348
     974     -47.1844
     975     -58.8327
     976     -74.5127
     977     -54.8671
     978     -76.2621
     979     -67.2281
     980     -62.3915
     981     -85.4801
     982     -72.6595
     983     -78.9584
     984     -87.5546
     985     -69.5050
     986     -72.9770
     987    -107.9600
     988     -78.0076
     989     -55.5167
     990     -73.7837
     991     -80.1886
     992     -62.0989
     993     -71.2309
     994     -67.9842
     995     -85.3972
     996    -105.0104
     997     -85.9279
     998     -51.9637
     999     -45.5286
    1000     -67.1631
    1001     -67.4567
    1002     -67.4642
    1003     -41.3827
    1004     -65.0814
    1005     -46.7595
    1006     -61.0350
    1007     -62.6941
    1008     -44.8391
    1009     -65.0092
    1010     -81.6256
    1011    -101.5165
    1012     -82.7862
    1013     -71.0982
    1014     -62.8533
    1015    -125.5835
    1016    -107.3394
    1017     -58.5604
    1018     -69.7001
    1019     -67.6262
    1020     -67.9988
    1021     -51.4155
    1022     -61.8478
    1023     -72.4165
    1024     -59.5809
    1025     -56.4354
    1026     -57.7901
    1027     -64.2621
    1028     -50.3685
    1029     -55.0700
    1030     -52.0217
    1031     -57.0239
    1032     -55.0162
    1033     -45.6269
    1034     -48.9726
    1035     -50.1734
    1036     -61.1885
    1037     -55.9428
    1038     -54.3265
    1039     -62.3114
    1040     -57.5888
    1041     -61.6090
    1042     -67.4436
    1043     -63.4879
    1044     -46.3877
    1045     -74.7299
    1046     -75.0241
    1047     -51.5950
    1048     -53.2039
    1049     -57.4408
    1050     -65.6911
    1051     -56.7924
    1052     -49.1609
    1053     -49.2605
    1054     -64.6051
    1055     -65.8167
    1056     -56.0721
    1057     -73.4173
    1058     -54.7157
    1059     -50.3143
    1060     -57.8361
    1061     -59.9303
    1062     -60.8400
    1063     -54.3857
    1064     -52.3874
    1065     -43.6803
    1066     -56.0095
    1067     -51.9483
    1068     -39.1945
    1069     -64.3394
    1070     -72.2869
    1071     -66.2600
    1072     -71.0719
    1073     -62.8332
    1074     -61.9965
    1075     -59.0869
    1076     -61.6864
    1077     -60.0764
    1078     -62.9302
    1079     -59.5286
    1080     -64.9418
    1081     -63.5870
    1082     -50.5015
    1083     -57.9959
    1084     -48.7910
    1085     -44.6941
    1086     -65.3850
    1087     -55.5852
    1088     -58.2968
    1089     -57.1950
    1090     -63.5454
    1091     -44.9644
    1092     -61.9313
    1093     -56.6980
    1094     -58.8460
    1095     -67.5020
    1096     -65.4360
    1097     -62.8317
    1098     -48.8695
    1099     -58.4861
    1100     -56.0704
    1101     -63.6119
    1102     -54.2591
    1103     -67.0887
    1104     -55.9109
    1105     -53.0162
    1106     -62.7814
    1107     -56.6770
    1108     -55.9672
    1109     -53.4058
    1110     -71.4203
    1111     -58.4571
    1112     -60.1482
    1113     -67.0611
    1114     -63.1484
    1115     -46.5125
    1116     -58.5520
    1117     -45.4060
    1118     -45.4274
    1119     -57.9711
    1120     -52.5040
    1121     -62.8612
    1122     -63.9120
    1123     -66.3010
    1124     -63.2765
    1125     -64.8233
    1126     -69.0312
    1127     -61.4588
    1128     -67.8333
    1129     -66.7390
    1130     -57.5703
    1131     -55.6925
    1132     -59.0166
    1133     -57.4693
    1134     -54.8234
    1135     -49.7804
    1136     -68.7210
    1137     -51.8850
    1138     -64.6573
    1139     -78.3780
    1140     -48.6830
    1141     -70.5389
    1142     -53.3595
    1143     -61.1100
    1144     -66.1094
    1145     -66.3832
    1146     -54.8017
    1147     -68.7890
    1148     -60.8953
    1149     -62.4771
    1150     -63.2298
    1151     -75.0571
    1152     -67.5732
    1153     -67.5101
    1154     -66.3411
    1155     -64.9394
    1156     -64.7338
    1157     -63.3210
    1158     -57.9865
    1159     -62.3839
    1160     -61.3857
    1161     -66.8393
    1162     -54.9004
    1163     -58.2345
    1164     -60.5054
    1165     -49.8209
    1166     -77.0167
    1167     -71.1027
    1168     -67.1473
    1169     -60.7575
    1170     -59.6081
    1171     -49.8735
    1172     -54.1925
    1173     -50.2486
    1174     -53.8417
    1175     -70.4435
    1176     -50.4364
    1177     -59.4680
    1178     -66.0993
    1179     -65.4452
    1180     -54.8924
    1181     -41.0578
    1182     -73.7785
    1183     -62.6256
    1184     -61.8234
    1185     -64.9912
    1186     -56.2596
    1187     -54.3640
    1188     -61.1025
    1189     -63.9340
    1190     -62.1257
    1191     -52.8146
    1192     -61.1642
    1193     -76.5724
    1194     -73.3952
    1195     -48.5288
    1196     -49.2131
    1197     -56.8097
    1198     -58.6930
    1199     -60.2314
    1200     -64.2720
    1201     -71.3123
    1202     -56.8484
    1203     -58.3916
    1204     -70.0476
    1205     -70.7878
    1206     -71.1230
    1207     -72.3955
    1208     -61.7763
    1209     -63.1521
    1210     -55.4744
    1211     -72.0431
    1212     -57.8293
    1213     -62.4716
    1214     -63.0662
    1215     -76.3296
    1216     -73.1337
    1217     -59.4160
    1218     -57.4799
    1219     -69.3336
    1220     -66.4867
    1221     -50.9661
    1222     -54.2228
    1223     -62.1509
    1224     -57.0988
    1225     -61.1801
    1226     -70.3920
    1227     -61.4083
    1228     -55.7412
    1229     -59.3244
