#Frame         psi:41
       1     -46.5841
       2     -50.6777
       3     -34.7820
       4     -50.0064
       5     -49.3937
       6     -46.5713
       7     -44.7438
       8     -36.0840
       9     -53.5964
      10     -41.8415
      11     -26.5313
      12     -26.3466
      13     -37.6504
      14     -40.4203
      15     -43.1320
      16     -28.3767
      17     -37.7323
      18     -37.1214
      19     -43.4984
      20     -46.0256
      21     -32.6215
      22     -52.3086
      23     -26.0444
      24     -32.2253
      25     -41.5031
      26     -46.9343
      27     -23.5744
      28     -47.0711
      29     -26.7054
      30     -34.1461
      31     -27.3403
      32     -39.3033
      33     -32.3745
      34     -51.1559
      35     -25.0724
      36     -49.5962
      37     -41.5962
      38     -41.5007
      39     -40.7996
      40     -34.2803
      41     -31.2008
      42     -31.4657
      43     -41.7627
      44     -52.1353
      45     -41.6673
      46     -37.4037
      47     -34.7178
      48     -47.3233
      49     -44.9684
      50     -37.8469
      51     -27.2043
      52     -30.9463
      53     -48.0233
      54     -36.3557
      55     -47.0855
      56     -43.0168
      57     -28.7214
      58     -34.8521
      59     -27.8796
      60     -30.6642
      61     -29.7595
      62     -47.0693
      63     -33.8616
      64     -33.0855
      65     -28.4539
      66     -25.9088
      67     -43.4427
      68     -38.5627
      69     -34.3442
      70     -29.6106
      71     -46.4977
      72     -27.3884
      73     -25.3120
      74     -36.0260
      75     -39.1042
      76     -36.5757
      77     -35.7124
      78     -20.9724
      79     -44.2163
      80     -30.2393
      81     -36.7848
      82     -37.9173
      83     -35.2136
      84     -38.6574
      85     -28.0117
      86     -38.0329
      87     -27.3882
      88     -43.5772
      89     -34.7659
      90     -32.4559
      91     -46.3660
      92     -46.8267
      93     -30.2261
      94     -37.3646
      95     -32.5052
      96     -39.0300
      97     -33.6317
      98     -27.7345
      99     -46.4649
     100     -38.2941
     101     -44.8971
     102     -34.1640
     103     -38.6500
     104     -47.4960
     105     -43.6894
     106     -35.2459
     107     -46.1034
     108     -41.8256
     109     -32.9760
     110     -26.2274
     111     -43.4380
     112     -55.1214
     113     -38.7929
     114     -40.1820
     115     -27.8646
     116     -40.6946
     117     -42.7230
     118     -42.1188
     119     -18.4129
     120     -30.9757
     121     -33.0040
     122     -27.3822
     123     -37.2272
     124     -38.7056
     125     -43.6422
     126     -35.8135
     127     -38.3399
     128     -36.7831
     129     -36.8514
     130     -30.0713
     131     -43.1634
     132     -38.6509
     133     -41.0774
     134     -30.2281
     135     -24.6460
     136     -33.9136
     137     -28.1061
     138     -37.7735
     139     -34.9466
     140     -31.2971
     141     -40.3940
     142     -42.7323
     143     -27.4361
     144     -46.5334
     145     -31.4617
     146     -37.8039
     147     -44.0988
     148     -29.7098
     149     -35.7431
     150     -39.5583
     151     -34.4338
     152     -38.9711
     153     -34.1016
     154     -35.8706
     155     -40.1234
     156     -41.4438
     157     -21.3050
     158     -26.7952
     159     -30.4661
     160     -53.0405
     161     -29.8992
     162     -29.3475
     163     -25.8257
     164     -38.2843
     165     -27.0727
     166     -45.9955
     167     -37.7098
     168     -27.8506
     169     -34.6453
     170     -24.8401
     171     -36.3703
     172     -39.4367
     173     -26.9304
     174     -50.1786
     175     -37.3485
     176     -44.3640
     177     -37.0501
     178     -33.6259
     179     -36.8279
     180     -39.8049
     181     -32.9706
     182     -41.0823
     183     -36.2707
     184     -37.8867
     185     -30.3231
     186     -40.4615
     187     -50.4822
     188     -43.9085
     189     -41.8702
     190     -42.2565
     191     -28.7495
     192     -34.8077
     193     -42.4274
     194     -39.1005
     195     -48.2908
     196     -47.9667
     197     -41.5870
     198     -36.4795
     199     -27.1336
     200     -38.2172
     201     -36.3989
     202     -32.9320
     203     -34.1398
     204     -39.1171
     205     -43.8853
     206     -36.5544
     207     -30.7528
     208     -41.9620
     209     -48.9415
     210     -41.8022
     211     -23.5261
     212     -40.4867
     213     -38.7408
     214     -36.5408
     215     -40.5592
     216     -45.4239
     217     -61.7133
     218     -31.8994
     219     -40.1372
     220     -40.4783
     221     -46.9250
     222     -45.3039
     223     -27.2170
     224     -30.3077
     225     -30.9702
     226     -17.6497
     227     -41.0227
     228     -47.2158
     229     -49.9368
     230     -43.2923
     231     -45.4907
     232     -39.0594
     233     -36.4064
     234     -29.3051
     235     -43.2019
     236     -39.0678
     237     -38.2137
     238     -38.6438
     239     -26.3697
     240     -30.2283
     241     -35.3287
     242     -38.0216
     243     -27.7185
     244     -34.4491
     245     -30.3635
     246     -26.5801
     247     -39.8969
     248     -43.3087
     249     -36.9795
     250     -37.0948
     251     -25.3352
     252     -20.1144
     253     -30.7743
     254     -43.4380
     255     -24.7720
     256     -43.1165
     257     -37.5914
     258     -24.8878
     259     -30.1587
     260     -30.7929
     261     -39.8551
     262     -28.1026
     263     -45.1072
     264     -30.9195
     265     -37.5136
     266     -42.1237
     267     -38.2196
     268     -38.0119
     269     -39.9582
     270     -24.3798
     271     -29.0720
     272     -29.4742
     273     -39.6192
     274     -34.4557
     275     -39.8471
     276     -24.8803
     277     -24.6964
     278     -44.5345
     279     -25.9844
     280     -48.1080
     281     -34.7223
     282     -43.5297
     283     -44.9118
     284     -39.9544
     285     -37.2361
     286     -36.3197
     287     -28.9362
     288     -27.3680
     289     -31.3327
     290     -36.7942
     291     -36.7263
     292     -31.7776
     293     -39.9269
     294     -33.1459
     295     -42.4846
     296     -36.9705
     297     -37.1950
     298     -39.2477
     299     -33.3513
     300     -23.9130
     301     -35.2374
     302     -39.9418
     303     -35.6910
     304     -43.1453
     305     -31.7954
     306     -39.4455
     307     -36.0184
     308     -35.8799
     309     -35.7090
     310     -31.1540
     311     -34.2512
     312     -29.9441
     313     -22.4149
     314     -37.7903
     315     -39.9978
     316     -36.8203
     317     -35.8451
     318     -43.1847
     319     -32.0165
     320     -30.4368
     321     -34.3230
     322     -33.7260
     323     -36.1471
     324     -34.2550
     325     -32.4419
     326     -41.4675
     327     -39.4354
     328     -35.7671
     329     -27.1931
     330     -35.8787
     331     -40.1035
     332     -37.1736
     333     -46.4906
     334     -35.1415
     335     -28.4745
     336     -34.5545
     337     -24.1818
     338     -29.0708
     339     -28.0168
     340     -21.9821
     341     -28.6662
     342     -31.0177
     343     -27.3415
     344     -40.2077
     345     -33.7672
     346     -25.1853
     347     -31.1190
     348     -43.7982
     349     -34.6860
     350     -25.2480
     351     -38.5857
     352     -31.0806
     353     -29.0583
     354     -46.7763
     355     -39.5751
     356     -55.6349
     357     -35.0318
     358     -33.7577
     359     -54.3574
     360     -46.1606
     361     -34.9582
     362     -36.2574
     363     -39.5404
     364     -33.5196
     365     -34.5233
     366     -33.5078
     367     -34.0535
     368     -42.2402
     369     -39.8203
     370     -29.5933
     371     -37.1496
     372     -28.7738
     373     -20.9872
     374     -43.5745
     375     -33.3682
     376     -28.8024
     377     -43.1869
     378     -44.3083
     379     -34.4631
     380     -43.2072
     381     -38.3679
     382     -47.0334
     383     -33.6965
     384     -36.8385
     385     -35.9655
     386     -27.6044
     387     -31.9793
     388     -34.9772
     389     -35.6786
     390     -41.8063
     391     -35.7320
     392     -44.4241
     393     -25.8885
     394     -34.6665
     395     -32.5817
     396     -35.1408
     397     -46.8878
     398     -38.5981
     399     -42.8203
     400     -40.2523
     401     -43.1105
     402     -40.4589
     403     -38.8344
     404     -35.8653
     405     -31.4833
     406     -37.1298
     407     -32.4037
     408     -33.5950
     409     -38.0311
     410     -30.4068
     411     -41.3494
     412     -27.2514
     413     -33.2142
     414     -43.3336
     415     -28.0611
     416     -36.0452
     417     -28.3825
     418     -43.3404
     419     -35.0170
     420     -31.3255
     421     -41.4798
     422     -43.0917
     423     -27.3713
     424     -46.9596
     425     -26.4852
     426     -44.9439
     427     -29.1577
     428     -35.2934
     429     -26.5557
     430     -37.2598
     431     -40.7535
     432     -28.9713
     433     -20.4321
     434     -38.0951
     435     -38.1263
     436     -36.4077
     437     -45.6431
     438     -35.4639
     439     -37.9406
     440     -48.0137
     441     -38.4119
     442     -35.0239
     443     -30.3909
     444     -29.7821
     445     -24.8547
     446     -33.1019
     447     -40.6631
     448     -51.4733
     449     -45.3604
     450     -26.7844
     451     -26.3722
     452     -36.6318
     453     -29.2666
     454     -37.5158
     455     -39.6973
     456     -38.5925
     457     -27.3309
     458     -23.1487
     459     -46.6550
     460     -35.6163
     461     -34.9379
     462     -28.4395
     463     -27.6706
     464     -27.3523
     465     -22.9108
     466     -36.0555
     467     -36.9328
     468     -23.8718
     469     -29.7627
     470     -28.8033
     471     -25.8933
     472     -33.3916
     473     -30.9999
     474     -36.9318
     475     -26.7120
     476     -32.2812
     477     -40.4866
     478     -36.1263
     479     -45.0699
     480     -24.4962
     481     -33.6143
     482     -34.1004
     483     -31.5741
     484     -39.6232
     485     -28.7328
     486     -31.2697
     487     -38.2772
     488     -41.2490
     489     -34.9321
     490     -42.1004
     491     -46.9045
     492     -36.6058
     493     -29.5085
     494     -34.2379
     495     -19.8367
     496     -28.8661
     497     -36.0375
     498     -18.3324
     499     -37.5530
     500     -38.9409
     501     -44.7830
     502     -35.6008
     503     -34.6102
     504     -37.0100
     505     -38.9033
     506     -38.5474
     507     -33.6461
     508     -30.8476
     509     -33.1491
     510     -38.3216
     511     -30.1507
     512     -50.9810
     513     -45.3918
     514     -31.2387
     515     -41.4069
     516     -37.0892
     517     -36.7192
     518     -49.2217
     519     -30.8781
     520     -43.9334
     521     -32.7498
     522     -44.7065
     523     -29.0927
     524     -29.8478
     525     -38.6050
     526     -31.8421
     527     -30.3032
     528     -27.3604
     529     -18.6558
     530     -24.5905
     531     -27.1455
     532     -39.2695
     533     -30.5935
     534     -33.4179
     535     -37.4847
     536     -34.9450
     537     -31.8190
     538     -30.5887
     539     -32.3633
     540     -31.0226
     541     -44.1023
     542     -35.9538
     543     -40.4207
     544     -48.6906
     545     -28.2459
     546     -29.3726
     547     -19.9917
     548     -41.6175
     549     -37.6103
     550     -25.8743
     551     -34.8418
     552     -48.2316
     553     -42.3446
     554     -49.5776
     555     -42.4394
     556     -38.9632
     557     -39.0846
     558     -40.9804
     559     -33.6721
     560     -23.9462
     561     -41.5264
     562     -40.2467
     563     -49.7948
     564     -35.7562
     565     -47.2983
     566     -41.6067
     567     -27.9032
     568     -54.6923
     569     -37.6147
     570     -25.8899
     571     -40.2505
     572     -33.8030
     573     -38.7549
     574     -35.1955
     575     -29.3217
     576     -36.9533
     577     -27.4362
     578     -37.4888
     579     -53.7409
     580     -38.6700
     581     -28.8819
     582     -42.8512
     583     -37.1418
     584     -33.9400
     585     -33.7747
     586     -33.3441
     587     -38.6772
     588     -47.7622
     589     -17.3382
     590     -40.4884
     591     -48.1271
     592     -45.5272
     593     -61.3499
     594     -55.3980
     595     -36.4694
     596     -35.6218
     597     -31.5830
     598     -39.0617
     599     -36.1779
     600     -30.8116
     601     -41.4317
     602     -54.3434
     603     -44.6129
     604     -48.8364
     605     -37.2741
     606     -44.6884
     607     -34.6937
     608     -33.9777
     609     -53.7506
     610     -36.8526
     611     -41.9368
     612     -51.3760
     613     -46.5139
     614     -39.3038
     615     -53.3795
     616     -41.8316
     617     -43.9371
     618     -33.9409
     619     -48.1219
     620     -42.5689
     621     -32.5263
     622     -39.2905
     623     -23.3258
     624     -27.0670
     625     -39.0905
     626     -44.9059
     627     -43.5759
     628     -34.3941
     629     -31.1775
     630     -24.0159
     631     -32.4346
     632     -42.5444
     633     -44.3269
     634     -50.2829
     635     -42.1554
     636     -40.0151
     637     -39.4755
     638     -37.3326
     639     -35.3070
     640     -31.4762
     641     -37.0187
     642     -37.8622
     643     -36.7487
     644     -34.4734
     645     -29.9552
     646     -31.2288
     647     -49.6493
     648     -46.0872
     649     -44.4814
     650     -36.8921
     651     -32.5834
     652     -38.4398
     653     -23.1645
     654     -44.6788
     655     -31.6889
     656     -24.6844
     657     -28.8895
     658     -38.2138
     659     -35.4858
     660     -35.0552
     661     -32.1196
     662     -37.1214
     663     -21.2529
     664     -36.8936
     665     -27.9544
     666     -37.9518
     667     -38.8330
     668     -29.2230
     669     -50.0584
     670     -26.6673
     671     -33.6619
     672     -22.7240
     673     -34.9041
     674     -30.6757
     675     -18.2113
     676     -40.5014
     677     -21.0531
     678     -25.3168
     679     -33.3549
     680     -30.9145
     681     -30.0438
     682     -23.5401
     683     -23.9695
     684     -31.6734
     685     -34.1197
     686     -31.7066
     687     -31.7162
     688     -23.5381
     689     -21.0910
     690     -25.1303
     691     -26.1240
     692     -15.7489
     693     -40.9150
     694     -34.3856
     695     -33.1168
     696     -11.1286
     697     -31.5124
     698     -31.4487
     699     -30.6682
     700     -25.1215
     701     -36.5098
     702     -36.4229
     703     -51.4360
     704     -33.0985
     705     -44.7331
     706     -13.1916
     707     -40.8709
     708     -26.7990
     709     -29.7234
     710     -41.2216
     711     -38.5984
     712     -42.0671
     713     -20.4596
     714     -44.9200
     715     -26.7497
     716     -39.9082
     717     -41.3131
     718     -12.4287
     719     -31.9829
     720     -28.4041
     721     -21.0404
     722     -32.5667
     723     -23.0170
     724     -28.6187
     725     -26.0535
     726     -35.7619
     727     -38.7315
     728     -25.4717
     729     -38.8633
     730     -44.2366
     731     -37.3369
     732     -31.5471
     733     -48.4917
     734     -37.9205
     735     -45.0186
     736     -40.5347
     737     -40.8079
     738     -32.9409
     739     -41.3750
     740     -30.5426
     741     -49.1618
     742     -36.3725
     743     -32.6473
     744     -42.7638
     745     -44.0562
     746     -36.7951
     747     -39.6227
     748     -35.5108
     749     -30.7173
     750     -34.0412
     751     -34.1413
     752     -41.7665
     753     -55.0908
     754     -48.3228
     755     -39.4815
     756     -24.5909
     757     -37.1618
     758     -28.2902
     759     -40.1745
     760     -37.5167
     761     -43.3510
     762     -39.3432
     763     -40.4484
     764     -25.9359
     765     -41.7652
     766     -37.1965
     767     -38.1299
     768     -39.1992
     769     -31.8164
     770     -35.0637
     771     -39.2308
     772     -53.7498
     773     -30.7785
     774     -40.8090
     775     -40.8815
     776     -13.9198
     777     -47.2950
     778     -28.2489
     779     -32.2249
     780     -45.3608
     781     -30.3501
     782     -45.6419
     783     -37.0238
     784     -44.7168
     785     -45.4917
     786     -38.2881
     787     -50.3851
     788     -42.4856
     789     -21.9534
     790     -33.2914
     791     -39.3629
     792     -39.4276
     793     -40.8270
     794     -42.5099
     795     -49.7584
     796     -31.9997
     797     -45.4666
     798     -40.2426
     799     -49.3278
     800     -34.2919
     801     -41.1404
     802     -49.6915
     803     -47.9817
     804     -39.9675
     805     -40.4027
     806     -40.1934
     807     -37.0508
     808     -43.6851
     809     -49.2101
     810     -45.0771
     811     -37.2356
     812     -35.4945
     813     -32.8847
     814     -29.0222
     815     -37.4953
     816     -31.8019
     817     -28.1192
     818     -44.8922
     819     -38.4043
     820     -43.3653
     821     -40.4949
     822     -44.0527
     823     -34.6899
     824     -37.6636
     825     -41.3831
     826     -25.3407
     827     -45.6049
     828     -37.1081
     829     -34.4739
     830     -38.5976
     831     -28.9103
     832     -39.1361
     833     -32.6697
     834     -38.9694
     835     -32.4514
     836     -34.3285
     837     -39.4382
     838     -32.8954
     839     -37.4788
     840     -52.9002
     841     -47.5274
     842     -35.6981
     843     -23.2677
     844     -41.7140
     845     -28.3166
     846     -24.9562
     847     -39.2007
     848     -32.7262
     849     -41.6069
     850     -45.2290
     851     -29.5334
     852     -38.4224
     853     -28.4021
     854     -33.8065
     855     -39.8733
     856     -39.1960
     857     -44.1475
     858     -37.3115
     859     -48.2120
     860     -40.7916
     861     -35.9528
     862     -48.5591
     863     -28.0639
     864     -37.2606
     865     -58.2286
     866     -36.8486
     867     -37.0240
     868     -19.7456
     869     -41.4688
     870     -36.7299
     871     -35.5320
     872     -29.4765
     873     -40.7868
     874     -29.3882
     875     -46.2937
     876     -49.7264
     877     -25.2989
     878     -48.5376
     879     -37.9365
     880     -50.0340
     881     -36.8586
     882     -62.2755
     883     -40.7480
     884     -31.1477
     885     -45.7162
     886     -35.3008
     887     -32.4468
     888     -36.2977
     889     -37.6581
     890     -44.7602
     891     -36.1026
     892     -45.9549
     893     -40.3342
     894     -38.0392
     895     -50.3594
     896     -63.0728
     897     -52.2703
     898     -46.4476
     899     -41.5177
     900     -46.2661
     901     -42.7799
     902     -43.3783
     903     -31.3442
     904     -27.4424
     905     -30.8874
     906     -35.9087
     907     -32.9085
     908     -25.1466
     909     -53.4814
     910     -32.6433
     911     -53.1566
     912     -43.2902
     913     -37.3250
     914     -34.3419
     915     -28.0369
     916     -33.7305
     917     -25.9694
     918     -37.5958
     919     -41.8076
     920     -39.6842
     921     -51.3330
     922     -28.9097
     923     -39.8455
     924     -32.5252
     925     -41.3576
     926     -31.8506
     927     -41.4653
     928     -23.0579
     929     -32.3168
     930     -36.0275
     931     -37.4902
     932     -40.8297
     933     -36.2933
     934     -28.8044
     935     -38.0723
     936     -31.4639
     937     -37.3924
     938     -32.0298
     939     -40.7057
     940     -34.4669
     941     -42.1294
     942     -46.6591
     943     -33.6376
     944     -33.6369
     945     -25.5869
     946     -36.5202
     947     -38.9874
     948     -31.5110
     949     -30.9515
     950     -39.1197
     951     -31.8754
     952     -37.1328
     953     -38.6984
     954     -43.0772
     955     -35.5673
     956     -45.6518
     957     -37.7059
     958     -32.6011
     959     -49.0106
     960     -34.1126
     961     -24.9101
     962     -44.0222
     963     -19.0772
     964     -37.5233
     965     -48.7157
     966     -51.9024
     967     -44.3299
     968     -31.2313
     969     -20.9418
     970     -32.4969
     971     -41.5857
     972     -24.7096
     973     -23.7478
     974     -42.0252
     975     -41.1962
     976     -38.5298
     977     -44.3954
     978     -43.2184
     979     -44.3732
     980     -39.5684
     981     -61.9756
     982     -28.5713
     983     -33.3453
     984     -17.9403
     985     -38.3491
     986     -23.9997
     987     -39.5127
     988     -29.6470
     989     -36.1476
     990     -42.7569
     991     -29.7513
     992     -35.2542
     993     -30.8898
     994     -31.0252
     995     -49.2526
     996     -35.6751
     997     -39.8917
     998     -39.9244
     999     -35.8909
    1000     -42.5487
    1001     -31.0516
    1002     -35.6239
    1003     -44.6986
    1004     -34.7587
    1005     -49.4454
    1006     -31.0961
    1007     -36.4867
    1008     -50.5023
    1009     -40.7661
    1010     -30.2072
    1011     -42.7614
    1012     -36.5247
    1013     -22.2130
    1014     -50.5877
    1015     -25.5814
    1016     -43.6526
    1017     -31.2217
    1018     -23.2579
    1019     -31.4647
    1020     -40.6280
    1021     -36.5212
    1022     -31.6752
    1023     -32.3727
    1024     -43.1030
    1025     -49.0326
    1026     -37.1066
    1027     -38.9878
    1028     -31.8393
    1029     -33.3258
    1030     -46.3585
    1031     -33.7379
    1032     -42.4451
    1033     -39.2809
    1034     -40.9569
    1035     -45.5996
    1036     -33.1355
    1037     -36.3598
    1038     -34.6864
    1039     -38.3689
    1040     -42.0914
    1041     -24.6324
    1042     -31.9306
    1043     -28.8858
    1044     -36.2938
    1045     -37.7487
    1046     -26.8864
    1047     -37.1808
    1048     -44.1452
    1049     -39.5543
    1050     -40.9891
    1051     -31.4437
    1052     -41.4397
    1053     -57.4592
    1054     -39.5111
    1055     -36.1347
    1056     -35.3735
    1057     -37.1263
    1058     -36.4041
    1059     -36.0304
    1060     -38.5059
    1061     -32.1784
    1062     -38.9684
    1063     -39.2666
    1064     -38.2818
    1065     -40.0018
    1066     -30.8023
    1067     -34.9592
    1068     -42.3594
    1069     -30.5068
    1070     -35.0035
    1071     -39.0147
    1072     -26.3801
    1073     -29.2074
    1074     -32.2063
    1075     -47.6868
    1076     -32.5662
    1077     -38.7186
    1078     -40.0526
    1079     -38.0063
    1080     -25.8007
    1081     -30.4018
    1082     -29.9126
    1083     -35.9098
    1084     -41.1858
    1085     -41.1085
    1086     -43.9307
    1087     -38.7562
    1088     -37.2617
    1089     -38.7669
    1090     -39.5331
    1091     -31.3437
    1092     -53.4418
    1093     -47.6048
    1094     -55.1833
    1095     -47.9961
    1096     -26.8932
    1097     -38.7524
    1098     -40.6734
    1099     -43.0769
    1100     -46.1661
    1101     -36.9990
    1102     -39.8310
    1103     -30.9725
    1104     -35.3443
    1105     -55.3945
    1106     -41.6097
    1107     -43.4135
    1108     -38.0226
    1109     -45.0748
    1110     -24.1945
    1111     -36.1422
    1112     -33.7490
    1113     -36.5324
    1114     -33.7803
    1115     -42.1617
    1116     -34.8881
    1117     -54.8334
    1118     -34.3366
    1119     -39.9935
    1120     -59.3283
    1121     -38.7720
    1122     -35.9260
    1123     -39.1794
    1124     -34.3759
    1125     -54.0555
    1126     -39.7590
    1127     -41.0995
    1128     -24.6171
    1129     -33.0422
    1130     -37.0148
    1131     -57.7983
    1132     -49.1445
    1133     -30.0242
    1134     -45.8274
    1135     -39.4685
    1136     -51.5051
    1137     -50.3018
    1138     -35.0194
    1139     -33.5623
    1140     -47.1119
    1141     -35.0382
    1142     -48.9907
    1143     -46.5161
    1144     -30.1524
    1145     -36.0835
    1146     -41.5762
    1147     -39.3492
    1148     -42.3970
    1149     -36.0089
    1150     -38.5056
    1151     -31.6835
    1152     -40.3000
    1153     -29.6521
    1154     -46.0112
    1155     -44.4173
    1156     -45.9381
    1157     -28.9713
    1158     -45.4067
    1159     -40.4265
    1160     -40.8327
    1161     -39.3165
    1162     -42.0216
    1163     -27.7550
    1164     -29.3090
    1165     -33.1851
    1166     -33.0021
    1167     -35.2760
    1168     -26.1407
    1169     -26.9753
    1170     -43.0565
    1171     -44.4335
    1172     -35.4191
    1173     -27.0891
    1174     -32.7831
    1175     -29.9334
    1176     -38.2881
    1177     -21.6135
    1178     -23.4769
    1179     -31.7934
    1180     -35.4595
    1181     -35.7618
    1182     -28.5314
    1183     -13.4846
    1184     -21.4007
    1185     -29.1422
    1186     -38.7507
    1187     -33.0334
    1188     -31.5572
    1189     -27.9703
    1190     -39.2381
    1191     -34.3843
    1192     -40.2870
    1193     -39.9941
    1194     -34.3035
    1195     -49.6449
    1196     -45.8427
    1197     -30.8023
    1198     -49.3246
    1199     -36.6116
    1200     -40.3296
    1201     -36.5862
    1202     -39.5922
    1203     -28.2417
    1204     -40.7185
    1205     -35.4115
    1206     -33.2945
    1207     -36.3921
    1208     -33.0396
    1209     -46.0475
    1210     -34.1506
    1211     -42.5089
    1212     -45.3880
    1213     -39.9618
    1214     -32.3925
    1215     -29.7343
    1216     -32.5553
    1217     -32.9767
    1218     -56.3419
    1219     -38.6863
    1220     -37.8167
    1221     -55.9601
    1222     -42.3013
    1223     -32.9212
    1224     -38.5333
    1225     -49.2815
    1226     -39.9126
    1227     -49.7612
    1228     -36.8195
    1229     -48.5918
