#Frame        chi1:41      chi2:41
       1    -179.3563      96.0158
       2     170.3284      87.2573
       3     174.7337      98.3605
       4    -175.1390      93.7809
       5    -171.5007      85.0597
       6     172.0484      70.5917
       7     160.7693      99.3282
       8     179.7336      94.7498
       9    -179.4444      86.7151
      10    -156.8149      89.6883
      11     170.7281      93.9254
      12     179.7932     111.3440
      13     174.6053      75.4918
      14    -175.1772      88.9870
      15    -177.1490     103.3016
      16    -160.0027      91.9719
      17    -170.9524      97.8961
      18    -162.0995      84.4694
      19    -170.7059      85.1789
      20    -160.6369      85.1099
      21     173.6154      92.6210
      22    -166.1064      83.7909
      23    -176.0865      95.5734
      24    -176.7637      83.8842
      25    -167.2712     104.2609
      26    -169.0347      80.7223
      27     163.2038      91.6204
      28    -179.8263      80.7203
      29     170.9358      91.5322
      30    -166.8051      95.3089
      31     178.1163      90.3887
      32     175.2161      97.3390
      33     165.1525      84.4000
      34    -179.6984      73.5382
      35     166.5669     102.4388
      36    -175.8920      74.0354
      37    -171.5755      66.0526
      38    -163.1641      86.0638
      39     162.1733     102.5847
      40     176.0663      81.4942
      41     166.2601      77.5823
      42     160.4444     103.3621
      43     172.6595      79.4972
      44     171.3261      89.7401
      45     174.4983      92.0122
      46     144.9028      97.8418
      47     177.7652      76.2133
      48     179.5251      87.1833
      49    -176.1423      89.5008
      50     170.6523      95.9958
      51     175.7189      82.3016
      52    -169.6132      85.2364
      53     175.2712      95.3471
      54     176.8003      91.1949
      55     170.4083      94.5959
      56     175.8052      87.8569
      57     171.7890      66.6257
      58     156.8985      81.5679
      59     167.4394      89.2199
      60     162.2609      94.6493
      61    -169.3243      80.8941
      62     166.6806      72.6305
      63     168.9618      81.6349
      64     175.1800      87.3019
      65     161.9016      87.6578
      66    -176.8274     100.4392
      67    -160.7764      72.5179
      68     163.6174      88.2508
      69     156.1116      84.2530
      70     160.0641      99.8167
      71     161.9922      80.9985
      72     172.3796      90.2527
      73     152.2045      89.7479
      74     156.9574      99.1042
      75     166.3717      86.8340
      76     174.9243      89.0834
      77     167.0944      86.5620
      78     144.6010     101.8135
      79    -178.7081      69.7306
      80     162.0874      84.3213
      81     163.3834      81.0314
      82     163.3001      66.5269
      83     162.0561      80.7945
      84     167.9795      88.9481
      85    -165.1452      85.1633
      86     176.1226      84.2194
      87     166.6073      79.2837
      88    -170.3823      90.0879
      89    -171.6535      88.8039
      90    -176.3972      90.2436
      91     159.6513      88.2251
      92    -176.5357      89.9135
      93     165.0766     101.4572
      94    -174.0917      83.7305
      95    -160.9373      69.0282
      96    -177.3825      70.6681
      97     162.2918      97.7140
      98    -175.5999      81.4256
      99    -169.1587      75.2057
     100     161.7997      75.4459
     101    -165.3777      89.1339
     102     157.6239      85.0367
     103     156.2917      68.6306
     104     165.5741      95.8335
     105     160.6206      93.2558
     106    -171.8514      83.0223
     107     166.8829      82.2778
     108     160.1951      81.3692
     109     179.1875      70.5243
     110    -178.9862      89.2587
     111     161.1701      74.0309
     112     165.8920      82.8901
     113    -179.0991      82.9002
     114     162.9883      78.3285
     115     159.0207      85.3695
     116    -175.2838      89.2370
     117     168.4873      91.5157
     118     170.4034     104.9650
     119     159.8735     108.2334
     120     165.7324      97.2977
     121     172.4407      84.0736
     122    -171.5992      79.0502
     123     178.7417      96.2993
     124    -166.2277      81.5255
     125     167.0559      78.4234
     126     161.8475      91.0486
     127     175.7221      99.7712
     128     170.8901      92.5164
     129     172.3193      94.9921
     130     178.8307      91.7782
     131     174.8141      93.1593
     132     176.6961      83.2750
     133    -164.2226      79.6450
     134    -168.3104      94.3744
     135     173.1083     100.4130
     136     165.3065     107.5994
     137     176.1359      79.4681
     138     167.2656     107.1396
     139     167.6903      94.7077
     140     171.0897     102.4653
     141     155.5854      92.7983
     142     172.6424      98.1305
     143     176.0268      83.7764
     144     169.7522      93.5204
     145    -168.0698      92.3865
     146     176.0222      85.4335
     147     168.5971      88.0706
     148     176.1889      97.6935
     149    -173.2154      86.1256
     150     163.2338     100.1364
     151     164.7203      93.6330
     152     175.6563      93.0055
     153     170.1507      79.3074
     154     170.1910      86.3413
     155     163.6205      83.5454
     156     176.7182      88.4983
     157     171.4593      83.8222
     158     171.7261      87.0944
     159     157.7793     104.3764
     160     166.9648      74.8093
     161     168.0904      91.2068
     162     177.8888      94.5709
     163     171.7920      93.3712
     164     162.9438      89.1859
     165    -178.9948      87.6375
     166    -172.0481      84.2907
     167     176.5584      87.3218
     168     172.0400      92.3381
     169     172.0260      84.5435
     170     169.6964     106.2144
     171    -175.9308      96.9816
     172    -170.7701      94.4151
     173     166.7118      95.4311
     174    -178.7222      86.6341
     175     162.2873      98.1050
     176    -177.9245      68.5092
     177    -177.3413      82.1880
     178    -175.3179      88.2206
     179    -176.4039      88.6924
     180     167.7048     102.5680
     181     177.3925      96.1907
     182     178.1636      97.7942
     183     157.6700      89.0389
     184     168.4589      84.5950
     185     164.6938      82.7665
     186    -169.5178      86.8123
     187    -173.4902      94.2648
     188    -173.4915      99.6412
     189     164.9490      95.9651
     190     166.7645      65.7822
     191     170.5102      73.5344
     192     175.3394      79.1337
     193     165.6692      96.4023
     194     173.9154      91.1343
     195     165.1272      98.6360
     196     173.6292      88.5802
     197     175.7627      83.5566
     198     167.5303      86.8906
     199     178.9527      90.2687
     200    -172.9817      63.5044
     201     164.0744      91.9884
     202     166.3450      83.0081
     203    -173.7697      85.0037
     204    -148.7753      91.8434
     205    -171.5932      80.2261
     206     178.1351      94.8884
     207    -178.0511      67.2581
     208    -179.6607      81.8741
     209    -175.7913      78.6515
     210     173.8203     102.1439
     211     178.4037     107.4395
     212    -175.5000      87.6047
     213    -168.6029      78.8668
     214     173.9551      91.2570
     215    -179.6547      86.8764
     216     174.2073      98.9817
     217    -173.7404      79.2243
     218     159.9666      92.7947
     219     178.0723      94.4920
     220     178.4300      80.0845
     221     170.8755      88.6026
     222     158.8074      87.2187
     223     161.4631      82.1295
     224     176.0442      90.6640
     225     167.3197     101.2713
     226     171.7308      96.0969
     227     167.7095      87.5790
     228     172.8633      93.3700
     229     173.6964      88.3820
     230     172.9587      98.9557
     231    -168.7218      79.1936
     232     173.3630     100.9817
     233     151.0220      96.4218
     234     172.7615      88.0543
     235     167.5284      75.6293
     236     169.7481      92.6940
     237    -175.1051      88.9790
     238     163.2528      90.4486
     239     171.1196     100.2257
     240     172.3719      97.5408
     241    -177.6278      84.8239
     242     168.7305      93.0335
     243     173.2003      93.4986
     244     175.2688      74.6372
     245     171.3455      83.9088
     246     172.3982      88.6847
     247    -179.5124      84.7383
     248     173.0311      75.5651
     249     172.1777      93.3255
     250     170.4422      78.1943
     251     160.2525     103.1607
     252     165.7474      92.5967
     253     163.7487      91.0738
     254    -169.4438      92.7477
     255     173.8191      88.4597
     256     178.7861      83.7574
     257    -174.6177      79.3235
     258     179.8120      81.1941
     259     163.3964      73.3921
     260     177.1968      83.5855
     261    -171.5930      84.2705
     262     175.3097      89.8609
     263    -177.2113      78.4276
     264     173.1462     102.3357
     265    -176.6107      91.0612
     266    -177.5413      88.7301
     267    -176.1572      82.8406
     268     175.6815      83.3616
     269     163.0845      80.9697
     270     177.7386      91.8353
     271     172.7518      88.6117
     272    -166.0791      80.7692
     273    -174.1625      95.8031
     274     174.8678      77.2354
     275     175.9339      94.1492
     276     178.6269     108.3973
     277    -177.6924      93.7299
     278    -168.7808      76.4113
     279    -179.8314      84.0856
     280    -175.2672      82.6239
     281     178.0749      86.4464
     282    -161.2663      81.9059
     283     179.9445      93.4979
     284    -177.0850      84.0463
     285    -169.2842      82.5103
     286    -158.2153      83.3656
     287    -171.9546      92.7560
     288    -168.8070      78.9557
     289     165.1886     108.1541
     290     176.0415      78.1395
     291    -177.8913      90.3979
     292     179.5500     115.3675
     293    -166.1111      59.7058
     294    -171.8812      97.5557
     295     178.2452      88.2420
     296     155.0327     104.5790
     297    -170.9251      90.1846
     298     174.0156     103.1711
     299     169.1028      98.7500
     300    -176.9151      90.7025
     301     165.6943      93.6678
     302     169.7129     105.0844
     303     160.1144      84.1041
     304    -177.9250      85.3260
     305     170.6990      98.4752
     306     179.4487      83.2047
     307    -173.3141      95.0090
     308    -169.8803      80.4761
     309    -177.2263      85.6873
     310    -159.5032      83.3518
     311     179.4377      99.2713
     312     168.3164     109.3980
     313    -164.1027     103.5424
     314    -164.3543      79.8157
     315     159.4393      97.8772
     316     165.0105      89.4177
     317     162.7418      81.5231
     318    -164.9134      74.7459
     319     175.9459      91.1833
     320     164.5081      81.9107
     321     166.3163      88.6271
     322    -175.4850      92.1503
     323     168.3368      89.3507
     324     160.9376      85.2617
     325     167.5083      85.3665
     326     170.3901      74.0545
     327    -167.5636      73.6331
     328     168.4764     103.0080
     329     162.8023      90.0376
     330     179.2503      96.2938
     331    -179.0917      69.4791
     332     161.6078      99.1680
     333     169.4377      88.2693
     334    -161.8780      78.6071
     335     162.0432      93.1555
     336    -168.2614      68.7040
     337     174.0292      98.1954
     338     168.7652      85.8086
     339    -166.3846      93.0268
     340    -168.6684      90.8289
     341    -172.0573      86.1060
     342    -168.4915     104.0625
     343    -166.9646      90.2435
     344    -163.4956      94.4857
     345    -164.5341      99.6710
     346    -164.3230      82.3938
     347     169.5386     104.4431
     348     173.2378      86.0048
     349    -175.7215      90.7618
     350     177.5757      86.1058
     351     174.0179     100.8028
     352     176.3300      94.7049
     353     167.0825      90.6070
     354     176.8769      81.2775
     355     178.6940      96.6455
     356    -164.8909      78.3056
     357    -177.1776      93.9241
     358     156.6473     102.9686
     359     175.5223      95.0529
     360     171.9411      91.8437
     361     156.4274      89.5649
     362    -163.1377      71.4826
     363    -165.5319     107.0915
     364     162.0768      89.1875
     365     171.7746      84.0226
     366    -160.0271      87.0008
     367     172.5755      92.0482
     368     178.1269      93.3124
     369     172.7452      94.9321
     370     172.6165      98.3469
     371    -168.8675      92.0594
     372     174.5976      92.6431
     373    -169.0478      98.2891
     374     179.2077      70.1272
     375     164.0581      91.1733
     376     176.9023      87.2379
     377     174.5632      75.7169
     378     176.9128      96.0151
     379    -174.5098      86.5321
     380     165.0130      87.1596
     381     177.5396      81.0964
     382     167.8994      76.8237
     383     167.1571      71.0241
     384     173.2990      86.1091
     385    -178.7279      87.7456
     386    -178.5007      91.1561
     387    -179.0682      78.4689
     388     179.9825      85.6753
     389     159.8206      89.8706
     390     177.8313      77.7929
     391     160.8948      93.7418
     392     175.4254      86.4573
     393     167.4453      89.5183
     394    -171.9055      87.3350
     395     162.5123      95.5582
     396     173.3138      87.9708
     397    -175.1883      58.9126
     398     178.0412     113.3971
     399    -173.3488      99.0568
     400     159.4412      98.7553
     401     179.2451      90.7876
     402    -163.2710      96.5124
     403    -172.9504      99.9970
     404    -163.6006      95.0415
     405     175.1100      82.0186
     406    -174.6402      72.8000
     407     170.9910      82.4617
     408     178.3328      88.3598
     409     173.6719      99.8846
     410     161.8388      91.5015
     411     177.7186      83.4820
     412     167.5588      92.6276
     413     175.0963      85.9978
     414     174.3373      92.5528
     415    -173.1468      92.2620
     416     177.5063      96.4124
     417     175.5565      93.8071
     418    -179.7472      90.2744
     419     177.6310      84.1607
     420     172.8110      99.2564
     421     172.7352      77.5196
     422     175.6968      92.5107
     423     175.2598      89.6765
     424     177.9638      99.2496
     425    -173.5257      89.5881
     426    -175.7548      83.0349
     427     169.0571      97.6932
     428     170.2391      91.4434
     429    -171.9013      76.5471
     430    -152.7603      79.7601
     431     166.8374      97.0803
     432     172.3838      89.9304
     433     162.5744     114.7775
     434     172.3893      86.5275
     435    -173.9837      90.9300
     436     164.4963      83.9477
     437     174.5110      84.4293
     438     174.5812      72.1641
     439     171.6666      89.8885
     440    -176.8897      84.6494
     441     164.3371      99.1563
     442     173.6545      81.5135
     443     169.7631      91.6052
     444     168.1933      94.5350
     445    -178.7352      79.7142
     446     168.8900      87.1636
     447     168.0420      90.8096
     448     165.7251      90.3497
     449     165.9666     102.3625
     450     164.3897      82.0287
     451     173.7488      95.7027
     452     178.0154      86.4498
     453     171.3474     101.2353
     454     163.2921      97.0460
     455     164.2234      99.7894
     456    -177.9862      92.3702
     457    -175.9553      93.3544
     458     173.1792      96.9881
     459     170.5681      86.3178
     460     159.9962     100.0651
     461     175.9861      84.8510
     462     168.6191      87.9268
     463     157.2122      87.4593
     464     175.2391      97.4860
     465     172.3438      91.7028
     466     162.7486      92.3906
     467    -179.0483      83.4448
     468     163.1687      84.6096
     469     175.6719      96.6235
     470    -176.9620      82.7413
     471    -170.0991      86.0241
     472     171.3596      83.4608
     473     170.8016      85.3879
     474     174.6104      79.7146
     475     167.7856      98.4859
     476    -178.1879      81.3229
     477     162.8814      91.6631
     478     179.1561      91.4218
     479     173.2781     104.7299
     480     177.1070      88.5166
     481     172.3240      92.7699
     482    -171.2101      92.5915
     483    -177.3492      96.0844
     484     174.0965      86.1885
     485     158.7914     102.5088
     486     172.9858     111.8069
     487     165.1673      94.7448
     488     162.8132     102.3190
     489     159.9598     105.1908
     490    -179.9448      89.9075
     491    -173.0485     105.3725
     492    -175.1934      83.9609
     493     170.0445      88.5578
     494     164.2370     101.6981
     495     175.1716     103.2728
     496    -178.2297      82.0685
     497    -178.9232      86.1950
     498     159.2826     109.8207
     499     156.9148      98.3579
     500     178.2721      98.7196
     501     159.0208     102.1382
     502     161.7653      89.2406
     503     172.5287      96.1719
     504     170.7477      96.5972
     505     155.4793      85.0243
     506     161.3443     104.6306
     507     175.4421      91.6687
     508     167.0908      86.7217
     509     168.5759      92.8045
     510     168.7383     104.8313
     511     172.8201      93.8946
     512     169.1775      73.3088
     513     179.9056      86.3254
     514     170.0128      96.7333
     515     174.7119      73.3290
     516     168.1219      85.4732
     517     167.5094      90.2407
     518    -175.9721      85.3172
     519    -179.3181      82.6765
     520    -173.7704      92.1680
     521     171.0984      95.5692
     522    -178.3897      83.6016
     523     176.9880      86.8261
     524    -179.5647      90.3863
     525     176.2113      94.9287
     526     179.1555      84.9406
     527     173.2511      84.9390
     528     161.4928     100.4096
     529     170.0488      90.8880
     530     175.9289     101.5261
     531     170.3277      85.5117
     532    -178.1087      87.7983
     533    -179.3688     101.9851
     534     169.0265      79.6340
     535    -179.1717      89.2915
     536    -172.1003      82.7776
     537    -173.1888      82.0610
     538     173.2073     107.7146
     539     176.4403      69.4098
     540    -178.8191      83.2523
     541     178.1496      99.1514
     542    -179.0568      80.8228
     543    -176.6964      78.6751
     544     177.5631      88.2743
     545     174.6430      88.5554
     546    -179.2283      80.2075
     547     171.4997      83.9061
     548     177.4319      93.3878
     549     170.8143     102.0287
     550    -176.6182      89.3342
     551     179.0740     109.2908
     552    -174.7268      74.3854
     553    -170.8938      80.1575
     554    -176.5777      88.0361
     555     178.8657      69.5857
     556     171.4337      93.3998
     557     178.0302      85.9503
     558     166.8399      93.2475
     559    -170.4880      85.1929
     560     174.2795      94.8268
     561     177.1889      95.6654
     562     178.2799      91.7059
     563    -175.7123      86.9317
     564     171.5781      82.3572
     565     168.3980      95.3026
     566     173.7167      79.2327
     567     161.3349      92.9836
     568     177.7488      84.0778
     569     179.6020      90.9024
     570     174.4731      82.5336
     571    -177.9299      85.7521
     572     171.6758      87.9617
     573     171.1046      83.3414
     574     175.1599      97.8369
     575     169.7629      98.2154
     576     168.1625     105.3361
     577     161.6028     102.0831
     578     167.4073      90.5465
     579    -178.0879      82.6642
     580    -171.8325      85.6301
     581     171.0435      89.1981
     582     165.7064      80.2417
     583     163.0468      80.7415
     584     164.1501      91.8463
     585     175.3799     105.8849
     586     156.8537     110.3609
     587     177.1426     105.4803
     588     174.7067      84.5561
     589     177.5040     104.3379
     590     165.7237      94.7250
     591     177.3633      88.2047
     592    -175.6954      78.9137
     593     174.8249      87.8734
     594     170.6591      80.8046
     595     176.0058      99.7976
     596     173.4448     101.2494
     597     162.9831      89.8549
     598     162.3804      78.9902
     599     174.8820      85.6442
     600     157.6374      98.9053
     601     178.4837      82.4156
     602    -175.1211      78.6822
     603    -178.8840      72.5751
     604     179.7061      99.0913
     605    -172.3288      86.8451
     606     176.5827      87.0821
     607    -179.6925      90.8679
     608    -171.5328      85.0344
     609     177.8353      90.7034
     610     176.2452      93.6683
     611    -173.2758     101.9291
     612     179.3978      82.8808
     613    -168.4003      87.0019
     614    -173.0477      93.1447
     615     175.7733      99.8003
     616    -171.9058      98.0321
     617    -168.1345     101.3485
     618    -165.0086     112.9891
     619    -178.0952      99.1730
     620     178.6569      92.9062
     621    -160.4123      82.3171
     622    -166.9209      85.5607
     623     171.7371      96.9550
     624     175.6915     107.5808
     625    -174.3365      85.9775
     626    -173.4468      98.4387
     627    -178.0922      84.4782
     628    -156.2341      93.0188
     629     176.4865      96.0955
     630    -166.6877      97.5499
     631    -165.6142      82.0840
     632    -166.1031      96.1056
     633    -171.4842      98.0613
     634    -170.7584     101.2326
     635    -157.2062     110.3996
     636    -154.6489     105.2685
     637    -156.5814     111.9947
     638    -165.0029     104.8407
     639    -164.0708     106.6783
     640    -156.8754      94.2849
     641    -163.1581     100.9046
     642    -156.8065      94.4847
     643    -156.6365     109.6196
     644    -162.2921     102.9376
     645    -163.7235     101.4788
     646    -161.5579      99.4692
     647    -156.3110     112.9240
     648    -154.6941      85.0315
     649    -168.4022      97.5229
     650    -153.8746      96.0950
     651    -167.4547     102.6716
     652    -165.1785     110.0641
     653    -152.3016      99.6266
     654    -154.4187      99.1664
     655    -159.5481      96.5233
     656    -163.8769      87.0201
     657    -152.0662      99.1317
     658    -160.5902      91.9075
     659    -154.2148      90.9536
     660     179.9161      83.6379
     661    -171.8374      84.4517
     662    -170.3992      97.5995
     663    -150.3284      74.0524
     664    -159.3567      58.9752
     665    -150.9468      86.2861
     666    -154.8987      83.9070
     667    -156.0984      97.2115
     668    -166.6829      86.3621
     669    -148.5606      82.4144
     670    -159.6948      81.8380
     671    -154.5707      82.9135
     672    -144.8503      87.0567
     673    -142.6421      65.2560
     674    -146.4808      74.5167
     675    -142.7788      74.8083
     676    -136.6549      87.0652
     677    -153.5862      62.4271
     678    -145.7242      92.1400
     679    -157.6072      85.2437
     680    -159.9717      85.3521
     681    -160.9626      84.4017
     682    -148.4431      73.2771
     683    -150.2248      75.8200
     684    -157.8579     108.3543
     685    -153.6720      83.9866
     686    -150.8738      79.6407
     687    -145.4148      86.2339
     688    -159.8982      61.8362
     689    -155.5827      84.5823
     690    -154.8636      49.0759
     691    -141.9602      75.6233
     692    -144.1203      67.8552
     693    -145.8601      79.0496
     694    -144.8405      79.0301
     695    -157.5749      89.4771
     696    -149.7220      88.1507
     697    -164.5543      84.7383
     698    -143.2192      52.8536
     699    -112.8624      87.7598
     700    -151.6566      59.7486
     701     -81.4139      79.7754
     702     -99.7763      84.8970
     703    -111.5692      88.1650
     704    -162.0091      81.5066
     705    -157.5212      69.5796
     706    -144.5193      80.4970
     707    -156.8799      91.8726
     708    -156.9730      76.2934
     709    -156.8566      44.2835
     710    -148.5508      79.0688
     711     178.0689      91.7032
     712    -162.1960      84.4569
     713     171.9756     101.3516
     714    -177.1331      72.1331
     715    -173.2235      62.7082
     716    -169.1368      81.5630
     717    -162.1703      81.2361
     718    -167.5016      82.2780
     719     173.0351      82.6364
     720    -166.2905      75.1022
     721    -172.6824      64.9744
     722    -162.6890      59.1440
     723    -175.2446      93.4589
     724    -175.4183      78.3740
     725    -169.5395      89.5032
     726    -146.7603      92.0895
     727    -158.5938      67.7469
     728    -167.8138      67.2809
     729    -176.9587      67.2448
     730     148.8582      79.0938
     731     153.6749      75.6225
     732     167.2807      82.5886
     733     152.2437      74.3155
     734     158.4433      88.7734
     735     153.0713      61.9307
     736     167.1838      80.5002
     737     162.6690      93.4217
     738     160.8549      64.2156
     739    -178.7371      83.1551
     740    -175.6610      85.3275
     741    -177.2255      69.1320
     742     174.5611      93.5720
     743     160.9603     100.1040
     744     167.6769      56.4945
     745     172.7779      80.0413
     746     173.9576      88.5282
     747     165.6495      77.0286
     748    -175.6779      79.8038
     749     179.2939      75.7458
     750    -173.8611      68.0155
     751    -177.8678      80.5790
     752     165.7785      74.2971
     753     173.3243      55.5031
     754     167.4099      63.6304
     755     161.6831      86.6687
     756     156.4108      97.2993
     757     163.5785      78.7907
     758     165.5487      85.3272
     759     154.9589      89.6769
     760     159.9061      84.7331
     761     167.3806      83.5320
     762     159.8829      65.9407
     763     156.9905      80.2901
     764     159.4778      70.4518
     765     169.6047      95.5213
     766     173.6428      86.1285
     767     162.5899      68.8583
     768     174.8997      75.3966
     769     170.2337      72.2102
     770     163.8691      86.3484
     771     156.4448      75.7171
     772     172.2631      71.9340
     773     164.0201      83.0631
     774     163.2924      77.4614
     775     155.7444      82.3292
     776     162.0549      75.2537
     777     156.7302      83.0427
     778     153.4065      96.7768
     779     176.6027      91.7167
     780     157.8104      76.7277
     781     166.7764      61.1815
     782     165.9364      75.1979
     783     168.4978      86.4955
     784     177.9863      62.3850
     785     161.4473      70.6309
     786     162.7233      73.5542
     787     178.2554      83.1525
     788     171.3431      83.7082
     789     163.6136      83.4005
     790     158.8234      69.3031
     791     163.4657      80.1929
     792     165.5706      64.5100
     793     176.3182      90.4353
     794     165.9456      80.9183
     795     170.5903      72.3935
     796     159.2517      88.4678
     797     169.3760      95.3029
     798     179.4733      85.8438
     799     170.2761      95.9006
     800     166.8595      80.3870
     801     171.7415      68.5603
     802     155.4684      78.9978
     803     161.2839      84.0881
     804     159.0121      98.7811
     805     156.7298      86.1061
     806     156.6179      78.1805
     807     152.5502      84.4269
     808     153.4545      77.1538
     809     154.3629      86.6489
     810     152.5849      78.8715
     811     167.9667      76.0447
     812     164.5473      90.8141
     813     161.3377      80.3797
     814     152.0122      85.4161
     815     156.6291      66.4066
     816     159.2527      82.8546
     817     174.6980      76.8292
     818     164.8515      73.9349
     819     171.8899      79.7121
     820     162.4809      69.5784
     821     169.9664      73.7844
     822     176.9927      92.8365
     823     172.5892      85.7304
     824     163.5333      86.3865
     825     160.9909      76.3018
     826     154.0093      82.2092
     827     168.2621      84.9997
     828     167.7802      66.0744
     829     164.5011      80.6841
     830    -168.0925      72.1417
     831     156.7118      95.3184
     832    -178.6688      82.1792
     833     154.6337      95.6227
     834     165.8260      73.7440
     835     164.7055      84.0802
     836     162.4506      95.9939
     837     171.9562      70.0617
     838     169.6243      75.7803
     839     172.8466      94.1026
     840     175.2655      65.6499
     841     163.2252      78.5561
     842     165.0486      80.3352
     843     164.2608      93.3471
     844     156.4093      71.2172
     845     150.4088      78.1028
     846     157.2070      93.7334
     847     152.2674      89.0443
     848     152.7060      69.6851
     849     174.3842      77.4790
     850     169.1561      75.4876
     851     156.9363      91.1853
     852     157.5404      76.8123
     853     160.6141      87.7911
     854     154.9009      89.6931
     855     165.2895      78.5398
     856     163.7785      86.0403
     857     159.9832      75.8325
     858     165.3494      89.2419
     859     167.1336      80.0525
     860     166.2781      92.3606
     861     167.4201      85.1714
     862     169.6060      73.9425
     863     166.6283      91.3577
     864     165.8797      76.5084
     865    -175.9577      61.8573
     866     163.3502      94.1093
     867     162.3935      93.0779
     868     168.6664      88.1752
     869     154.2527      67.9745
     870     168.1258      76.6410
     871     140.0221      90.0932
     872     171.4385      77.2960
     873     163.4328      84.3793
     874     156.9970      86.3759
     875     165.4779      82.2582
     876     168.0757      72.7268
     877     154.2581      85.7025
     878     170.3144      97.8953
     879     156.7000      88.3767
     880    -175.7641      74.6219
     881     169.2888     103.4796
     882     174.2481      57.7739
     883     166.6425      86.9731
     884     144.0039      99.1850
     885     159.2187      74.1290
     886     178.5892      81.3733
     887     169.2494      81.5839
     888     160.3173      90.3758
     889     168.4661      87.4864
     890     161.7538      73.8011
     891     155.5935      83.3466
     892     149.8753      85.5488
     893     157.9806      60.7646
     894     164.6697      77.7863
     895     178.1844      79.9326
     896     168.8696      83.8841
     897     173.6953      72.9529
     898     163.8892      73.9893
     899     155.3626      90.1473
     900     171.5019      82.4744
     901     172.7072      72.6902
     902     173.0852      80.3575
     903     163.4788      94.2589
     904     162.4360      91.7409
     905     159.6116      92.6832
     906     150.8637      97.5991
     907     153.5736      91.6520
     908     173.1572      87.7879
     909     163.2673      77.8413
     910     158.8552      89.6695
     911     164.9373      79.3703
     912     166.5003      88.9675
     913     176.9865      83.0907
     914     174.0103      69.6044
     915     177.1262      80.9437
     916     158.0313      91.6943
     917     161.3287      95.8623
     918     172.7219      73.3206
     919     177.7989      80.4133
     920     171.2029      86.2901
     921     175.5594      66.3530
     922     166.5273      89.0628
     923     178.7908      66.2340
     924    -176.5846      73.7279
     925     173.3547      75.7097
     926     176.7101      90.1104
     927     174.1183      85.3598
     928    -169.9136      65.7093
     929     176.7666      76.4995
     930     171.1227      81.7647
     931     173.2108      74.0251
     932    -172.9335      57.2406
     933    -176.3735      93.6505
     934     168.1262      83.6243
     935     170.2883      86.3325
     936    -179.7860      77.1889
     937    -175.5711      75.4426
     938     171.0916      67.4238
     939     173.1298      84.7092
     940     158.4905      88.6387
     941     163.3944      71.9063
     942     163.2014      65.0113
     943     159.9040      88.3599
     944    -175.4345      84.6770
     945     178.5333      86.0135
     946     157.3504      89.2984
     947     166.4053      96.9613
     948     159.4628      84.2034
     949     162.3150      87.3686
     950     167.5723     102.4153
     951     172.5642      87.5619
     952     178.3076      64.5496
     953    -169.9868      58.2201
     954     175.0333      80.5830
     955    -175.3042      55.6244
     956     158.8677      73.0395
     957     175.2469      76.5810
     958     156.9785      80.8317
     959    -166.9662      59.6005
     960     175.9722      79.2934
     961    -168.0537      89.9313
     962    -167.4897      59.2640
     963     157.0958      85.8791
     964    -175.4404      81.2233
     965    -175.3699      76.8716
     966    -179.2292      58.4351
     967    -176.4119      76.8155
     968    -176.6153      75.3292
     969    -176.8336     101.6017
     970    -174.7225      65.2114
     971     173.7644      77.8951
     972     167.4467      91.5963
     973     176.9703      80.8842
     974    -164.1658      84.2083
     975    -171.7095      66.9234
     976     172.7699      88.5952
     977    -165.9487      56.6818
     978     173.9147      84.9557
     979    -160.5621      67.8572
     980    -172.5225      71.5435
     981     167.7581      85.6995
     982     176.6413      88.8877
     983    -160.6784      82.6090
     984     165.7505      86.7921
     985    -170.2433      80.2529
     986     160.7326      77.8355
     987     160.5905      85.1219
     988    -172.0140      74.7927
     989    -172.2785      97.0015
     990     172.7506      82.3055
     991     171.9324      75.0000
     992     171.0172      94.0379
     993     168.2407      90.6625
     994     178.7532      64.6832
     995     152.8628     102.5662
     996     168.4532      82.3234
     997     170.9498      80.7855
     998     172.3454      87.9565
     999    -179.1770      81.8200
    1000     163.7680      83.1311
    1001     161.0550      87.5279
    1002     168.5833      88.6146
    1003    -179.5506      76.5493
    1004     153.8194      90.8363
    1005     171.6597      93.9905
    1006    -172.9214      81.8900
    1007    -177.5886      92.2847
    1008     178.1728      86.7837
    1009     168.7236      91.8444
    1010     155.7819     101.2026
    1011     167.6235      90.8109
    1012     169.7745      81.5421
    1013    -171.7400      57.8715
    1014     173.7807      84.8434
    1015     165.5849      90.4083
    1016     175.5123      91.3021
    1017     163.7063     103.2629
    1018    -179.6259      87.2210
    1019     169.7394      89.4013
    1020     160.4306      81.7017
    1021     168.5301      79.3972
    1022     167.3289      82.4428
    1023     159.0393      91.0656
    1024     164.3114      81.0724
    1025     157.9761      83.7289
    1026    -173.9658      77.1785
    1027     179.0734      83.5450
    1028     175.9219      76.8623
    1029     169.8058     108.1651
    1030     168.3963      72.1074
    1031     174.5573      85.3009
    1032     162.6454      81.3445
    1033     167.5066      82.6430
    1034     169.7257      84.7048
    1035     168.8989      69.2106
    1036     166.4684      82.1186
    1037     164.5355      86.4782
    1038     162.1399      84.0442
    1039     166.0300      87.4882
    1040     164.8728      88.1190
    1041     165.7128      92.5796
    1042     166.0335      76.2251
    1043     152.7004      83.0998
    1044     168.0956      70.6830
    1045     170.6314      91.4359
    1046     158.5753      94.4036
    1047     159.9550      86.6628
    1048     174.0428      85.9880
    1049     170.5523      96.9219
    1050     154.1455      74.7581
    1051     175.4554      70.7666
    1052     162.5931      94.2098
    1053     172.2959      81.9218
    1054    -172.9764      84.9261
    1055    -177.0762      75.3506
    1056     169.2789      99.2138
    1057     164.6022      86.3493
    1058     160.5890      95.0596
    1059     166.0933      81.1533
    1060     174.7261      68.9154
    1061     166.5918      78.5278
    1062     152.8546      97.3305
    1063    -177.3865      75.6239
    1064     174.3866      85.8418
    1065     165.1688      87.4830
    1066     163.0127      86.3013
    1067     175.6924      81.0125
    1068     170.6519      85.6266
    1069     162.2727      86.2555
    1070     176.5206      89.5615
    1071     176.5682      78.4229
    1072     157.9849     103.1363
    1073     172.0876      88.9660
    1074     173.2391      88.4137
    1075     173.7755      91.1761
    1076    -173.9231      87.0353
    1077     164.0256      87.6238
    1078     168.0875      85.8046
    1079     169.7279      91.3808
    1080     154.3738      85.0724
    1081     169.8894      85.8251
    1082     162.9038      76.6182
    1083     166.1695      81.1999
    1084     172.5316      83.3203
    1085     166.0528      93.8259
    1086     158.0634      86.3183
    1087     169.7619      88.5177
    1088     173.7804      99.4058
    1089     167.4939      90.4058
    1090     165.2376      84.2054
    1091     166.6705      67.8850
    1092     168.1170      68.2725
    1093     164.7786      62.4768
    1094     158.3839      88.5318
    1095     167.4220      85.7147
    1096     162.1657      79.0204
    1097     153.4831      80.1816
    1098     163.3812      86.3307
    1099     159.8446      78.2490
    1100     155.0263      74.0680
    1101     163.5491      83.9848
    1102     164.1096      82.5263
    1103     163.1364      91.5322
    1104     169.6974      66.8218
    1105     168.1522      68.8587
    1106     169.9160      69.3344
    1107     165.8177      81.4238
    1108     155.1400      77.8800
    1109     163.9014      87.5350
    1110     157.7975      80.2391
    1111     157.6503      78.3909
    1112     160.1414      79.8637
    1113     165.3504      75.2110
    1114     170.4203      98.9263
    1115     176.6373      83.7689
    1116     153.0429      84.6775
    1117     164.3543      84.8750
    1118     166.8923      92.9214
    1119     153.7163      76.0823
    1120     170.7199      64.8768
    1121     156.6704      83.6082
    1122     154.7098      81.8653
    1123     152.9627      74.2216
    1124     159.2761      81.0025
    1125    -177.6984      72.4566
    1126     178.6350      83.9781
    1127    -176.5759      66.3102
    1128     160.0283     102.2584
    1129     170.0572      80.4011
    1130     173.9701      84.6053
    1131     161.7585      75.7853
    1132     175.3273      66.6333
    1133     173.3643      94.2650
    1134     164.8217      73.2241
    1135     176.6671      90.8684
    1136     173.4819      82.7531
    1137     172.8523      82.0844
    1138     170.8394      79.3331
    1139     173.0020      81.5829
    1140    -178.5639      82.8770
    1141     175.8663      77.8040
    1142    -169.9943      69.1045
    1143     166.7832      78.6196
    1144     170.0899      89.3596
    1145    -178.0153      87.0812
    1146     175.0171      89.2468
    1147     160.8680      87.5895
    1148     172.5402      77.3572
    1149    -179.6691      82.9683
    1150     174.2244      85.7165
    1151     177.8767      88.8544
    1152     162.2626      82.3994
    1153     172.3198      85.7189
    1154    -176.3293      62.3860
    1155     159.9705      95.3329
    1156     158.4748      93.3411
    1157     164.9640      94.5839
    1158    -177.8781      78.7549
    1159     174.4655      78.6023
    1160     167.3570      86.7718
    1161     152.3960      75.8067
    1162     164.1463      70.8710
    1163    -176.5398      81.7459
    1164     151.6675      94.1942
    1165     163.8015      82.9874
    1166     155.7022      82.7587
    1167     166.5541      83.1562
    1168     152.6216      95.7984
    1169     176.3414      97.4264
    1170    -177.3809      72.4641
    1171    -179.2331      76.2002
    1172     174.6492      89.9263
    1173     168.4883      91.8179
    1174     169.4917      92.4367
    1175     169.0792     100.2381
    1176     176.6103      95.0738
    1177     166.2321      83.0797
    1178    -165.5652      91.2973
    1179    -175.8720      89.6341
    1180     165.5358      89.0464
    1181     170.0847      88.8806
    1182     175.3631      95.3061
    1183    -164.2549      79.3330
    1184     171.2552      96.7894
    1185     170.3579      88.2376
    1186     173.5893      87.8861
    1187     165.6125     101.7310
    1188     172.1069     100.9172
    1189     178.0277      93.1932
    1190    -172.3581      79.0218
    1191     161.2313      82.6591
    1192     175.9552      67.1006
    1193     154.9737      90.6319
    1194     168.5217      60.4702
    1195    -168.9977      77.7004
    1196     172.0070      59.9465
    1197     177.3425      72.4288
    1198     170.5241      65.6964
    1199     166.0409      88.8641
    1200     176.3524      82.8605
    1201     167.0659      79.5366
    1202    -165.9007      67.0111
    1203     161.8542      94.3866
    1204     174.8936      63.0449
    1205     165.9409      89.0174
    1206     169.0697      87.8289
    1207     154.2646      89.6336
    1208     166.9491      84.3741
    1209     175.2928      67.5645
    1210     166.9978      86.9298
    1211    -171.8647      82.9703
    1212     171.8585      71.0002
    1213     171.9914      71.9540
    1214     167.1259      87.6728
    1215     173.4172      75.8794
    1216     164.0171      85.3590
    1217     167.2901      81.9817
    1218    -178.2343      68.6977
    1219     161.8625      83.4468
    1220    -178.0417      84.1047
    1221     175.5530      68.9079
    1222     177.7687      84.2646
    1223     172.8543      73.7558
    1224     160.5643      82.1811
    1225     153.8806      84.5066
    1226     161.1221      81.7446
    1227     167.1329      74.9890
    1228     162.6284      81.5066
    1229     171.3716      82.3198
