#Frame        phi:129
       1     -49.6431
       2     -60.8601
       3     -74.2259
       4     -66.3016
       5     -67.6226
       6     -47.1707
       7     -57.6338
       8     -55.0989
       9     -57.8903
      10     -64.6969
      11     -59.7349
      12     -56.3893
      13     -69.5293
      14     -62.5987
      15     -60.3357
      16     -53.6731
      17     -64.0967
      18     -70.7719
      19     -60.5775
      20     -65.2327
      21     -67.3931
      22     -58.0808
      23     -62.0952
      24     -62.4432
      25     -67.5764
      26     -66.3932
      27     -56.5532
      28     -71.8417
      29     -60.2181
      30     -60.8088
      31     -60.8758
      32     -69.6613
      33     -56.7897
      34     -51.1461
      35     -55.9102
      36     -74.4196
      37     -72.3619
      38     -77.3974
      39     -56.1781
      40     -87.7222
      41     -69.5249
      42     -64.0602
      43     -81.6007
      44     -71.6190
      45     -60.3948
      46     -75.2790
      47     -72.6759
      48     -69.1784
      49     -67.3875
      50     -76.0708
      51     -71.2861
      52     -59.0601
      53     -70.2661
      54     -70.2871
      55     -64.4669
      56     -65.0278
      57     -65.4590
      58     -49.0072
      59     -51.2420
      60     -50.3843
      61     -63.3888
      62     -57.2241
      63     -52.1742
      64     -61.3415
      65     -59.8505
      66     -62.8289
      67     -67.7703
      68     -56.9468
      69     -46.5897
      70     -62.2474
      71     -77.0663
      72     -70.6141
      73     -61.8636
      74     -65.1153
      75     -70.0626
      76     -80.5762
      77     -60.1293
      78     -68.0953
      79     -64.8228
      80     -55.7037
      81     -75.5016
      82     -79.3715
      83     -59.2767
      84     -59.7874
      85     -64.8368
      86     -63.7869
      87     -58.8187
      88     -62.4343
      89     -62.5749
      90     -64.6800
      91     -66.3971
      92     -73.1363
      93     -50.4256
      94     -63.2499
      95     -64.3469
      96     -43.5009
      97     -57.4415
      98     -66.4309
      99     -75.1268
     100     -52.4520
     101     -61.1258
     102     -68.5848
     103     -59.2562
     104     -65.7059
     105     -44.3955
     106     -83.0563
     107     -68.7079
     108     -63.8432
     109     -74.3162
     110     -50.8895
     111     -74.0228
     112     -52.7815
     113     -71.2307
     114     -65.9601
     115     -55.9353
     116     -63.3908
     117     -59.4571
     118     -54.8952
     119     -57.5066
     120     -81.4701
     121     -69.2078
     122     -64.3356
     123     -69.8046
     124     -51.5817
     125     -60.1818
     126     -49.2744
     127     -59.7312
     128     -63.4762
     129     -81.0432
     130     -77.2061
     131     -75.5346
     132     -60.2023
     133     -68.3122
     134     -67.0650
     135     -58.4632
     136     -53.2467
     137     -70.7622
     138     -62.5729
     139     -59.6810
     140     -54.9546
     141     -71.8676
     142     -72.9946
     143     -67.1969
     144     -57.9243
     145     -56.7128
     146     -62.4737
     147     -68.6774
     148     -54.4092
     149     -45.3480
     150     -74.1081
     151     -61.8887
     152     -51.4445
     153     -80.2954
     154     -55.4616
     155     -64.3861
     156     -57.5135
     157     -69.9138
     158     -57.7845
     159     -43.9604
     160     -59.2604
     161     -53.9893
     162     -49.2889
     163     -58.5245
     164     -46.1032
     165     -55.5208
     166     -56.5844
     167     -60.2174
     168     -53.3468
     169     -69.3756
     170     -62.4366
     171     -58.5251
     172     -71.5923
     173     -54.5688
     174     -65.4010
     175     -57.3381
     176     -57.4815
     177     -53.3243
     178     -68.3034
     179     -57.5130
     180     -49.3069
     181     -57.1157
     182     -59.8249
     183     -62.4563
     184     -49.8426
     185     -66.9675
     186     -64.8312
     187     -63.6882
     188     -62.4606
     189     -46.4271
     190     -57.2225
     191     -64.0110
     192     -61.9488
     193     -62.6948
     194     -62.4696
     195     -54.1832
     196     -66.4469
     197     -41.2482
     198     -68.3090
     199     -68.5767
     200     -55.3212
     201     -64.5082
     202     -57.2539
     203     -69.4595
     204     -55.3457
     205     -52.1960
     206     -54.0082
     207     -61.0614
     208     -52.8789
     209     -44.6257
     210     -80.0152
     211     -58.0255
     212     -85.4301
     213     -62.9880
     214     -69.8409
     215     -64.3101
     216     -61.4637
     217     -42.7780
     218     -59.0078
     219     -64.9617
     220     -63.0787
     221     -67.0438
     222     -73.9964
     223     -65.8639
     224     -57.6420
     225     -56.8985
     226     -56.4881
     227     -63.0420
     228     -86.5901
     229     -65.4473
     230     -75.2925
     231     -67.0677
     232     -68.7258
     233     -53.4327
     234     -59.4783
     235     -65.9343
     236     -73.1622
     237     -68.9876
     238     -75.4027
     239     -44.9601
     240     -60.4053
     241     -48.9041
     242     -57.5751
     243     -59.7308
     244     -56.4081
     245     -61.4537
     246     -49.9206
     247     -56.8694
     248     -51.2195
     249     -66.9621
     250     -46.7985
     251     -69.4467
     252     -48.9688
     253     -61.2488
     254     -47.0987
     255     -60.5544
     256     -59.8722
     257     -60.3696
     258     -73.7162
     259     -64.4370
     260     -61.6990
     261     -69.3458
     262    -110.9529
     263     -64.6066
     264     -61.7099
     265     -62.0252
     266     -55.6077
     267     -51.4069
     268     -69.2107
     269     -34.8002
     270     -54.3592
     271     -63.1310
     272     -59.0903
     273     -71.8866
     274     -94.0821
     275     -56.1435
     276     -65.3606
     277     -73.4521
     278     -66.0339
     279     -59.2894
     280     -43.1348
     281     -58.5262
     282     -74.3078
     283     -58.1630
     284     -55.8117
     285     -63.6469
     286     -54.9675
     287     -61.0672
     288     -50.0960
     289     -64.3226
     290     -68.0546
     291     -58.2829
     292     -84.2656
     293     -68.4403
     294     -61.7451
     295     -55.7145
     296     -76.6266
     297     -74.1741
     298     -59.8730
     299     -57.1024
     300     -71.3771
     301     -68.2641
     302     -60.8569
     303     -54.5517
     304     -55.7009
     305     -56.2702
     306     -60.2735
     307     -59.3295
     308     -67.3414
     309     -68.7921
     310     -55.9895
     311     -54.1027
     312     -57.5102
     313     -58.4391
     314     -54.7344
     315     -49.4827
     316     -55.9457
     317     -57.6167
     318     -53.2273
     319     -62.8426
     320     -63.8114
     321     -48.1235
     322     -52.7833
     323     -68.3468
     324     -75.4959
     325     -50.6424
     326     -49.9454
     327     -66.9486
     328     -64.3615
     329     -46.9821
     330     -52.4906
     331     -67.2589
     332     -68.6681
     333     -68.9289
     334     -59.5322
     335     -43.1022
     336     -62.2190
     337     -59.1919
     338     -54.5623
     339     -66.9695
     340     -40.7823
     341     -47.5299
     342     -60.4939
     343     -63.6144
     344     -58.9559
     345     -54.9400
     346     -54.1359
     347     -51.1188
     348     -51.3465
     349     -48.8680
     350     -58.1215
     351     -54.1739
     352     -56.5258
     353     -58.1248
     354     -63.0051
     355     -55.0829
     356     -63.3861
     357     -57.7217
     358     -45.9824
     359     -57.0434
     360     -70.1257
     361     -62.0744
     362     -66.6119
     363     -65.1719
     364     -65.0281
     365     -49.0456
     366     -57.5348
     367     -57.7130
     368     -69.6932
     369     -51.0673
     370     -69.5247
     371     -63.5913
     372     -80.2613
     373     -62.0959
     374     -64.8475
     375     -70.6936
     376     -46.3036
     377     -51.9193
     378     -59.1294
     379     -58.4986
     380     -46.0651
     381     -52.1538
     382     -53.5450
     383     -37.0012
     384     -61.8243
     385     -55.9566
     386     -49.2189
     387     -72.5625
     388     -74.1122
     389     -60.2707
     390     -46.4625
     391     -56.3335
     392     -55.5067
     393     -67.7680
     394     -52.2960
     395     -60.3782
     396     -59.6388
     397     -61.2278
     398     -58.1804
     399     -59.8517
     400     -66.1294
     401     -57.0450
     402     -35.4294
     403     -42.9922
     404     -51.3559
     405     -44.7544
     406     -55.7379
     407     -44.0346
     408     -64.9331
     409     -58.4802
     410     -41.3172
     411     -65.2863
     412     -69.1463
     413     -65.1289
     414     -58.6738
     415     -51.3174
     416     -53.3394
     417     -46.8521
     418     -48.3679
     419     -75.2658
     420     -55.1787
     421     -60.5743
     422     -64.0017
     423     -51.8760
     424     -49.7135
     425     -50.2410
     426     -62.7016
     427     -67.3363
     428     -52.8616
     429     -56.4458
     430     -54.1281
     431     -58.9022
     432     -66.8545
     433     -67.8748
     434     -57.2641
     435     -56.3732
     436     -53.9668
     437     -61.9513
     438     -64.4868
     439     -56.8087
     440     -62.9760
     441     -50.1791
     442     -75.5522
     443     -70.0657
     444     -50.8710
     445     -41.1320
     446     -65.0148
     447     -51.6918
     448     -45.0788
     449     -46.3986
     450     -53.9818
     451     -56.8850
     452     -49.9825
     453     -65.8927
     454     -48.8797
     455     -54.4830
     456     -68.7879
     457     -40.0888
     458     -59.7987
     459     -53.1483
     460     -65.7485
     461     -71.1785
     462     -57.0861
     463     -73.8976
     464     -62.5059
     465     -59.8668
     466     -58.3311
     467     -65.1742
     468     -59.6552
     469     -63.5769
     470     -70.3665
     471     -71.9328
     472     -48.6604
     473     -57.6595
     474     -46.8727
     475     -63.9292
     476     -66.5971
     477     -74.4022
     478     -60.1537
     479     -46.4608
     480     -68.9133
     481     -68.2236
     482     -57.7330
     483     -61.8908
     484     -65.7652
     485     -49.3339
     486     -60.2981
     487     -56.9393
     488     -70.5725
     489     -62.0796
     490     -54.6765
     491     -59.4165
     492     -60.6266
     493     -56.5218
     494     -52.3748
     495     -61.5277
     496     -67.9365
     497     -59.2390
     498     -60.3951
     499     -52.9513
     500     -56.4742
     501     -53.8247
     502     -45.9174
     503     -69.0020
     504     -68.1761
     505     -57.7308
     506     -60.7223
     507     -60.8378
     508     -59.1201
     509     -72.6843
     510     -54.9782
     511     -61.4985
     512     -54.4781
     513     -62.8476
     514     -68.3180
     515     -56.6274
     516     -60.0475
     517     -65.3372
     518     -42.0443
     519     -58.4872
     520     -64.2110
     521     -48.4789
     522     -47.2386
     523     -57.3265
     524     -73.6869
     525     -59.2053
     526     -50.3882
     527     -58.2550
     528     -69.6092
     529     -63.6246
     530     -66.2206
     531     -59.4057
     532     -46.2884
     533     -64.5374
     534     -58.0175
     535     -51.0462
     536     -43.6816
     537     -62.9684
     538     -68.9189
     539     -75.8388
     540     -76.5374
     541     -68.0487
     542     -53.2412
     543     -43.4909
     544     -69.3906
     545     -45.0623
     546     -75.1953
     547     -69.3829
     548     -57.5899
     549     -72.1379
     550     -43.9676
     551     -70.8874
     552     -76.7198
     553     -62.5544
     554     -71.2485
     555     -69.7991
     556     -59.5108
     557     -69.7425
     558     -48.5293
     559     -63.5399
     560     -72.1301
     561     -66.3238
     562     -53.4028
     563     -53.5138
     564     -64.9870
     565     -60.5098
     566     -62.3280
     567     -66.3310
     568     -53.3096
     569     -50.7257
     570     -71.4541
     571     -59.9754
     572     -69.5416
     573     -64.6344
     574     -53.5790
     575     -40.5712
     576     -58.2005
     577     -50.0509
     578     -49.6602
     579     -49.5740
     580     -55.6604
     581     -50.7223
     582     -66.4735
     583     -52.2720
     584     -64.0558
     585     -62.0792
     586     -64.9534
     587     -49.9961
     588     -60.5514
     589     -65.2923
     590     -60.1068
     591     -48.2759
     592     -56.0275
     593     -71.1638
     594     -81.2944
     595     -58.0395
     596     -55.1626
     597     -75.8317
     598     -57.9702
     599     -58.2961
     600     -71.7447
     601     -60.9145
     602     -64.6978
     603     -72.5132
     604     -53.3983
     605     -70.3941
     606     -62.8800
     607     -60.6917
     608     -54.1573
     609     -45.7855
     610     -71.5745
     611     -76.8389
     612     -55.1142
     613     -60.2094
     614     -94.7336
     615     -77.3381
     616     -64.6969
     617     -52.4848
     618     -99.8526
     619     -66.3905
     620    -100.7758
     621     -85.5849
     622     -77.8286
     623     -62.4547
     624     -85.9284
     625    -104.3835
     626     -92.4037
     627     -75.2838
     628     -97.9167
     629     -91.0979
     630     -95.5006
     631     -84.7391
     632     -87.0553
     633     -69.6503
     634     -51.4950
     635     -54.6140
     636     -58.8957
     637     -76.3080
     638     -84.1151
     639     -49.1496
     640     -55.4801
     641     -66.2561
     642     -65.4095
     643     -49.9215
     644     -57.9909
     645     -59.7224
     646     -59.1434
     647     -54.4213
     648     -96.6285
     649     -60.4682
     650     -56.8685
     651    -107.6636
     652     -52.6934
     653     -62.4559
     654    -100.9608
     655    -103.8153
     656     -62.4212
     657     -66.9900
     658     -57.9647
     659     -96.3309
     660     -81.9125
     661     -77.0524
     662     -90.6617
     663     -69.2241
     664     -64.4777
     665     -98.7504
     666     -60.1585
     667     -77.6022
     668     -77.4584
     669     -67.7750
     670     -62.1486
     671     -95.9714
     672     -71.4848
     673     -63.9354
     674     -90.5190
     675     -63.6266
     676     -78.1625
     677     -75.9883
     678     -90.2967
     679     -61.7927
     680     -72.6285
     681     -62.9260
     682     -75.2661
     683     -83.4271
     684     -68.4871
     685     -67.0926
     686     -71.7672
     687     -68.6377
     688     -89.0138
     689     -64.3008
     690     -63.5455
     691     -57.7534
     692     -82.2036
     693     -63.2939
     694     -70.4342
     695     -66.3653
     696     -62.6239
     697     -84.2741
     698     -59.4152
     699     -67.3546
     700     -86.9270
     701     -72.3335
     702     -73.7278
     703     -82.5888
     704     -66.1268
     705     -96.7870
     706    -110.6027
     707     -64.4600
     708     -43.1529
     709     -73.3279
     710     -43.2320
     711    -106.0977
     712     -99.6879
     713     -53.5495
     714     -65.3730
     715     -93.0080
     716     -61.6542
     717     -77.9109
     718     -82.6249
     719     -71.8926
     720     -73.5917
     721    -103.0217
     722     -95.7210
     723     -90.5411
     724     -57.7197
     725     -72.8009
     726     -95.3732
     727     -65.8931
     728     -87.9395
     729     -64.2293
     730     -84.6856
     731     -61.6724
     732     -55.8052
     733     -64.9651
     734     -67.9538
     735     -58.3881
     736     -50.0315
     737     -49.6016
     738     -54.9561
     739     -82.4036
     740     -73.0793
     741     -75.5566
     742     -87.3050
     743     -83.9528
     744     -68.1941
     745     -66.4892
     746     -76.0021
     747     -69.0077
     748     -46.8358
     749     -80.2950
     750     -70.9600
     751     -82.6455
     752     -58.2051
     753     -66.9013
     754     -61.7288
     755     -59.3893
     756     -47.3376
     757     -71.5902
     758     -64.7912
     759     -51.9637
     760     -58.7367
     761     -56.7669
     762     -47.5002
     763     -67.3408
     764     -65.1865
     765     -68.4678
     766     -85.9482
     767     -82.7556
     768     -49.7415
     769     -64.8712
     770     -71.0996
     771     -55.4357
     772     -65.7586
     773     -61.8246
     774     -65.9517
     775     -72.0625
     776     -59.9413
     777     -69.9279
     778     -70.4868
     779     -52.5589
     780     -70.4300
     781     -53.8138
     782     -66.0401
     783     -49.4286
     784     -61.2451
     785     -60.3301
     786     -49.0416
     787     -53.1464
     788     -69.8142
     789     -52.5227
     790     -50.1051
     791     -73.7236
     792     -58.1482
     793     -63.8807
     794     -51.2658
     795     -60.3221
     796     -52.8691
     797     -62.6042
     798     -45.1047
     799     -54.4901
     800     -41.9650
     801     -29.9738
     802     -60.8503
     803     -57.2820
     804     -58.8467
     805     -59.7211
     806     -47.0084
     807     -68.8021
     808     -70.6074
     809     -65.3348
     810     -69.4994
     811     -74.6092
     812     -54.1084
     813     -73.6179
     814     -65.6945
     815     -57.2674
     816     -69.0861
     817     -58.4282
     818     -62.1775
     819     -67.1958
     820     -50.2045
     821     -57.9443
     822     -65.6308
     823     -35.7386
     824     -61.0521
     825     -66.5863
     826     -57.1286
     827     -57.6289
     828     -44.9064
     829     -55.1553
     830     -39.9811
     831     -57.0004
     832     -65.9900
     833     -59.5364
     834     -68.6366
     835     -58.2581
     836     -58.0576
     837     -50.0733
     838     -64.3163
     839     -51.7326
     840     -45.9112
     841     -51.6042
     842     -45.1597
     843     -57.5149
     844     -56.8445
     845     -51.4531
     846     -40.3483
     847     -55.2660
     848     -67.8295
     849     -59.1877
     850     -49.4181
     851     -62.8728
     852     -67.1515
     853     -64.3677
     854     -64.9722
     855     -73.4530
     856     -56.9600
     857     -63.3441
     858     -56.9607
     859     -59.1023
     860     -61.3125
     861     -63.7932
     862     -65.4452
     863     -62.1271
     864     -68.6961
     865     -64.5773
     866     -50.1295
     867     -59.0572
     868     -58.3363
     869     -55.1940
     870     -70.0845
     871     -55.6194
     872     -71.4160
     873     -57.1746
     874     -57.0778
     875     -58.7539
     876     -63.6231
     877     -59.5583
     878     -60.2414
     879     -62.0848
     880     -83.8058
     881     -60.3863
     882     -76.1310
     883     -60.6284
     884     -60.0787
     885     -46.5554
     886     -61.3630
     887     -67.7639
     888     -54.5845
     889     -65.8252
     890     -50.7370
     891     -54.7044
     892     -63.8401
     893     -37.5964
     894     -56.2968
     895     -65.1970
     896     -43.2611
     897     -70.0561
     898     -56.5019
     899     -58.8485
     900     -60.7203
     901     -57.9709
     902     -61.6734
     903     -54.2061
     904     -38.5931
     905     -63.4990
     906     -60.7426
     907     -66.2371
     908     -62.6734
     909     -49.0063
     910     -50.4847
     911     -50.6085
     912     -52.7423
     913     -61.9663
     914     -64.0549
     915     -60.9726
     916     -56.4592
     917     -48.2926
     918     -72.6182
     919     -61.2433
     920     -76.1107
     921     -51.9767
     922     -62.2227
     923     -60.3113
     924     -64.9039
     925     -43.2176
     926     -65.8014
     927     -56.5847
     928     -73.0246
     929     -64.4179
     930     -62.1175
     931     -58.2964
     932     -49.6001
     933     -63.7880
     934     -59.1141
     935     -56.6240
     936     -77.7031
     937     -62.8181
     938     -58.6723
     939     -67.5500
     940     -71.2295
     941     -65.1373
     942     -55.9486
     943     -57.3256
     944     -68.7529
     945     -66.9612
     946     -48.9668
     947     -67.7526
     948     -53.3426
     949     -46.1365
     950     -58.9931
     951     -77.1679
     952     -66.6910
     953     -49.2171
     954     -58.8621
     955     -60.5479
     956     -55.8972
     957     -64.4777
     958     -55.5333
     959     -60.4405
     960     -54.8897
     961     -67.9136
     962     -64.1701
     963     -64.0104
     964     -65.4460
     965     -66.3338
     966     -62.8561
     967     -83.4589
     968     -70.4727
     969     -65.4712
     970     -68.7161
     971     -56.1155
     972     -54.0908
     973     -54.3049
     974     -63.7874
     975     -69.7712
     976     -54.0322
     977     -56.5091
     978     -53.5631
     979     -46.9229
     980     -70.3654
     981     -59.1680
     982     -65.9686
     983     -71.6174
     984     -69.3073
     985     -73.4206
     986     -49.0433
     987     -67.7655
     988     -63.7142
     989     -73.8216
     990     -62.3096
     991     -60.4657
     992     -62.5704
     993     -70.4243
     994     -67.5838
     995     -58.6080
     996     -56.2428
     997     -63.0068
     998     -70.5267
     999     -63.2654
    1000     -51.0966
    1001     -69.8251
    1002     -47.8468
    1003     -61.7861
    1004     -56.2105
    1005     -68.0285
    1006     -65.7269
    1007     -53.3876
    1008     -62.9838
    1009     -58.8287
    1010     -59.0492
    1011     -62.0983
    1012     -68.7266
    1013     -66.0480
    1014     -66.4080
    1015     -65.9714
    1016     -62.5366
    1017     -49.7965
    1018     -51.1357
    1019     -55.3866
    1020     -60.7744
    1021     -67.7210
    1022     -51.3872
    1023     -67.7352
    1024     -69.7621
    1025     -61.0425
    1026     -46.7413
    1027     -67.7732
    1028     -58.5038
    1029     -44.0023
    1030     -57.9032
    1031     -52.1971
    1032     -61.2222
    1033     -62.4190
    1034     -53.0583
    1035     -63.5504
    1036     -66.7965
    1037     -65.1158
    1038     -57.7353
    1039     -64.3983
    1040     -40.2594
    1041     -52.6892
    1042     -46.2571
    1043     -61.9722
    1044     -36.5093
    1045     -54.9799
    1046     -45.7725
    1047     -62.2041
    1048     -66.0646
    1049     -45.1965
    1050     -62.6119
    1051     -70.6892
    1052     -65.9796
    1053     -36.8223
    1054     -72.6285
    1055     -64.6890
    1056     -73.0733
    1057     -54.9447
    1058     -56.1501
    1059     -60.4997
    1060     -70.7045
    1061     -63.2892
    1062     -68.4899
    1063     -52.2021
    1064     -47.6520
    1065     -58.1834
    1066     -60.5706
    1067     -60.3008
    1068     -51.7442
    1069     -73.7105
    1070     -73.3034
    1071     -61.9805
    1072     -51.7872
    1073     -49.5917
    1074     -46.5588
    1075     -57.8713
    1076     -55.2494
    1077     -59.7547
    1078     -55.1075
    1079     -67.8651
    1080     -63.6734
    1081     -55.3718
    1082     -28.1780
    1083     -52.4921
    1084     -60.5420
    1085     -42.9454
    1086     -61.3440
    1087     -87.9847
    1088     -42.9243
    1089     -32.0425
    1090     -68.8468
    1091     -53.2916
    1092     -50.8627
    1093     -61.0034
    1094     -56.7948
    1095     -59.7434
    1096     -64.8278
    1097     -48.8569
    1098     -55.5994
    1099     -55.8216
    1100     -75.6589
    1101     -50.0869
    1102     -60.3392
    1103     -56.5778
    1104     -56.4718
    1105     -56.2814
    1106     -52.0741
    1107     -68.1266
    1108     -61.4404
    1109     -56.0016
    1110     -49.0725
    1111     -52.7437
    1112     -54.6163
    1113     -57.1894
    1114     -59.4955
    1115     -41.1376
    1116     -63.4118
    1117     -73.9680
    1118     -55.3359
    1119     -63.4429
    1120     -56.3595
    1121     -52.6756
    1122     -55.4609
    1123     -62.5631
    1124     -50.9411
    1125     -64.3464
    1126     -61.9112
    1127     -67.3151
    1128     -59.7555
    1129     -46.3273
    1130     -51.9916
    1131     -54.3971
    1132     -65.6540
    1133     -60.8268
    1134     -57.4623
    1135     -62.8538
    1136     -57.9599
    1137     -58.5095
    1138     -69.7032
    1139     -57.2082
    1140     -63.4600
    1141     -54.2132
    1142     -59.8427
    1143     -61.6387
    1144     -61.0467
    1145     -50.6385
    1146     -63.5949
    1147     -54.2369
    1148     -60.6503
    1149     -66.4439
    1150     -49.9695
    1151     -51.5114
    1152     -65.0611
    1153     -60.6190
    1154     -52.4106
    1155     -56.1507
    1156     -62.4167
    1157     -67.7301
    1158     -50.6993
    1159     -61.2671
    1160     -50.7321
    1161     -58.0400
    1162     -56.0437
    1163     -61.3292
    1164     -45.4107
    1165     -56.3843
    1166     -57.9601
    1167     -63.7248
    1168     -54.3486
    1169     -79.9319
    1170     -66.8901
    1171     -60.5476
    1172     -51.3083
    1173     -63.5199
    1174     -60.1810
    1175     -54.9697
    1176     -45.1750
    1177     -65.0059
    1178     -67.6849
    1179     -45.5281
    1180     -56.0225
    1181     -56.6653
    1182     -64.4169
    1183     -54.4580
    1184     -72.8818
    1185     -56.7682
    1186     -59.9606
    1187     -71.0983
    1188     -54.0921
    1189     -62.1506
    1190     -70.7805
    1191     -61.1222
    1192     -63.7334
    1193     -73.3150
    1194     -64.3764
    1195     -47.0532
    1196     -66.2396
    1197     -55.5456
    1198     -58.6544
    1199     -59.2956
    1200     -49.4625
    1201     -72.5852
    1202     -59.0297
    1203     -61.1915
    1204     -71.7350
    1205     -61.7077
    1206     -65.6669
    1207     -47.0900
    1208     -48.8876
    1209     -67.4309
    1210     -56.3384
    1211     -78.1543
    1212     -66.8720
    1213     -53.5002
    1214     -58.0199
    1215     -59.2485
    1216     -55.8320
    1217     -63.0859
    1218     -48.5678
    1219     -64.7459
    1220     -68.0808
    1221     -69.5321
    1222     -78.5810
    1223     -61.3817
    1224     -58.8123
    1225     -55.7599
    1226     -58.6298
    1227     -62.2568
    1228     -50.6935
    1229     -49.7388
