#Frame       chi1:129     chi2:129
       1    -168.4677      84.2018
       2    -174.1750      79.9679
       3     174.9174     103.7834
       4     163.5888     100.3564
       5    -160.9718      91.1751
       6    -178.1078     109.4986
       7    -178.0323      81.7010
       8     174.4825      95.3810
       9     172.5764     100.2442
      10    -176.1557      89.7498
      11    -176.3800      85.4561
      12    -174.7715      81.7280
      13     172.0913      88.3741
      14     176.4377      85.4836
      15    -178.6593      96.0436
      16     178.6833      87.5808
      17    -174.4722      85.2399
      18     179.4824      83.7656
      19    -173.8623      89.4348
      20     158.6866      87.4714
      21     163.1913     102.4697
      22     168.2811      65.6127
      23     170.7879      92.1903
      24     172.8357      76.9898
      25     175.7455      86.1033
      26     166.7379      92.9714
      27     174.3639      74.4687
      28     179.7257      92.3014
      29     167.0203      83.5259
      30    -177.4532      84.3987
      31     172.4993      77.2674
      32     160.3610      94.3350
      33     177.1457      95.7720
      34     173.0315      64.3938
      35     179.3677      84.1609
      36     176.2782      80.8405
      37     179.5064      70.0503
      38     168.9119      95.0145
      39     170.4231      87.5790
      40     162.3754     112.7845
      41     165.5211     105.4351
      42     166.8461      79.6804
      43     166.3370      92.8674
      44     162.8215      91.6955
      45     172.3274      85.9434
      46     174.1135      86.7455
      47     169.6014      89.3397
      48     163.3511     100.1067
      49     167.1568      99.8879
      50    -175.2463      85.9655
      51     171.3149      90.4577
      52     173.4198      81.5814
      53     160.5613     103.9305
      54     177.1404      87.9722
      55     177.1598      90.2802
      56     169.2524      87.1486
      57     161.1416      96.1568
      58    -173.2273      73.4254
      59    -179.7404      79.4933
      60    -178.7283      67.9238
      61     172.3197      92.6941
      62    -173.7578      73.7940
      63    -179.8271      87.1118
      64     153.8299     100.6853
      65    -169.7039      93.6667
      66     172.7997      75.8748
      67     174.3570      87.3585
      68    -169.1093      81.6435
      69    -175.5147      94.0873
      70     176.1992      94.7129
      71    -176.2531      90.2904
      72     177.5752      94.5266
      73     171.2742      85.1819
      74     169.9996      85.6185
      75     166.9263      87.3342
      76     163.9491      97.3247
      77     171.9357      98.7033
      78    -173.7014      94.2683
      79     174.0744      83.8071
      80     179.4232      90.1411
      81     171.6021      93.3866
      82     177.3944      86.5723
      83    -177.4221     106.1251
      84     166.6885      97.9100
      85     173.5309      87.3083
      86     175.8812     104.9506
      87     167.5250      96.0997
      88     175.3959      91.9285
      89     166.8635      82.0773
      90     167.0210      95.8943
      91    -169.9439      89.3154
      92     170.2691      99.8240
      93     172.3482      87.5746
      94     169.6989      83.3903
      95     167.4304     101.9272
      96     175.7238      94.9000
      97    -177.8483      92.8488
      98    -172.2491      71.3639
      99    -173.7030      80.1482
     100    -171.7013      70.5897
     101    -165.8879      88.0438
     102    -165.0404      98.1116
     103    -173.1546      92.4362
     104    -169.7574      88.0236
     105    -164.3937      82.8141
     106     177.3402      84.6132
     107     176.4778      87.6132
     108     177.6354      92.9282
     109     177.4850      78.9479
     110    -175.3312     103.2853
     111    -170.9355      79.5501
     112    -173.2440     102.7285
     113     169.6327      94.5816
     114     177.7749      90.1642
     115    -175.1279      88.3757
     116    -178.2159      87.7833
     117     178.4800      93.9898
     118     173.9070      88.9384
     119     161.3322      84.0804
     120     166.5839      88.8136
     121     166.6363      88.4371
     122    -178.6299      82.4855
     123     157.4031      84.4088
     124     179.8511      85.4786
     125     164.0905      81.8201
     126    -154.8972      82.6853
     127     178.0366      91.6664
     128     179.8642      77.7685
     129     172.3625      88.8175
     130     168.7336      85.5558
     131     175.2533      98.3802
     132     169.3108      91.4794
     133     167.8240      89.3071
     134     171.4211      87.4043
     135     164.9595      81.4010
     136     168.3557      81.5389
     137    -179.0973      83.0898
     138     155.4932      97.8303
     139     169.7581      96.4070
     140     176.6618      71.3251
     141     167.3169      73.2845
     142     161.8532      86.3783
     143     163.8351      83.0876
     144     167.8498      81.3905
     145     172.4899      71.4809
     146     163.1072     102.7554
     147     169.1988      73.5033
     148    -179.6424      79.3159
     149     166.1828      94.5641
     150     178.7339      82.4684
     151     172.5550      94.6073
     152    -165.6154      84.6960
     153    -168.8549      81.9468
     154    -179.4729      89.7580
     155    -176.1373      78.4409
     156     171.7313      59.9308
     157     174.3679      86.1508
     158     173.8251      90.7407
     159    -174.6275      72.5868
     160    -169.5533      89.6991
     161     177.8928      96.0299
     162     176.0942      86.6661
     163     171.6002      76.4725
     164     161.2047      91.2194
     165     167.2403     106.7114
     166     166.8596      86.4974
     167     157.8870      85.1741
     168     162.9804      78.7806
     169     163.1476      97.9983
     170     163.6670     100.1195
     171     167.7890      77.7463
     172     163.6382      95.8644
     173     174.2025      59.1747
     174     172.8899      73.3486
     175     170.7958      77.0121
     176     176.9480      82.1105
     177    -172.4656      71.2045
     178     171.8752      79.4246
     179     176.4130      86.5975
     180     169.8367      86.3228
     181    -174.4889      72.1787
     182     169.9083     102.0449
     183     167.6216      90.0921
     184     164.9105      90.0690
     185     175.7745      72.6310
     186     171.7257      62.4171
     187     164.1204     101.5627
     188     163.9211      80.6079
     189     178.7783      85.1401
     190     178.5952      86.0814
     191     161.7315      92.6818
     192     178.0276      91.5603
     193    -177.8691      71.9839
     194     167.8814      98.5397
     195     164.6835      87.9350
     196     173.4457      82.8830
     197    -176.2408      76.0990
     198     161.1567      84.8642
     199     157.2418      85.6009
     200    -173.8146      96.9190
     201     176.2061      85.9538
     202     167.5975      71.3639
     203     167.7643     100.8733
     204     173.9017      78.4643
     205     174.3218      74.5899
     206     171.3219      84.6338
     207     172.5851      90.8953
     208     162.8467      78.3658
     209     166.1299      94.8139
     210     167.5991      72.4479
     211    -172.9148      94.1263
     212     176.9546      81.8669
     213     177.2889      88.2131
     214     175.8851      81.4520
     215     169.1033      76.6526
     216     160.5437      90.2821
     217     177.3748      93.9550
     218     161.5612     105.8098
     219     170.3514      83.4484
     220     169.6550      86.6422
     221     161.8562      84.8828
     222     157.7988      84.5936
     223     153.0697      92.3051
     224     161.8863      88.5117
     225     164.4413      88.5589
     226     163.0183      86.0837
     227     159.4686     103.3241
     228     164.1830     102.3337
     229     178.7010      79.4422
     230     171.9613      92.4377
     231     151.7733      74.8123
     232     171.6388      85.2904
     233     167.2486      90.7682
     234     163.8199      80.1421
     235     164.4061      95.5686
     236     153.5478      93.1275
     237     152.5716      97.9703
     238     161.1847      87.7356
     239     172.7852      78.8189
     240     163.4580      85.2771
     241     172.1535      72.3885
     242     177.6933     106.6894
     243     169.1349      73.8476
     244     167.4777     101.6445
     245     170.5149      88.1322
     246     166.9075      83.6394
     247     166.8702      71.6510
     248     176.1190      82.9147
     249     178.4191      84.8314
     250    -176.0856      78.1143
     251     176.4039     101.9772
     252     173.3345      91.1687
     253     179.3654      85.8818
     254     156.0775      87.9820
     255     168.5123      81.6929
     256     167.1461      89.3017
     257     163.7530      85.6089
     258     167.3278      82.1652
     259     173.6979      92.1963
     260     156.3809      86.9855
     261     155.5793      90.6747
     262     159.1937      91.4649
     263     174.3836      84.2017
     264     174.0523     100.7222
     265     163.2840     100.5478
     266     160.3528      79.6050
     267     172.1441      71.1551
     268     173.3358      93.7477
     269    -163.6695      71.5087
     270     177.9184      85.8872
     271    -178.2752      78.2776
     272    -173.8280      92.4352
     273     179.1422      65.3262
     274     165.6521      95.8293
     275    -167.2835      62.2074
     276     171.2122      77.7414
     277     179.1015      63.5655
     278     155.4862     103.1685
     279     163.1626      84.1744
     280     178.3867      77.1780
     281     168.7644      84.1664
     282     175.6676      94.3605
     283     170.7617      95.4015
     284     160.6568      89.1388
     285    -178.8480      82.5006
     286     157.0547      97.1065
     287     176.6126      84.3843
     288     169.3226      84.8719
     289     172.7488      85.2553
     290     175.2477      76.6269
     291     161.0445      89.5014
     292     165.1031      90.2778
     293     165.2450      87.7902
     294     165.7712     104.0126
     295    -177.1426      86.4300
     296     167.2108      97.0511
     297     155.8327      77.3885
     298     165.8318      82.4671
     299     174.7236      64.2679
     300    -179.5879      75.6261
     301     160.5974      92.0796
     302     177.7003      87.4563
     303     174.3224      90.3212
     304     161.8524      83.2595
     305     163.6230      93.0452
     306     176.9655      73.0953
     307     162.8131      92.8107
     308     161.5167      69.5736
     309     164.6422      80.2611
     310     170.1305      75.2143
     311     167.1961      97.8425
     312     169.5593      77.7318
     313     163.1559      85.4826
     314     167.4866      79.7381
     315     178.4065      82.1596
     316    -173.6910      78.3424
     317     174.7272      76.5936
     318     172.4404      72.7065
     319     167.9191      59.0341
     320     176.3331      90.5325
     321     171.1603      97.8722
     322     168.4194      84.6675
     323     172.3299      96.5307
     324     155.8652      95.6300
     325     173.0079     101.1662
     326     167.1286      78.7365
     327     151.3329      81.8105
     328     166.1686      94.1363
     329     160.3642      90.7009
     330     169.9914      78.3412
     331     166.3780      94.1151
     332     171.9993      80.4315
     333     157.5689      77.9625
     334     163.4387      70.8604
     335     170.8324      78.2155
     336     150.6031      91.1072
     337     157.4269      79.4720
     338     157.9488      95.7513
     339     173.4314      91.0939
     340     174.0635     109.4264
     341    -171.9063      87.1216
     342    -170.7037      92.7523
     343     179.7592     101.2628
     344    -174.1294      90.4595
     345     161.2525      99.7918
     346     165.8876      87.5570
     347     174.2442      91.9811
     348     177.8737      94.4322
     349     158.4923      75.9797
     350     157.6458      91.5919
     351     169.3157      79.8962
     352     164.8722      84.4046
     353     166.9462      76.3096
     354     171.7024      98.1695
     355     159.6233      85.1575
     356     165.1295      87.5883
     357     161.2795      97.5348
     358     167.1984      85.3165
     359     166.7823      72.5746
     360     164.8407      89.1457
     361     176.7683      78.7849
     362     169.0149      80.2892
     363     171.6107      79.5931
     364     165.3486      78.8700
     365     168.3083     104.5890
     366    -178.1631      87.8606
     367     168.5259      86.4508
     368     162.6814      97.6356
     369     171.2563      67.8759
     370     168.6072      96.9958
     371     157.2133      93.5599
     372    -177.4531      73.0898
     373     177.3825      97.0230
     374     156.5684      83.7261
     375     169.9056      98.7313
     376     170.8757      93.3122
     377     160.7731      86.0906
     378     155.7423      86.5589
     379     169.5170      75.4576
     380     173.7070      84.7824
     381     169.8085      90.4565
     382     165.1400      83.3716
     383     166.8959      73.7172
     384     178.6977      90.3882
     385     163.6935      83.9878
     386     156.8535      87.8741
     387     164.3493     104.1286
     388     173.1730      80.1171
     389     175.4341      88.1262
     390     163.3750      92.6723
     391     166.8592      80.1603
     392     172.1962      70.7526
     393     155.9091      87.0375
     394     172.0216      63.5774
     395     174.9028      88.5710
     396     168.0804      91.7548
     397     164.2106      96.1310
     398     162.2823      71.3428
     399    -179.4645      85.2289
     400     159.2935      97.7348
     401     161.8456      89.6316
     402     169.6360      82.7679
     403     163.6761      92.9141
     404     154.9280      77.2675
     405     171.4531      88.5877
     406     167.0948      82.9764
     407     161.6049      93.4354
     408     162.3068      84.4361
     409     161.2796      71.9677
     410     168.5053      83.0871
     411     163.9014      91.5122
     412     165.7644      91.8450
     413     172.6921      74.6690
     414     168.0471      74.2796
     415     168.8363      80.9531
     416     166.4387      92.5114
     417     165.5533      79.2057
     418     169.9809      88.3540
     419     161.3172      85.6484
     420     166.3873      83.9792
     421     167.1639     103.9525
     422     163.2439     106.1885
     423     164.9714      82.8974
     424     170.0952      86.9209
     425     171.3678      92.1623
     426     164.2604      96.0424
     427    -176.6385      88.6858
     428    -166.5401      73.3925
     429     161.1198      89.3499
     430     177.3943      82.9609
     431     156.3734      92.7590
     432     160.3084      99.7570
     433     160.8303     100.9271
     434     163.4829      86.3293
     435     170.8449      84.1174
     436     166.6198      78.6231
     437     163.4758      96.7851
     438     161.4124      96.6363
     439     178.6952      78.3855
     440     164.5313      90.3830
     441     169.6716      68.8496
     442     159.8115      85.0540
     443     175.0958      79.1944
     444     163.0774      89.1653
     445     178.9713      74.0867
     446     170.1326      90.6431
     447     173.5724      70.8434
     448     175.8808      80.1276
     449    -171.2168      81.1596
     450     174.5480      90.8808
     451     162.4437      97.7636
     452     162.5555      81.0119
     453     156.1997      79.9566
     454     165.9304     103.9415
     455     169.4331      73.2201
     456     153.0785      91.1777
     457    -177.8567      57.9517
     458     173.7639      83.6252
     459     165.9134      90.2239
     460     174.8989      95.3794
     461     161.9935     100.3870
     462     165.9056      86.0189
     463     169.7749      91.5903
     464     163.0795      95.0162
     465     161.9704      80.5845
     466     168.0770      70.1461
     467     170.9065      91.6815
     468     163.2048      81.6857
     469     169.7180      82.9600
     470     161.5482      57.9836
     471     163.5400      88.9397
     472    -176.4642      73.2233
     473     171.4997      85.6222
     474     166.3770      87.0427
     475     162.8729      89.6384
     476     171.0616      81.9579
     477     155.9839     100.1500
     478     162.9967      74.8819
     479     172.9578      88.1098
     480     158.1483     109.4658
     481     160.9013      89.7320
     482     170.7352      86.3666
     483     165.7877      83.4958
     484    -167.2813      86.6120
     485     162.0474      68.4980
     486    -178.8408      92.4595
     487     172.4892      76.5092
     488     169.8715      87.6782
     489     175.9563      77.4334
     490     174.2832      66.6479
     491    -178.6835      66.7094
     492     169.0222      89.1600
     493     173.6034     100.2181
     494    -178.8432      99.7762
     495     164.9840      98.0987
     496     170.3762      79.2689
     497     169.1381      84.0978
     498     175.6933      89.9702
     499    -164.2825      72.4574
     500     176.1830      95.9610
     501     176.9679      79.0788
     502     177.6674      83.6895
     503     162.2384      86.9375
     504     170.0220      92.2954
     505     177.5545      82.8095
     506     173.1200      85.1933
     507     169.2381      90.5156
     508     179.7736      84.6679
     509     163.4636      94.5380
     510     161.6595      92.7503
     511     175.6758      84.3729
     512     177.9823      86.6890
     513     169.5889      75.5359
     514     161.0576      92.7288
     515     170.9321      81.5288
     516    -179.2631      88.5193
     517     155.8907      81.9410
     518     168.4721      86.9506
     519     173.7724      81.3926
     520     165.8381      93.4329
     521     167.7237      69.8043
     522     174.0223      66.4784
     523     162.0153      72.6741
     524     156.1781      88.3008
     525     157.0785      90.6724
     526     157.8942      69.4266
     527     160.6395      85.9034
     528     163.8252      87.3304
     529     147.6374     101.6377
     530     176.0163      94.0153
     531     161.2067      97.5500
     532     165.8331      75.3859
     533     157.6882      96.1757
     534     155.9013      90.6661
     535     163.0314      82.4135
     536     166.5244      95.8102
     537     164.7968      95.6033
     538     141.9267      95.3757
     539     159.6746     102.2882
     540     154.3963      91.2399
     541     173.1602      74.1304
     542    -179.0180      64.7415
     543     176.8414      73.0647
     544     160.3930      95.1258
     545     164.8956      95.7262
     546     160.7547      92.8865
     547     178.1461      83.3986
     548     168.1001      87.2719
     549     177.4265      87.0516
     550     179.6703      72.5151
     551     162.6628      95.1702
     552     166.1473      99.6103
     553     174.0404      90.2114
     554     175.0346      81.8148
     555     162.3960      82.2109
     556     175.9828      77.1263
     557     164.2819      95.3316
     558     168.1124      84.8561
     559     173.0368      92.2291
     560     163.8624      76.4466
     561     171.8613      80.2517
     562     158.9159      95.1608
     563     170.9793      77.4017
     564     167.5792      87.3173
     565     158.2605     104.3228
     566     163.8473      81.6238
     567     162.1805     109.4046
     568     168.8615      82.3822
     569     157.6465      84.2561
     570     152.6669      81.4483
     571     163.3485      82.8786
     572     172.0764      82.5522
     573     173.1918      68.4961
     574     177.3459      92.1143
     575     159.9873      82.8132
     576     165.4338     101.5359
     577     166.5059      85.5783
     578     162.4270      98.7237
     579     179.1722      72.4119
     580     173.0852      83.4627
     581     167.8888      88.7088
     582     163.5424      89.9119
     583     173.6487      92.8703
     584     162.7987      83.8569
     585     166.3926      88.1018
     586     167.2852      89.3218
     587     172.1010      79.9843
     588     166.5031      85.5411
     589     161.7230      91.1196
     590     159.9857      90.1179
     591     173.5972      84.0288
     592     151.5932      80.4207
     593     166.1848      86.6023
     594     174.0815      84.5755
     595     163.2725      94.5371
     596     173.2724      66.3606
     597     160.4206      85.2911
     598     163.6967      93.6962
     599     165.1429      90.0301
     600     168.9026      94.9464
     601     178.2952      77.1865
     602     166.8761      75.2514
     603     168.1220     106.0647
     604     167.5673      68.8014
     605     155.0629      89.0773
     606     170.4023      78.7567
     607     153.6183      81.1806
     608     164.1695      72.6972
     609     172.0503      90.3482
     610     168.3940      82.9925
     611     172.1097      75.0388
     612     178.8563      85.4721
     613     167.0535      86.8529
     614     167.4108      77.4870
     615     161.6057      77.3489
     616     164.3290      80.6832
     617     155.6871      90.1366
     618     152.0576      82.8910
     619     154.4993      96.8787
     620     152.2349      94.7305
     621     167.1439      76.0287
     622     174.7346      80.8964
     623    -178.7940      73.6527
     624    -178.3863      84.5509
     625     168.2782      91.7455
     626     157.6802      85.2405
     627    -175.1873      74.5787
     628     166.3535      76.2161
     629    -176.4604      81.4979
     630     158.6004      83.5472
     631     166.1529      94.6504
     632     170.7284      91.0477
     633     167.9574      79.9462
     634     173.8221      96.7350
     635     177.3868      73.0615
     636     167.2969      86.7440
     637    -179.4057      68.2360
     638     178.0314      88.9927
     639    -179.1268      91.8800
     640     178.8780      93.0300
     641     164.9156      93.6088
     642    -177.4606      78.1059
     643    -168.8098      67.3668
     644    -176.0765      99.6760
     645     173.6213      79.8012
     646     176.5525      89.4524
     647     179.3524      81.2846
     648     165.9272      80.4219
     649     165.8341     103.1585
     650    -174.4722      67.7011
     651     174.6070      89.4135
     652     171.7996      83.8063
     653     172.2039      78.9794
     654     162.0282      97.3980
     655    -170.4398      85.4775
     656    -157.2045      74.4377
     657     168.9270      91.4080
     658    -153.9155      69.1368
     659    -169.0076      91.6642
     660    -141.4922      65.9151
     661    -154.6580      75.8510
     662    -161.8292      93.1633
     663    -159.1763      92.3763
     664    -157.4922      78.8695
     665    -168.3117      92.1617
     666    -174.5760      96.0650
     667    -158.3991      77.3890
     668    -165.9014      74.9526
     669    -168.7255      88.3464
     670    -153.9452      88.6150
     671    -174.1373      87.5415
     672    -159.5560      72.3029
     673    -178.2522      80.1327
     674    -179.2253      89.7735
     675    -170.9708      89.7649
     676    -162.4121      79.2219
     677    -167.4114      88.0671
     678    -165.1974      86.7633
     679    -151.6958      78.8409
     680    -158.6808      81.2330
     681    -154.1615      62.5628
     682    -168.0921      87.9984
     683    -159.6129      90.6145
     684    -168.6690      83.6168
     685    -160.8845      69.9166
     686    -155.2628      78.4556
     687    -167.0557      81.7330
     688    -166.9169      86.9722
     689    -178.6133      87.1280
     690    -160.8083      49.9921
     691    -164.2451      84.0975
     692    -165.8312      91.2559
     693    -171.8069      81.3487
     694    -166.4777      73.9014
     695    -167.1259      78.3267
     696    -160.1041      64.6480
     697    -170.0200      92.1102
     698    -162.2954      62.1175
     699    -156.5806      78.4328
     700    -168.1773      74.2333
     701     174.6784      98.6060
     702    -174.5992      85.9240
     703    -176.4108      77.7625
     704    -135.1107      69.7838
     705    -164.3162      67.1760
     706     163.2674      97.5033
     707     166.9511      99.3876
     708     167.4009      86.1496
     709    -176.1207      79.3546
     710    -168.4962      81.3649
     711    -160.9929      76.3031
     712    -156.8230      89.4378
     713    -152.0020      83.3111
     714    -166.2102      98.4094
     715    -169.1310      61.6086
     716    -162.0154      54.2643
     717    -143.7555      61.0912
     718    -153.8140      70.5733
     719    -149.1550      55.0920
     720    -160.9809      46.0825
     721    -157.9846      53.2065
     722    -161.6810      58.2242
     723    -158.2640      83.7137
     724    -155.0782      53.2621
     725    -138.4211      79.0705
     726    -170.2379      84.2950
     727    -139.9261      63.6515
     728    -138.0859      92.2201
     729     -77.0316     102.6194
     730     -73.5171     123.0379
     731     -77.1779     103.3295
     732     -82.2081     110.4148
     733     -82.1323     121.4002
     734     -79.2717     105.8166
     735     -94.2060     130.3332
     736     -72.9907     112.1818
     737     -71.9120     103.2597
     738     -80.1381     112.5288
     739     -68.0041     101.2227
     740     -73.5927     104.5379
     741     -83.2514     110.7877
     742     -78.5778      84.4949
     743     -79.9914      83.2421
     744     -83.5336     100.8059
     745     -84.6216     118.6632
     746     -87.5767      98.5244
     747     -74.2083      96.3110
     748     -82.5735     124.4605
     749     -76.5597     119.9986
     750     -80.1569     110.5488
     751     -76.0342     116.2407
     752     -85.4110     109.1552
     753     -93.6316     109.4457
     754    -106.5534     111.9351
     755     -78.3427     104.9974
     756     -70.5114     112.1366
     757     -72.8852     104.6700
     758     -69.0041      95.7817
     759     -82.1693     123.5179
     760     -86.7577     112.0990
     761     -63.4502     110.3639
     762     -73.8280     106.6916
     763     -72.5169      93.3142
     764     -83.9369     104.0517
     765     -73.0037     116.3919
     766     -85.5142      65.5548
     767     -86.4022     100.6863
     768     -76.8083     110.7482
     769     -70.9371     124.2953
     770     -80.0494     104.8184
     771     -72.7214     100.2530
     772     -76.1390     102.6497
     773     -85.9692     116.8508
     774     -97.2161     103.0543
     775     -87.0005     113.6742
     776     -70.0118     110.4678
     777     -83.8339     107.9717
     778    -103.2088     114.1620
     779     -62.2666     115.6745
     780     -96.3940     120.0938
     781     -73.6484     105.7193
     782     -94.0901     131.5793
     783    -105.9030     106.5365
     784     -79.2115     100.6628
     785     -90.9322      98.9084
     786     -93.8600     115.0744
     787     -75.2836      99.5172
     788     -85.6341     113.1070
     789     -96.3646     122.8142
     790     -86.8841      99.8238
     791    -103.5053     103.4917
     792     -86.6202     119.5994
     793     -80.1268      92.9831
     794     -77.6136      97.0119
     795     -72.1417     109.3627
     796     -80.3654     112.0721
     797     -85.7522      82.0105
     798     -81.0671     109.3986
     799     -85.7137     103.8164
     800     -87.4915     129.8720
     801     -93.5803     109.8290
     802     -62.5869      70.6758
     803     -88.3544      94.0713
     804     -84.9426      79.5547
     805     -80.2050     114.0638
     806     -89.6531     113.9487
     807     -75.4567      89.7517
     808     -75.9956     107.6509
     809     -75.3732     110.5359
     810     -60.1750     116.0597
     811     -66.2203      98.4111
     812     -75.0347      83.3853
     813     -78.7173     101.4703
     814    -100.6937     123.2179
     815     -79.1871     103.7549
     816     -90.3835      99.5169
     817     -84.4807     116.7714
     818    -103.7640     125.7553
     819     -71.7192     106.5739
     820     -85.7245     108.8400
     821     -74.5767     126.3408
     822     -90.4758     102.0002
     823     -85.5080     120.8919
     824     -90.5384     113.7572
     825     -96.1751     115.0970
     826     -83.4503     112.1133
     827     -91.3223     102.5220
     828     -81.5678     103.2381
     829     -83.9814     108.2904
     830     -79.2920     112.4551
     831     -88.7882     115.0488
     832     -69.6537     119.1357
     833     -89.9079     111.9649
     834     -77.2680     106.3775
     835     -83.0243     120.5721
     836     -84.7849      86.8878
     837     -70.6365      98.8042
     838     -89.4971     117.8628
     839     -76.1852     110.5618
     840     -75.6104     101.0485
     841     -92.5279     106.1721
     842     -80.8633     116.4231
     843     -76.0947      97.8666
     844     -88.6177     120.4573
     845     -81.4124     107.3384
     846     -80.7777     119.1547
     847     -79.0067     109.1193
     848     -92.7633     100.2975
     849     -76.8258     102.7169
     850     -79.9469     103.8564
     851    -102.3238     107.6145
     852     -92.4801     100.3496
     853     -76.9484     113.7328
     854     -80.9940      94.1560
     855     -97.3182     102.7713
     856     -92.3945     116.1022
     857     -77.9293     103.4433
     858     -79.9238      93.0885
     859     -85.9756     110.6423
     860     -87.9222     118.6498
     861     -75.4807     113.7143
     862     -79.7244      98.3308
     863     -90.2977     107.5808
     864     -77.9311      97.4198
     865     -75.5006     100.1876
     866     -88.7804     120.7123
     867     -82.3750     103.0185
     868     -75.0654      94.6260
     869     -81.9452     111.4949
     870     -87.8608     111.2173
     871     -81.0337     110.3247
     872     -72.2828     102.2083
     873     -73.8063     112.0837
     874     -88.8526      83.1409
     875     -96.7788     112.6743
     876     -93.2948     103.0288
     877     -90.4990     112.7032
     878     -73.4030     111.5758
     879     -72.2542     110.0896
     880     -85.1537     111.5849
     881     -94.5850     100.3949
     882     -90.8881     101.0591
     883     -73.9721      72.7264
     884     -66.5085      93.6279
     885     -80.9982     108.6500
     886     -86.0140     101.7567
     887     -92.2630     110.5065
     888    -100.7604     106.2601
     889    -101.2210     103.4487
     890     -88.1609     111.6383
     891     -91.6332     100.0278
     892     -87.1812      94.1753
     893     -76.7245     104.8783
     894     -86.6122      96.8674
     895     -59.9750      82.6896
     896     -87.1555      99.5094
     897     -54.5063     102.6219
     898     -90.4660     106.1708
     899     -81.4798     110.6966
     900     -88.0029     131.0556
     901    -103.8906     116.3278
     902     -99.9651     119.5433
     903     -81.7819     108.5585
     904     -92.6509      95.7762
     905     -88.5638      97.8743
     906     -94.8941     110.2603
     907    -105.6351     103.2337
     908     -97.8156     126.7216
     909     -92.8461      94.8975
     910     -93.9276     114.9577
     911     -92.5499     116.0210
     912     -86.7035     101.2478
     913     -76.2106     103.8520
     914     -76.3599      83.4177
     915     -92.1461      96.7544
     916     -92.7295     108.4969
     917     -91.3151     101.7217
     918     -86.1901     103.0868
     919     -89.0483      88.1572
     920     -83.9962      63.4580
     921     -72.0990      77.1344
     922     -81.6650      84.3935
     923     -79.7548      92.9427
     924     -93.9491     107.3655
     925     -70.4461      96.6271
     926     -87.4690     101.0659
     927     -70.8352      78.7892
     928     -76.0802     101.2252
     929     -72.4226     120.5560
     930     -82.7576     104.5084
     931     -70.1671     101.0216
     932     -74.1332      97.8144
     933     -79.1887      87.5322
     934     -94.0930      87.8649
     935     -60.0778      84.8567
     936     -76.2308     109.5835
     937     -84.7380      99.2110
     938     -90.3934     102.4275
     939     -92.8192      87.2497
     940    -105.6494     102.0228
     941     -82.8241      83.1205
     942     -83.0225      94.2738
     943     -88.2329      74.3556
     944     -63.3849     111.3802
     945     -74.9829      82.2067
     946     -73.9097      97.5695
     947     -81.3208      91.8899
     948     -88.0746      81.9009
     949     -89.6426     104.3474
     950     -96.2187      96.2858
     951     -87.9226      65.0964
     952     -84.5501      80.5926
     953     -84.2720      94.5665
     954     -91.1295      95.7799
     955     -87.6606     101.3117
     956     -67.7801      92.3429
     957     -96.7016      84.6428
     958     -79.6596      87.4311
     959     -72.9939      99.3934
     960     -82.5909      81.9485
     961     -69.6860     102.9948
     962     -72.4972     113.2317
     963     -82.4824     132.6859
     964     -80.1939     113.6490
     965     -61.2395     110.1174
     966     -65.7424     118.2877
     967     -77.7718     104.7368
     968     -66.3798     102.9531
     969     -80.6017      92.1746
     970     -71.7594     104.7457
     971     -76.6916     101.2493
     972     -95.8663      97.7948
     973     -62.6691     103.9486
     974     -76.1854     104.0686
     975     -81.6908     104.1808
     976     -86.0041      99.5477
     977     -82.0039     101.8705
     978     -96.6684     108.0390
     979     -78.3429     106.2684
     980     -65.9632     113.1145
     981     -73.0461     107.5595
     982     -70.3289     113.3778
     983     -81.0927     116.4605
     984    -101.6753     118.9518
     985     -98.8361     114.4958
     986    -100.4111     105.6438
     987     -76.4781     111.4479
     988     -71.6548      94.0549
     989     -65.9907     103.8868
     990     -80.1072      99.9948
     991     -89.0133     109.0206
     992     -91.6659     103.8820
     993     -78.4171     109.8942
     994     -93.5411      86.8043
     995     -98.7259      96.5152
     996     -85.7531      89.6583
     997     -73.3334      88.9879
     998    -105.3962      93.0892
     999    -105.7570      77.2071
    1000     -85.8469     104.2503
    1001     -99.3626     100.0549
    1002     -92.9796     100.9596
    1003    -102.8600      93.5459
    1004     -82.2346     105.9471
    1005    -110.7884      89.4445
    1006    -117.0386     108.9770
    1007    -100.0958      89.5645
    1008     -95.1288     106.5977
    1009     -90.8712      94.5590
    1010    -102.3018     100.4093
    1011     -86.0241     106.4938
    1012     -82.8058     104.1799
    1013     -69.5061      91.2317
    1014     -86.7013      88.6642
    1015     -81.8270      99.6325
    1016     -68.6233      90.9627
    1017     -86.6945      92.1514
    1018     -81.0262     107.4926
    1019     -76.4371     104.7091
    1020     -91.3463     111.3728
    1021    -103.3138     112.4145
    1022     -76.0110     121.4849
    1023     -85.5364     111.7145
    1024     -90.0509     113.2521
    1025     -75.5425     128.9328
    1026     -83.7487     106.6595
    1027     -99.7876     101.5782
    1028     -84.1049      82.4156
    1029     -94.9644     116.0292
    1030     -86.1504      95.9805
    1031     -91.8394      98.5780
    1032     -91.8355     123.4588
    1033     -92.1917     123.1012
    1034     -89.8291     104.3919
    1035     -93.9941     109.9498
    1036     -81.1614     124.4707
    1037     -73.6649     132.5440
    1038     -78.0072     121.9587
    1039     -83.3494      93.5327
    1040     -98.2456     111.1981
    1041     -88.6840     114.1235
    1042     -79.0408     117.7155
    1043     -84.6002     119.6372
    1044     -71.9409     139.1053
    1045     -88.7428     110.1421
    1046     -83.7304     113.8843
    1047     -76.3782     101.8879
    1048     -64.3422      95.8814
    1049     -97.4262     108.9472
    1050     -85.5212      83.7456
    1051     -85.3314      97.8727
    1052     -79.2178     100.0691
    1053     -79.9564     126.6982
    1054     -97.7263     109.4440
    1055     -63.1055     111.7324
    1056     -83.3322      89.7712
    1057     -96.7394     112.1522
    1058     -82.2240     124.3379
    1059     -72.8304     104.3870
    1060     -76.1916      89.7794
    1061     -79.4388     103.7943
    1062     -76.6184      95.6652
    1063     -68.1504     108.2438
    1064     -86.8723     121.7990
    1065     -87.5548     101.8881
    1066     -78.7283      92.5225
    1067     -84.6550     119.3535
    1068     -87.4165     104.1664
    1069     -82.9682     101.0492
    1070     -86.7719     117.1614
    1071     -88.5470     111.3459
    1072     -79.8162     111.1004
    1073     -88.9936      96.9419
    1074     -66.0725     106.0197
    1075     -86.4237     107.4048
    1076     -65.3872     108.1774
    1077     -97.8114     100.8485
    1078     -80.6422     115.7445
    1079     -88.7236     112.9832
    1080     -93.3033     130.4816
    1081    -109.2644     108.9752
    1082     -73.4852     104.9472
    1083     -76.4791      95.4833
    1084     -97.3188     124.3264
    1085     -73.5559     108.0575
    1086     -76.8134     118.8930
    1087    -108.9340     117.0929
    1088    -107.3496     126.7263
    1089     -80.8803     103.2009
    1090    -106.0448     116.5894
    1091     -90.8136     112.4306
    1092    -102.1164     113.6759
    1093     -81.8003     117.1887
    1094     -88.4503     114.7708
    1095     -91.3386     103.2223
    1096    -115.3528     122.2713
    1097     -90.8402     120.3528
    1098     -92.2345      97.6418
    1099     -89.3137     102.1407
    1100     -92.3023     111.2258
    1101    -105.6997     114.5597
    1102     -88.3958     103.3975
    1103     -90.2503      86.6762
    1104    -114.8390     119.4287
    1105     -69.9538      86.1656
    1106     -81.8564     137.9454
    1107     -87.9787     119.6098
    1108     -75.7896     102.8103
    1109     -94.6234     106.1389
    1110     -92.5853     100.8149
    1111     -89.9991     110.5854
    1112     -80.4091     101.3660
    1113     -87.6333      95.9141
    1114     -98.9267      99.7141
    1115     -79.6010     108.0556
    1116     -97.8976      99.9774
    1117    -109.6253     120.8964
    1118     -83.2908      90.0026
    1119     -85.1327     110.4672
    1120     -81.8706     103.6610
    1121     -79.8057     107.6683
    1122    -101.6022     115.2930
    1123    -110.7142     110.0888
    1124     -76.6811      91.0889
    1125     -76.8081     102.7584
    1126     -79.8651     104.1894
    1127    -109.3429     118.9570
    1128     -86.6980      91.2888
    1129     -94.9921      89.0155
    1130     -78.5587     100.2116
    1131     -85.3419     108.5761
    1132    -106.3938     102.6932
    1133     -82.0679     104.0421
    1134     -94.9118     107.2244
    1135     -78.2913     110.1450
    1136     -90.2140      97.3260
    1137    -106.0523     116.6017
    1138     -98.9342     109.6217
    1139     -80.7893     111.8260
    1140     -82.0129     109.8406
    1141     -86.9796     118.0764
    1142     -71.8588     125.9103
    1143     -69.5444     114.0356
    1144     -86.8208      86.7140
    1145     -78.9109     100.7358
    1146     -76.3164     102.2705
    1147     -73.0887     108.0509
    1148     -75.7441     100.3990
    1149     -84.1791     106.1257
    1150     -86.0573      95.8483
    1151     -84.1136     128.5917
    1152     -75.1684      98.5040
    1153     -96.4371     103.0131
    1154     -83.8005      84.9134
    1155     -94.3607      88.1960
    1156     -94.9625      95.7604
    1157     -84.5828      89.3417
    1158    -101.1423      98.6981
    1159     -98.8798     109.1670
    1160     -88.0308     123.9558
    1161     -79.6907      90.7698
    1162     -62.9757      96.0496
    1163     -74.3336     104.1147
    1164     -83.2542     100.8731
    1165     -86.9406     107.0796
    1166     -76.7597     102.4021
    1167     -71.0151      85.2961
    1168     -94.5107      98.2102
    1169     -85.3327      96.4919
    1170     -92.8347     113.3449
    1171     -83.1282      96.4282
    1172     -89.0754      88.5275
    1173     -81.8945      87.0059
    1174     -87.2581     102.8102
    1175     -94.2729     100.8598
    1176     -95.1921     111.0032
    1177     -87.9114      94.6475
    1178     -85.8443     105.4433
    1179     -95.1252      98.0341
    1180    -101.8151     112.1647
    1181     -85.0532     123.0918
    1182     -83.5892      85.1533
    1183     -72.6295     108.6454
    1184     -96.9652      86.8162
    1185     -80.6302      89.9956
    1186     -88.6046      96.1615
    1187     -84.5525      98.7981
    1188     -92.0372      96.0859
    1189     -95.9344      98.5522
    1190     -97.4473     105.8990
    1191    -102.1612     108.7388
    1192     -81.7628      98.3586
    1193    -101.3068     109.6686
    1194     -93.4870     101.8451
    1195     -85.8334      98.8715
    1196    -108.5733     105.7583
    1197     -91.4572     108.6472
    1198     -97.6423     114.8714
    1199     -73.9333     105.7488
    1200     -87.8335     114.1371
    1201     -81.4794     109.0757
    1202     -86.0482      97.3834
    1203     -88.6547      96.6208
    1204    -100.9809     105.7794
    1205     -97.3975      95.3883
    1206     -87.4640      99.6199
    1207     -97.3499     103.7003
    1208     -97.8479     101.0147
    1209     -81.9669     109.7963
    1210     -99.4337     108.9746
    1211     -80.1113     102.9917
    1212    -115.1340     111.0979
    1213     -91.0898     109.7035
    1214     -90.6328      97.9653
    1215     -93.3806     105.5842
    1216     -93.8793      99.2846
    1217     -73.2669     108.6445
    1218     -84.4653     120.7368
    1219     -80.1596     124.7623
    1220     -88.5423     124.1765
    1221     -78.0339     117.4628
    1222     -84.9463     118.7856
    1223     -71.3041      88.8389
    1224     -91.7766     114.5276
    1225     -90.4902     119.4711
    1226     -81.1563     101.2119
    1227     -83.7063     105.1948
    1228     -92.4697      82.2141
    1229     -96.3293     115.8199
