0.000000000000000000e+00 5.434511507473871461e-08
0.000000000000000000e+00 6.793139561978023266e-08
0.000000000000000000e+00 8.151767616482175072e-08
0.000000000000000000e+00 4.075883808241087536e-08
0.000000000000000000e+00 3.383779130672337487e-06
0.000000000000000000e+00 2.128453388650086708e-06
0.000000000000000000e+00 2.128453388650086708e-06
0.000000000000000000e+00 2.128453388650086708e-06
0.000000000000000000e+00 5.919476734561612830e-06
0.000000000000000000e+00 7.629164883837802336e-06
0.000000000000000000e+00 5.244304702500812709e-06
0.000000000000000000e+00 8.720972800801973790e-06
0.000000000000000000e+00 4.455659563973313197e-06
0.000000000000000000e+00 4.455659563973313197e-06
0.000000000000000000e+00 4.455659563973313197e-06
0.000000000000000000e+00 4.819372406927868724e-06
0.000000000000000000e+00 1.291468606723356061e-06
0.000000000000000000e+00 2.626992909426917322e-06
0.000000000000000000e+00 1.825368144636740908e-06
0.000000000000000000e+00 2.718474888752098195e-06
0.000000000000000000e+00 3.160892219966626726e-06
0.000000000000000000e+00 4.825791165785631165e-06
0.000000000000000000e+00 2.412895582892815582e-06
0.000000000000000000e+00 3.460485004325164482e-06
0.000000000000000000e+00 1.394166474710800685e-06
0.000000000000000000e+00 2.788332949421601370e-06
0.000000000000000000e+00 2.263933083668234758e-06
0.000000000000000000e+00 1.825368144636740908e-06
0.000000000000000000e+00 1.476006104894622695e-06
0.000000000000000000e+00 1.476006104894622695e-06
0.000000000000000000e+00 1.476006104894622695e-06
0.000000000000000000e+00 1.476006104894622695e-06
0.000000000000000000e+00 2.168038690797402523e-06
0.000000000000000000e+00 1.084019345398701262e-06
0.000000000000000000e+00 2.133124752390358481e-07
0.000000000000000000e+00 1.084019345398701262e-06
0.000000000000000000e+00 9.841439314186573029e-03
0.000000000000000000e+00 9.846059605479240417e-03
0.000000000000000000e+00 9.841439314186573029e-03
0.000000000000000000e+00 9.841439314186573029e-03
0.000000000000000000e+00 6.144844926893711090e-03
0.000000000000000000e+00 2.133124752390358481e-07
0.000000000000000000e+00 3.072422463446855545e-03
0.000000000000000000e+00 3.072422463446855545e-03
0.000000000000000000e+00 1.103612557053565979e-01
0.000000000000000000e+00 7.775567471981048584e-02
0.000000000000000000e+00 1.149785220623016357e-01
0.000000000000000000e+00 1.512369215488433838e-01
0.000000000000000000e+00 4.475434869527816772e-02
0.000000000000000000e+00 1.081424728035926819e-01
0.000000000000000000e+00 5.940241739153862000e-02
0.000000000000000000e+00 6.512994319200515747e-02
0.000000000000000000e+00 2.212424948811531067e-02
0.000000000000000000e+00 2.087264135479927063e-02
0.000000000000000000e+00 4.174528270959854126e-02
0.000000000000000000e+00 2.087264135479927063e-02
0.000000000000000000e+00 2.492247708141803741e-02
0.000000000000000000e+00 2.492247708141803741e-02
0.000000000000000000e+00 3.609915077686309814e-02
0.000000000000000000e+00 2.492247708141803741e-02
0.000000000000000000e+00 6.000505912192709984e-15
0.000000000000000000e+00 5.853892132319515884e-15
0.000000000000000000e+00 5.853892132319515884e-15
0.000000000000000000e+00 6.000505912192709984e-15
0.000000000000000000e+00 5.013203885356623882e-15
0.000000000000000000e+00 9.069992376782316096e-15
0.000000000000000000e+00 8.325131931757618481e-15
0.000000000000000000e+00 4.534996188391158048e-15
0.000000000000000000e+00 6.963034342903975937e-15
0.000000000000000000e+00 8.772836278226562451e-15
0.000000000000000000e+00 6.151349774604492060e-15
0.000000000000000000e+00 7.006492321624085355e-44
0.000000000000000000e+00 3.938713792644337255e-15
0.000000000000000000e+00 2.554280792004546066e-15
0.000000000000000000e+00 2.554280792004546066e-15
0.000000000000000000e+00 2.554280792004546066e-15
0.000000000000000000e+00 1.107025786816605486e-43
0.000000000000000000e+00 6.165713243029195112e-44
0.000000000000000000e+00 6.165713243029195112e-44
0.000000000000000000e+00 6.165713243029195112e-44
0.000000000000000000e+00 6.025583396596713405e-44
0.000000000000000000e+00 6.025583396596713405e-44
0.000000000000000000e+00 6.305843089461676819e-44
0.000000000000000000e+00 7.006492321624085355e-44
0.000000000000000000e+00 5.745323703731749991e-44
0.000000000000000000e+00 7.006492321624085355e-44
0.000000000000000000e+00 4.624284932271896334e-44
0.000000000000000000e+00 5.745323703731749991e-44
0.000000000000000000e+00 4.624284932271896334e-44
0.000000000000000000e+00 2.802596928649634142e-44
0.000000000000000000e+00 2.802596928649634142e-44
0.000000000000000000e+00 2.802596928649634142e-44
0.000000000000000000e+00 0.000000000000000000e+00
0.000000000000000000e+00 0.000000000000000000e+00
0.000000000000000000e+00 0.000000000000000000e+00
0.000000000000000000e+00 0.000000000000000000e+00
0.000000000000000000e+00 0.000000000000000000e+00
0.000000000000000000e+00 0.000000000000000000e+00
0.000000000000000000e+00 0.000000000000000000e+00
0.000000000000000000e+00 0.000000000000000000e+00
0.000000000000000000e+00 0.000000000000000000e+00
0.000000000000000000e+00 0.000000000000000000e+00
0.000000000000000000e+00 0.000000000000000000e+00
0.000000000000000000e+00 0.000000000000000000e+00
0.000000000000000000e+00 1.681558157189780485e-44
0.000000000000000000e+00 1.681558157189780485e-44
0.000000000000000000e+00 1.681558157189780485e-44
0.000000000000000000e+00 1.681558157189780485e-44
