#Frame     C45N-C133N
       1       5.9938
       2       5.8526
       3       5.7995
       4       5.8741
       5       5.8022
       6       5.4356
       7       6.1855
       8       5.8390
       9       5.8275
      10       6.0624
      11       5.9805
      12       5.7011
      13       5.9376
      14       5.7914
      15       5.9443
      16       5.9495
      17       5.9378
      18       5.6663
      19       5.9801
      20       5.9701
      21       5.9269
      22       6.0800
      23       6.3359
      24       5.9575
      25       5.9896
      26       5.6091
      27       5.7197
      28       6.1160
      29       5.6907
      30       5.8976
      31       6.0063
      32       5.8957
      33       5.7634
      34       6.0756
      35       5.9190
      36       5.8882
      37       5.8524
      38       6.0386
      39       5.6474
      40       6.1753
      41       5.5280
      42       5.6808
      43       5.8002
      44       5.8608
      45       5.7093
      46       5.8353
      47       6.0681
      48       6.1964
      49       5.5070
      50       6.2568
      51       5.7092
      52       6.0244
      53       5.9888
      54       5.8684
      55       6.0363
      56       5.5590
      57       5.9491
      58       5.7535
      59       6.2465
      60       5.8657
      61       5.8046
      62       5.8953
      63       6.0798
      64       6.0912
      65       5.6903
      66       5.6016
      67       6.2866
      68       5.9858
      69       5.5922
      70       5.6395
      71       5.7203
      72       5.7262
      73       5.8469
      74       5.7492
      75       5.8437
      76       6.0796
      77       5.6178
      78       5.6911
      79       5.5651
      80       5.6509
      81       5.3496
      82       5.8047
      83       6.2327
      84       5.8391
      85       6.3871
      86       5.9009
      87       5.9165
      88       6.0928
      89       6.0622
      90       5.8456
      91       5.7229
      92       5.9417
      93       6.0811
      94       5.9477
      95       5.9754
      96       5.7278
      97       5.8477
      98       6.3485
      99       5.2879
     100       5.7461
     101       5.7303
     102       5.6995
     103       6.5004
     104       5.7650
     105       5.7153
     106       5.9686
     107       5.9793
     108       5.8227
     109       5.7613
     110       5.7012
     111       6.0324
     112       5.7392
     113       5.7380
     114       5.9960
     115       5.2219
     116       5.6840
     117       5.7156
     118       5.9909
     119       6.0510
     120       6.1592
     121       6.1538
     122       5.5298
     123       5.7984
     124       6.1570
     125       5.8023
     126       5.9414
     127       5.9494
     128       5.8770
     129       5.9047
     130       6.2466
     131       5.7405
     132       5.5002
     133       6.0400
     134       5.6367
     135       5.9845
     136       5.8517
     137       5.7863
     138       5.8640
     139       5.8446
     140       5.8696
     141       5.6241
     142       5.8332
     143       5.9651
     144       5.7144
     145       5.8214
     146       6.3012
     147       5.9310
     148       5.7635
     149       5.8103
     150       5.7914
     151       5.7787
     152       5.9394
     153       5.9299
     154       5.6506
     155       5.5997
     156       6.0720
     157       5.9921
     158       5.7404
     159       5.7063
     160       5.9317
     161       5.9012
     162       5.7939
     163       6.0886
     164       5.9721
     165       5.9701
     166       5.9283
     167       6.2520
     168       5.5821
     169       6.0151
     170       6.3297
     171       5.9161
     172       5.9483
     173       5.8237
     174       6.1118
     175       5.7859
     176       6.0739
     177       5.8787
     178       5.8624
     179       5.7620
     180       5.9070
     181       5.8151
     182       5.7798
     183       6.0064
     184       6.1614
     185       5.9613
     186       5.8360
     187       5.9597
     188       5.8872
     189       5.4819
     190       5.8335
     191       5.7759
     192       6.0032
     193       5.9949
     194       5.6190
     195       5.9006
     196       5.8558
     197       5.7967
     198       5.7046
     199       6.1385
     200       6.1035
     201       5.9308
     202       5.6486
     203       5.7410
     204       5.8346
     205       6.0839
     206       5.8610
     207       5.8403
     208       6.2188
     209       5.6690
     210       5.9889
     211       5.9176
     212       5.7924
     213       5.9413
     214       6.2757
     215       5.6445
     216       5.8790
     217       6.0693
     218       5.8437
     219       5.8481
     220       6.0169
     221       5.7530
     222       5.6078
     223       5.8895
     224       5.5913
     225       5.7645
     226       6.0247
     227       6.1737
     228       6.1731
     229       6.1492
     230       5.7902
     231       6.2537
     232       5.8637
     233       6.0048
     234       5.6098
     235       6.2484
     236       5.5318
     237       6.0142
     238       5.9434
     239       5.7741
     240       5.8560
     241       5.7065
     242       5.5660
     243       6.3949
     244       6.0766
     245       5.7829
     246       6.1869
     247       5.4966
     248       5.8518
     249       5.8647
     250       5.9893
     251       5.8517
     252       5.8345
     253       5.6429
     254       5.9745
     255       5.8582
     256       6.1270
     257       5.8223
     258       5.6038
     259       5.9786
     260       6.1791
     261       5.9745
     262       5.9545
     263       5.9755
     264       5.7464
     265       6.3574
     266       5.9219
     267       5.9844
     268       6.0582
     269       6.2099
     270       6.2196
     271       5.9556
     272       6.2014
     273       5.9934
     274       5.8551
     275       6.0699
     276       6.1076
     277       6.1213
     278       5.7054
     279       6.1613
     280       6.2432
     281       5.9924
     282       5.8569
     283       5.6475
     284       6.0315
     285       5.9034
     286       6.0363
     287       6.2404
     288       6.1085
     289       5.9027
     290       5.8513
     291       6.2023
     292       5.8914
     293       5.8966
     294       5.8477
     295       5.5236
     296       5.8156
     297       5.7039
     298       5.7852
     299       5.7710
     300       5.7465
     301       5.9715
     302       5.8494
     303       5.7323
     304       6.0698
     305       6.0782
     306       5.7499
     307       5.9734
     308       6.0184
     309       5.5578
     310       6.3142
     311       5.7634
     312       6.0830
     313       5.4710
     314       6.0905
     315       5.9329
     316       6.2075
     317       6.1538
     318       5.9305
     319       5.8109
     320       5.8739
     321       5.6433
     322       6.0131
     323       6.2374
     324       5.5774
     325       5.9651
     326       6.1026
     327       5.9011
     328       5.9376
     329       5.7231
     330       5.4607
     331       5.8870
     332       5.6270
     333       5.6600
     334       5.6738
     335       5.6671
     336       5.9206
     337       5.7802
     338       6.0368
     339       5.9532
     340       5.7535
     341       5.6410
     342       5.2306
     343       5.7293
     344       5.7958
     345       5.8728
     346       5.6679
     347       5.8153
     348       5.9394
     349       5.7213
     350       6.3720
     351       6.0406
     352       5.7133
     353       5.5650
     354       6.0088
     355       5.6875
     356       5.7725
     357       5.7108
     358       5.4618
     359       5.5791
     360       5.6005
     361       5.7501
     362       6.1079
     363       5.9091
     364       5.9257
     365       5.8441
     366       5.8237
     367       6.0452
     368       5.8396
     369       5.5340
     370       6.2122
     371       6.0120
     372       6.0793
     373       6.0850
     374       5.8926
     375       5.4961
     376       5.7034
     377       5.7041
     378       6.3180
     379       5.8804
     380       5.6967
     381       6.1596
     382       5.7716
     383       5.8398
     384       5.5013
     385       5.8949
     386       5.5258
     387       6.3854
     388       5.5518
     389       5.4766
     390       5.8526
     391       5.4940
     392       5.4891
     393       5.8643
     394       5.1926
     395       6.3888
     396       5.9224
     397       5.7097
     398       5.7512
     399       5.7180
     400       5.3791
     401       6.2164
     402       5.7706
     403       5.7796
     404       5.6325
     405       5.6458
     406       6.0797
     407       5.5717
     408       5.6614
     409       5.5728
     410       5.9057
     411       5.7163
     412       5.9219
     413       5.5991
     414       5.4735
     415       5.6751
     416       5.4552
     417       5.9542
     418       5.9499
     419       6.1566
     420       5.9485
     421       5.9981
     422       5.7153
     423       5.7608
     424       5.6679
     425       4.9357
     426       5.5958
     427       5.3055
     428       6.1873
     429       5.5185
     430       5.2278
     431       5.8867
     432       5.5844
     433       6.0868
     434       5.7969
     435       5.5926
     436       5.8813
     437       5.6943
     438       5.9312
     439       5.9603
     440       6.0651
     441       6.3098
     442       5.8518
     443       5.8601
     444       5.6868
     445       6.0467
     446       5.7037
     447       5.8635
     448       5.7758
     449       5.6225
     450       5.6738
     451       6.0624
     452       6.0881
     453       5.8312
     454       5.6844
     455       5.7130
     456       5.8581
     457       5.6410
     458       5.7247
     459       6.1449
     460       5.9424
     461       6.0908
     462       5.8917
     463       6.0577
     464       5.5981
     465       6.0733
     466       6.4599
     467       5.6374
     468       6.0516
     469       6.0136
     470       6.1438
     471       6.3382
     472       6.4192
     473       5.8034
     474       5.4977
     475       5.6366
     476       5.5042
     477       5.6721
     478       6.1027
     479       6.1822
     480       5.8448
     481       5.9174
     482       6.1241
     483       5.3182
     484       5.7858
     485       5.7969
     486       5.8561
     487       6.0496
     488       5.9408
     489       6.0303
     490       5.9400
     491       5.8706
     492       5.7401
     493       5.7443
     494       5.6696
     495       5.6930
     496       5.8923
     497       5.8642
     498       6.1600
     499       5.9452
     500       5.6619
     501       5.5979
     502       5.9832
     503       5.5953
     504       6.3229
     505       5.4170
     506       5.8893
     507       5.6863
     508       5.8041
     509       5.7444
     510       5.6333
     511       5.9032
     512       5.7896
     513       5.9772
     514       5.7012
     515       5.6801
     516       5.9251
     517       5.9421
     518       5.8682
     519       5.6408
     520       5.6709
     521       5.5526
     522       5.8939
     523       5.7631
     524       5.8542
     525       5.8255
     526       5.6631
     527       5.3697
     528       5.7869
     529       6.0466
     530       5.9337
     531       5.8393
     532       5.9962
     533       6.1981
     534       5.5658
     535       5.9060
     536       5.7781
     537       5.7764
     538       5.7727
     539       5.6199
     540       6.0607
     541       5.7357
     542       5.8525
     543       5.9478
     544       5.7035
     545       6.1648
     546       6.2192
     547       5.6422
     548       5.7588
     549       6.0454
     550       5.8163
     551       5.5459
     552       5.9131
     553       6.1919
     554       5.6352
     555       6.0310
     556       5.8048
     557       5.7760
     558       5.9510
     559       5.9169
     560       5.7867
     561       5.8584
     562       5.4583
     563       5.8857
     564       5.5611
     565       5.5354
     566       5.5521
     567       6.1543
     568       5.8016
     569       6.0392
     570       6.2179
     571       5.9163
     572       5.3888
     573       5.4490
     574       5.9597
     575       5.8496
     576       6.0107
     577       5.6072
     578       5.8420
     579       5.7751
     580       5.6822
     581       5.1775
     582       5.7511
     583       5.7743
     584       5.9222
     585       5.7424
     586       5.9373
     587       5.6156
     588       5.5676
     589       5.7812
     590       5.9064
     591       6.1370
     592       5.9569
     593       5.7920
     594       5.9239
     595       5.6616
     596       5.7920
     597       5.9044
     598       6.0955
     599       6.2474
     600       5.4524
     601       5.7865
     602       5.6282
     603       5.6731
     604       5.9557
     605       6.1995
     606       5.5476
     607       5.6754
     608       5.7818
     609       5.7211
     610       5.6175
     611       5.2435
     612       5.5601
     613       5.9772
     614       5.8918
     615       5.8511
     616       5.9579
     617       5.8050
     618       5.6827
     619       6.0731
     620       6.0364
     621       6.1042
     622       5.7045
     623       6.1686
     624       6.3198
     625       6.2710
     626       5.6204
     627       5.8188
     628       5.5830
     629       6.2314
     630       5.6140
     631       6.3480
     632       5.8759
     633       6.0592
     634       5.7779
     635       5.7992
     636       5.8602
     637       5.6787
     638       5.4400
     639       5.7528
     640       5.6421
     641       6.2787
     642       6.1840
     643       5.8679
     644       5.7826
     645       5.6665
     646       5.9154
     647       6.1412
     648       5.5353
     649       5.7316
     650       5.8734
     651       5.9806
     652       5.5462
     653       5.6919
     654       6.0966
     655       6.0752
     656       5.8363
     657       5.4017
     658       5.9908
     659       5.8812
     660       5.7754
     661       5.8048
     662       5.8595
     663       6.1272
     664       6.0297
     665       6.0840
     666       6.0629
     667       6.1760
     668       6.1327
     669       5.7234
     670       5.8392
     671       5.9311
     672       5.7703
     673       6.0277
     674       5.7725
     675       5.8403
     676       5.8366
     677       6.0984
     678       5.9876
     679       6.0805
     680       5.7787
     681       5.7267
     682       5.7714
     683       5.8932
     684       5.8477
     685       5.9615
     686       5.4719
     687       5.7923
     688       5.7347
     689       5.7914
     690       5.3942
     691       5.5557
     692       5.8929
     693       5.3083
     694       5.5900
     695       5.9077
     696       5.6898
     697       5.6928
     698       6.0865
     699       6.0155
     700       6.3471
     701       6.2480
     702       6.1889
     703       6.4037
     704       6.1574
     705       6.0087
     706       5.4522
     707       5.5445
     708       5.6594
     709       5.4026
     710       5.9832
     711       5.7145
     712       5.8628
     713       6.1238
     714       6.0576
     715       5.5914
     716       5.9364
     717       5.4746
     718       5.9573
     719       5.8950
     720       5.7202
     721       5.6114
     722       6.2063
     723       5.7602
     724       5.7917
     725       5.8381
     726       5.9749
     727       5.8637
     728       6.2797
     729       5.6343
     730       5.5447
     731       6.3418
     732       6.0987
     733       5.9762
     734       6.2244
     735       6.0391
     736       5.5643
     737       5.8341
     738       5.6943
     739       5.8501
     740       5.7753
     741       5.9479
     742       5.6409
     743       5.8039
     744       5.9348
     745       6.0198
     746       5.7217
     747       5.9382
     748       5.3637
     749       5.8346
     750       5.7361
     751       5.7933
     752       5.9001
     753       6.0706
     754       6.0621
     755       6.0844
     756       6.0161
     757       5.7729
     758       6.1062
     759       5.7787
     760       5.6586
     761       5.8096
     762       5.9108
     763       5.9063
     764       5.8646
     765       6.1271
     766       5.6751
     767       5.7448
     768       6.3770
     769       6.0464
     770       5.8352
     771       6.1699
     772       5.7218
     773       5.6856
     774       5.7816
     775       5.7845
     776       5.6911
     777       5.7977
     778       5.8553
     779       5.9271
     780       5.7000
     781       6.2717
     782       6.0702
     783       6.0124
     784       5.9469
     785       5.8132
     786       5.2753
     787       6.1215
     788       6.1037
     789       6.1651
     790       5.9332
     791       6.0056
     792       5.5377
     793       5.4123
     794       6.1369
     795       5.7102
     796       5.3640
     797       6.1555
     798       5.7674
     799       6.1913
     800       5.9566
     801       5.7360
     802       5.6787
     803       5.9098
     804       5.3497
     805       5.7726
     806       6.0667
     807       6.0430
     808       6.0063
     809       5.9814
     810       5.8655
     811       5.8843
     812       6.2491
     813       5.7908
     814       5.9174
     815       5.8863
     816       5.9655
     817       5.9377
     818       5.7488
     819       5.9484
     820       6.1098
     821       5.8035
     822       6.0281
     823       5.8849
     824       5.7219
     825       6.3613
     826       5.9271
     827       6.1647
     828       6.1345
     829       6.1575
     830       5.9457
     831       6.0030
     832       5.6304
     833       5.9883
     834       5.9534
     835       5.8587
     836       5.8739
     837       5.6856
     838       5.9230
     839       5.8482
     840       5.6146
     841       5.6388
     842       5.8004
     843       5.8808
     844       5.6146
     845       5.9104
     846       5.9849
     847       5.9706
     848       6.0767
     849       5.4506
     850       5.8678
     851       6.1702
     852       5.5663
     853       5.9558
     854       5.7592
     855       6.0327
     856       5.5857
     857       5.8857
     858       5.9195
     859       5.8344
     860       5.9790
     861       5.7395
     862       5.6061
     863       5.7308
     864       5.6000
     865       5.8438
     866       5.7843
     867       6.0845
     868       5.7504
     869       5.7462
     870       5.7088
     871       5.8717
     872       5.6059
     873       5.9869
     874       5.9296
     875       5.6030
     876       6.0584
     877       5.6347
     878       5.7775
     879       6.0815
     880       5.8825
     881       5.9419
     882       6.1405
     883       5.2941
     884       5.6685
     885       5.6863
     886       5.8014
     887       5.9098
     888       5.7571
     889       5.6864
     890       5.9325
     891       5.9262
     892       5.7173
     893       5.8185
     894       5.6087
     895       5.8708
     896       6.1808
     897       5.6544
     898       6.0138
     899       5.9960
     900       5.6219
     901       5.9770
     902       5.6102
     903       5.5817
     904       5.6545
     905       5.9855
     906       5.6972
     907       5.7736
     908       5.6322
     909       5.8566
     910       5.7747
     911       5.4002
     912       5.4490
     913       5.7831
     914       5.9016
     915       5.9833
     916       5.8460
     917       5.8945
     918       5.9858
     919       5.6521
     920       5.3545
     921       5.7679
     922       5.9240
     923       5.4589
     924       6.3129
     925       5.9320
     926       5.6587
     927       6.2372
     928       5.5001
     929       5.5793
     930       5.5088
     931       6.0652
     932       5.7828
     933       5.6348
     934       5.8628
     935       5.7879
     936       6.1369
     937       5.7070
     938       6.2569
     939       6.3684
     940       5.7279
     941       5.8765
     942       5.8301
     943       6.0987
     944       5.8722
     945       6.2529
     946       5.4215
     947       6.0370
     948       5.8984
     949       6.1658
     950       5.8286
     951       5.8823
     952       5.7646
     953       5.6960
     954       5.7038
     955       5.9957
     956       6.2423
     957       5.8928
     958       5.8893
     959       5.8749
     960       5.6687
     961       6.0331
     962       6.0916
     963       6.0299
     964       5.9832
     965       5.6719
     966       5.8130
     967       6.3920
     968       6.2287
     969       5.9265
     970       5.9280
     971       5.9215
     972       5.7665
     973       6.1078
     974       6.0429
     975       6.0473
     976       6.1711
     977       5.7690
     978       6.0375
     979       5.7126
     980       5.8580
     981       5.5356
     982       5.7974
     983       5.9824
     984       5.7975
     985       6.0624
     986       5.8878
     987       5.9913
     988       5.9551
     989       5.7072
     990       5.9909
     991       6.1266
     992       5.8850
     993       5.7660
     994       5.6463
     995       5.8175
     996       5.8280
     997       5.8789
     998       6.1522
     999       5.6482
    1000       5.8638
