#Frame   M1-E175-Oe_M1-T148-HG1
       1                 6.0478
       2                 5.3293
       3                 5.6860
       4                 5.7660
       5                 5.5461
       6                 6.0903
       7                 6.4144
       8                 5.6199
       9                 5.5116
      10                 5.8035
      11                 6.4637
      12                 6.1539
      13                 6.0218
      14                 5.7229
      15                 5.9750
      16                 5.5136
      17                 5.3157
      18                 5.8947
      19                 5.4768
      20                 5.5594
      21                 6.0761
      22                 5.4539
      23                 5.2507
      24                 5.6140
      25                 5.6533
      26                 5.6558
      27                 6.3686
      28                 5.4895
      29                 5.7988
      30                 6.1045
      31                 6.1644
      32                 5.7924
      33                 5.6353
      34                 5.7941
      35                 5.2836
      36                 6.1021
      37                 5.4953
      38                 5.8262
      39                 5.4019
      40                 6.4012
      41                 5.8990
      42                 5.2674
      43                 6.1009
      44                 6.5983
      45                 5.9715
      46                 5.7282
      47                 5.8776
      48                 5.5452
      49                 5.9375
      50                 5.8900
      51                 5.5694
      52                 6.4310
      53                 6.2055
      54                 5.5847
      55                 5.8729
      56                 5.5257
      57                 5.5808
      58                 5.6367
      59                 5.7669
      60                 5.3844
      61                 6.0720
      62                 6.2811
      63                 5.6326
      64                 5.3817
      65                 5.7422
      66                 5.7261
      67                 5.6472
      68                 6.3901
      69                 5.9753
      70                 5.7503
      71                 5.7422
      72                 5.6830
      73                 6.2740
      74                 5.2735
      75                 5.6620
      76                 5.5577
      77                 5.6893
      78                 5.8682
      79                 5.9972
      80                 5.8156
      81                 5.5211
      82                 5.7105
      83                 5.4284
      84                 5.4117
      85                 5.7697
      86                 6.0514
      87                 6.2326
      88                 6.1049
      89                 5.4938
      90                 5.8874
      91                 5.7189
      92                 5.8208
      93                 5.8412
      94                 5.6497
      95                 5.5751
      96                 5.8512
      97                 5.7725
      98                 5.9578
      99                 5.4843
     100                 5.5458
     101                 6.2146
     102                 5.9661
     103                 5.7945
     104                 6.0415
     105                 6.1228
     106                 5.4419
     107                 5.7160
     108                 5.5278
     109                 5.8312
     110                 6.2552
     111                 6.2109
     112                 5.8136
     113                 5.5526
     114                 5.7633
     115                 5.6599
     116                 5.2395
     117                 5.9144
     118                 5.6486
     119                 5.6369
     120                 5.6129
     121                 5.9737
     122                 5.3195
     123                 5.7463
     124                 5.6127
     125                 5.2942
     126                 5.8589
     127                 5.1027
     128                 5.6386
     129                 5.6326
     130                 5.8596
     131                 6.1211
     132                 5.9017
     133                 5.6663
     134                 5.7569
     135                 5.4670
     136                 5.7933
     137                 6.5004
     138                 5.5804
     139                 5.6389
     140                 6.3869
     141                 6.3738
     142                 5.9887
     143                 5.8150
     144                 6.2799
     145                 5.7204
     146                 5.9428
     147                 7.7504
     148                 6.1549
     149                 5.6601
     150                 5.7380
     151                 5.8504
     152                 5.5660
     153                 5.5727
     154                 6.2756
     155                 5.5271
     156                 5.4804
     157                 5.6581
     158                 5.6243
     159                 5.3121
     160                 5.2631
     161                 5.5609
     162                 5.7584
     163                 5.7465
     164                 5.7051
     165                 5.8925
     166                 6.2254
     167                 6.0852
     168                 5.4569
     169                 6.6808
     170                 5.7469
     171                 5.8588
     172                 5.8245
     173                 5.8080
     174                 5.7295
     175                 5.4932
     176                 5.8828
     177                 5.8550
     178                 5.6165
     179                 5.4697
     180                 5.5974
     181                 5.5086
     182                 6.0476
     183                 6.0047
     184                 5.8756
     185                 5.1588
     186                 5.9996
     187                 5.6184
     188                 4.9808
     189                 5.9065
     190                 5.5497
     191                 5.4298
     192                 5.8903
     193                 6.3737
     194                 5.4609
     195                 6.6521
     196                 5.7280
     197                 5.3831
     198                 5.7359
     199                 5.6285
     200                 5.6308
     201                 5.8449
     202                 5.1550
     203                 6.2308
     204                 5.7131
     205                 5.6680
     206                 6.0404
     207                 5.6770
     208                 5.6964
     209                 6.0147
     210                 5.2487
     211                 5.1924
     212                 5.8998
     213                 6.1171
     214                 6.2396
     215                 6.3302
     216                 5.8320
     217                 5.9145
     218                 5.2213
     219                 6.0628
     220                 5.3437
     221                 5.6657
     222                 4.8970
     223                 5.5733
     224                 5.8033
     225                 5.8980
     226                 5.4855
     227                 5.8538
     228                 5.3787
     229                 5.7681
     230                 5.5418
     231                 5.7985
     232                 5.3622
     233                 6.2233
     234                 5.7774
     235                 6.0888
     236                 5.7719
     237                 5.6389
     238                 6.2161
     239                 5.5197
     240                 5.3646
     241                 5.6943
     242                 5.6050
     243                 5.6832
     244                 5.4122
     245                 5.8059
     246                 5.8967
     247                 5.8816
     248                 6.0005
     249                 5.5565
     250                 5.5722
     251                 5.9305
     252                 5.5577
     253                 5.5244
     254                 6.3942
     255                 5.8220
     256                 5.9299
     257                 5.8694
     258                 5.6624
     259                 5.8518
     260                 5.9644
     261                 5.6972
     262                 5.9544
     263                 5.6693
     264                 6.2829
     265                 5.6461
     266                 5.3055
     267                 5.8849
     268                 5.7234
     269                 5.6147
     270                 5.9788
     271                 6.0404
     272                 5.5513
     273                 6.0520
     274                 5.9193
     275                 5.6817
     276                 5.7252
     277                 5.7515
     278                 5.7642
     279                 6.0448
     280                 5.7072
     281                 5.9333
     282                 5.3081
     283                 5.6889
     284                 5.5890
     285                 6.3748
     286                 5.7506
     287                 5.8911
     288                 5.5790
     289                 5.1416
     290                 6.1592
     291                 6.7497
     292                 6.0411
     293                 5.5154
     294                 5.5191
     295                 6.1932
     296                 5.2888
     297                 5.4376
     298                 5.8843
     299                 5.7769
     300                 5.8031
     301                 5.5758
     302                 5.8148
     303                 6.0005
     304                 5.5941
     305                 5.5080
     306                 6.0174
     307                 6.1304
     308                 5.6563
     309                 5.7735
     310                 5.5902
     311                 6.2234
     312                 5.7856
     313                 6.1080
     314                 6.2409
     315                 6.0277
     316                 5.6406
     317                 5.7605
     318                 5.5408
     319                 6.0661
     320                 6.1955
     321                 6.3143
     322                 6.2317
     323                 5.9590
     324                 6.0943
     325                 6.2993
     326                 5.9378
     327                 5.6621
     328                 5.5456
     329                 5.4761
     330                 5.6073
     331                 6.5410
     332                 5.8185
     333                 5.6295
     334                 5.8423
     335                 5.5988
     336                 5.4031
     337                 5.5075
     338                 5.8934
     339                 5.8063
     340                 5.3768
     341                 5.4784
     342                 5.5178
     343                 5.7024
     344                 6.1841
     345                 5.7770
     346                 5.9534
     347                 5.8942
     348                 6.1835
     349                 5.4715
     350                 5.6236
     351                 5.5486
     352                 5.6631
     353                 5.7681
     354                 6.4042
     355                 5.3298
     356                 5.5580
     357                 5.9368
     358                 5.8771
     359                 6.7011
     360                 5.6145
     361                 5.7666
     362                 5.8232
     363                 6.1060
     364                 5.9622
     365                 6.0935
     366                 5.6860
     367                 5.8549
     368                 5.5941
     369                 5.7973
     370                 6.0440
     371                 5.6715
     372                 5.6014
     373                 5.9154
     374                 5.3855
     375                 5.8527
     376                 5.7815
     377                 5.9377
     378                 5.8645
     379                 5.2755
     380                 6.0488
     381                 5.7485
     382                 5.4698
     383                 5.4486
     384                 5.9323
     385                 5.8451
     386                 5.5384
     387                 5.2327
     388                 6.4234
     389                 6.8831
     390                 6.1792
     391                 5.8008
     392                 6.4024
     393                 6.0002
     394                 5.5890
     395                 5.9150
     396                 5.8740
     397                 6.3073
     398                 5.4242
     399                 5.2009
     400                 5.4953
     401                 5.8474
     402                 5.8002
     403                 5.8088
     404                 5.2811
     405                 5.5729
     406                 5.8485
     407                 5.8104
     408                 5.9681
     409                 5.5422
     410                 6.3358
     411                 5.9429
     412                 5.5288
     413                 6.0351
     414                 5.6219
     415                 5.3373
     416                 5.5488
     417                 5.6253
     418                 5.8224
     419                 5.8763
     420                 5.8530
     421                 5.5925
     422                 5.5986
     423                 6.0470
     424                 5.7278
     425                 5.7425
     426                 5.7064
     427                 5.9439
     428                 6.3140
     429                 5.5924
     430                 5.9617
     431                 5.4151
     432                 5.7626
     433                 5.7398
     434                 5.7311
     435                 5.5228
     436                 5.6282
     437                 5.8354
     438                 5.9650
     439                 5.6521
     440                 5.9363
     441                 5.7518
     442                 6.0424
     443                 6.1265
     444                 5.6374
     445                 5.5160
     446                 5.9343
     447                 5.5913
     448                 5.4916
     449                 5.4385
     450                 5.4906
     451                 5.9077
     452                 5.6802
     453                 5.7038
     454                 5.1759
     455                 6.1685
     456                 5.4015
     457                 5.3841
     458                 5.7964
     459                 5.7282
     460                 6.0252
     461                 5.6283
     462                 5.4707
     463                 5.7066
     464                 5.9794
     465                 5.6927
     466                 5.3037
     467                 5.4387
     468                 5.3142
     469                 6.5882
     470                 5.5436
     471                 5.6248
     472                 5.8107
     473                 5.9146
     474                 5.5810
     475                 5.3915
     476                 5.9241
     477                 6.1153
     478                 5.7493
     479                 5.7484
     480                 6.1506
     481                 5.5444
     482                 5.9318
     483                 5.7404
     484                 6.0869
     485                 6.0528
     486                 5.5687
     487                 5.9137
     488                 6.1261
     489                 6.1770
     490                 5.6328
     491                 5.9629
     492                 5.5667
     493                 6.2122
     494                 5.6948
     495                 6.1882
     496                 5.8652
     497                 6.2435
     498                 5.6128
     499                 5.7030
     500                 5.7610
     501                 6.1532
     502                 5.8220
     503                 5.7046
     504                 5.5644
     505                 6.0092
     506                 5.4737
     507                 5.8698
     508                 5.4769
     509                 5.3218
     510                 5.8618
     511                 5.7543
     512                 5.4016
     513                 5.3756
     514                 5.7485
     515                 5.7134
     516                 6.2655
     517                 5.5316
     518                 5.9269
     519                 5.6368
     520                 5.8697
     521                 5.9084
     522                 6.1578
     523                 5.8393
     524                 6.3631
     525                 5.9435
     526                 5.9758
     527                 5.7142
     528                 6.0039
     529                 5.5418
     530                 5.9077
     531                 5.6472
     532                 5.6872
     533                 5.7436
     534                 5.4736
     535                 5.9967
     536                 5.7225
     537                 5.5947
     538                 6.2764
     539                 5.5648
     540                 5.5208
     541                 6.2610
     542                 5.6280
     543                 5.8998
     544                 5.2300
     545                 5.4987
     546                 6.1305
     547                 5.6323
     548                 5.5634
     549                 5.8192
     550                 5.8077
     551                 5.6274
     552                 5.8982
     553                 5.8966
     554                 5.9511
     555                 5.6650
     556                 5.6561
     557                 6.1655
     558                 6.1466
     559                 5.5218
     560                 6.0732
     561                 6.2242
     562                 5.9245
     563                 5.4662
     564                 5.5837
     565                 6.2995
     566                 6.0819
     567                 6.3430
     568                 5.5850
     569                 5.8277
     570                 5.9318
     571                 5.4834
     572                 5.8977
     573                 5.6693
     574                 5.6582
     575                 5.7085
     576                 5.4727
     577                 5.6745
     578                 5.8403
     579                 6.5602
     580                 6.2039
     581                 6.4041
     582                 5.5983
     583                 5.5357
     584                 5.7594
     585                 5.7487
     586                 5.4206
     587                 5.7779
     588                 5.9859
     589                 5.5678
     590                 5.8516
     591                 5.6373
     592                 5.6789
     593                 5.1775
     594                 5.4008
     595                 5.5963
     596                 5.7626
     597                 5.6508
     598                 6.1696
     599                 6.4820
     600                 5.3759
     601                 6.4188
     602                 5.9327
     603                 6.0499
     604                 5.8592
     605                 5.5844
     606                 6.8689
     607                 6.0241
     608                 5.4834
     609                 5.7938
     610                 5.2905
     611                 5.6072
     612                 5.6413
     613                 6.1606
     614                 5.7153
     615                 5.9364
     616                 6.3277
     617                 5.6725
     618                 5.9694
     619                 6.4780
     620                 5.8752
     621                 6.2126
     622                 6.0299
     623                 5.4741
     624                 5.6300
     625                 5.4128
     626                 5.7890
     627                 6.0297
     628                 5.7881
     629                 5.4209
     630                 5.4287
     631                 5.1423
     632                 5.4167
     633                 5.1490
     634                 5.6238
     635                 5.6578
     636                 5.3559
     637                 6.0019
     638                 5.6906
     639                 5.9613
     640                 5.5164
     641                 5.7959
     642                 5.9017
     643                 5.3849
     644                 5.9454
     645                 5.8126
     646                 6.2698
     647                 5.2162
     648                 6.0121
     649                 5.6285
     650                 5.4046
     651                 5.4132
     652                 5.8164
     653                 6.1805
     654                 5.6655
     655                 5.8076
     656                 5.8230
     657                 5.7970
     658                 6.5520
     659                 5.5175
     660                 6.0527
     661                 6.0596
     662                 5.5338
     663                 5.7147
     664                 5.6520
     665                 5.5671
     666                 5.5998
     667                 5.9134
     668                 5.5462
     669                 5.5243
     670                 6.0483
     671                 6.1795
     672                 5.8936
     673                 5.7716
     674                 5.9959
     675                 5.5371
     676                 6.0062
     677                 6.0745
     678                 6.2001
     679                 5.8317
     680                 6.7475
     681                 5.3623
     682                 5.9013
     683                 5.8249
     684                 5.9160
     685                 5.3104
     686                 5.7487
     687                 5.8098
     688                 5.7975
     689                 6.3290
     690                 5.7349
     691                 5.5815
     692                 5.6418
     693                 5.2677
     694                 5.9823
     695                 5.4939
     696                 5.5348
     697                 6.0060
     698                 5.4902
     699                 5.6202
     700                 6.1128
     701                 5.2777
     702                 5.9043
     703                 5.6587
     704                 6.3935
     705                 5.6687
     706                 6.2846
     707                 6.0713
     708                 5.9114
     709                 5.1018
     710                 5.4217
     711                 5.4383
     712                 5.5225
     713                 5.7872
     714                 5.7372
     715                 5.3350
     716                 5.6367
     717                 6.2281
     718                 5.7238
     719                 5.7164
     720                 5.7502
     721                 5.5650
     722                 5.2636
     723                 5.7005
     724                 5.8289
     725                 5.1757
     726                 6.0251
     727                 6.2756
     728                 5.8372
     729                 5.6046
     730                 6.4171
     731                 6.1386
     732                 5.4129
     733                 5.9083
     734                 5.3734
     735                 5.2782
     736                 5.9803
     737                 6.2383
     738                 6.3945
     739                 5.3605
     740                 6.3149
     741                 5.7987
     742                 5.7840
     743                 6.1564
     744                 5.4652
     745                 5.7947
     746                 5.6541
     747                 5.9177
     748                 5.8802
     749                 5.8517
     750                 5.6359
     751                 5.7752
     752                 6.1803
     753                 5.9884
     754                 5.5307
     755                 5.2872
     756                 5.4617
     757                 5.1643
     758                 5.7042
     759                 5.6295
     760                 5.5504
     761                 5.9554
     762                 5.5587
     763                 6.3516
     764                 5.7140
     765                 5.6299
     766                 6.1762
     767                 5.6615
     768                 5.8522
     769                 5.7048
     770                 5.8464
     771                 6.0983
     772                 5.5881
     773                 6.1518
     774                 5.4912
     775                 5.6315
     776                 5.9861
     777                 5.6341
     778                 5.9046
     779                 5.3892
     780                 6.0260
     781                 5.7489
     782                 5.7437
     783                 5.8424
     784                 5.5319
     785                 5.9066
     786                 6.1570
     787                 5.9146
     788                 6.2751
     789                 5.3034
     790                 6.2050
     791                 5.3477
     792                 6.3567
     793                 6.0355
     794                 6.1920
     795                 6.1377
     796                 6.6299
     797                 6.1017
     798                 5.4006
     799                 5.2804
     800                 5.5196
     801                 5.9928
     802                 5.5648
     803                 6.0500
     804                 6.3366
     805                 5.8440
     806                 5.2181
     807                 5.9151
     808                 5.3900
     809                 5.4548
     810                 5.9078
     811                 5.6807
     812                 6.3079
     813                 5.7072
     814                 5.8086
     815                 5.6675
     816                 5.7187
     817                 6.6423
     818                 5.3592
     819                 5.8882
     820                 5.8642
     821                 5.7456
     822                 6.0335
     823                 5.8549
     824                 5.7157
     825                 5.9305
     826                 5.6531
     827                 5.8384
     828                 5.9746
     829                 5.2247
     830                 5.6624
     831                 6.2056
     832                 5.8255
     833                 5.5641
     834                 5.7812
     835                 5.6381
     836                 5.6848
     837                 6.0494
     838                 5.7517
     839                 5.6546
     840                 5.2864
     841                 5.6775
     842                 6.2490
     843                 6.2183
     844                 5.6457
     845                 6.4197
     846                 5.5742
     847                 5.7140
     848                 5.3809
     849                 5.7302
     850                 5.6005
     851                 5.3660
     852                 5.6921
     853                 5.0299
     854                 5.6281
     855                 6.2506
     856                 5.6489
     857                 5.7885
     858                 5.7886
     859                 6.2671
     860                 5.6668
     861                 5.9018
     862                 6.3653
     863                 5.6616
     864                 5.6657
     865                 5.4894
     866                 5.2382
     867                 5.7104
     868                 6.0873
     869                 5.7772
     870                 5.2360
     871                 5.7499
     872                 5.5523
     873                 5.6643
     874                 5.8921
     875                 6.0815
     876                 6.1052
     877                 5.6593
     878                 5.6922
     879                 5.6754
     880                 5.9304
     881                 5.4994
     882                 5.4951
     883                 6.0423
     884                 5.8040
     885                 5.9891
     886                 5.5603
     887                 5.7469
     888                 6.2220
     889                 5.4365
     890                 6.0241
     891                 5.8109
     892                 5.9419
     893                 6.0867
     894                 5.9491
     895                 5.7045
     896                 5.8200
     897                 5.3958
     898                 5.1873
     899                 5.7039
     900                 5.8229
     901                 6.2416
     902                 5.7418
     903                 5.6821
     904                 5.8575
     905                 6.0829
     906                 5.6496
     907                 5.5957
     908                 6.1155
     909                 5.8248
     910                 5.7474
     911                 6.1652
     912                 5.9171
     913                 6.3063
     914                 5.8652
     915                 6.2612
     916                 5.4640
     917                 5.4255
     918                 5.6567
     919                 5.5028
     920                 5.8793
     921                 5.6466
     922                 5.7249
     923                 5.5835
     924                 6.1049
     925                 5.6972
     926                 5.2800
     927                 5.5161
     928                 6.0048
     929                 5.4766
     930                 5.5206
     931                 5.5955
     932                 5.7558
     933                 5.7858
     934                 6.1289
     935                 6.0612
     936                 5.8685
     937                 6.0875
     938                 5.6493
     939                 5.3499
     940                 5.5837
     941                 5.3041
     942                 5.8348
     943                 6.4413
     944                 5.8004
     945                 6.0877
     946                 5.6595
     947                 5.5231
     948                 5.5455
     949                 5.9296
     950                 6.1030
     951                 5.8993
     952                 5.5205
     953                 5.7031
     954                 6.1937
     955                 5.8416
     956                 5.3593
     957                 5.5495
     958                 5.5630
     959                 5.2086
     960                 5.7585
     961                 6.4919
     962                 6.0871
     963                 6.0988
     964                 5.3446
     965                 5.2818
     966                 6.2806
     967                 5.9926
     968                 5.5580
     969                 5.6880
     970                 5.3079
     971                 5.7959
     972                 6.2388
     973                 5.9599
     974                 5.6387
     975                 5.8675
     976                 6.1144
     977                 6.1002
     978                 5.6951
     979                 6.0999
     980                 5.7122
     981                 6.0020
     982                 5.7786
     983                 5.8489
     984                 5.9282
     985                 5.7714
     986                 5.7358
     987                 6.3179
     988                 5.7245
     989                 5.9367
     990                 5.9855
     991                 5.6513
     992                 5.1634
     993                 6.0556
     994                 5.4936
     995                 5.4760
     996                 5.7536
     997                 6.2903
     998                 5.3207
     999                 5.4338
    1000                 6.5189
