#Frame   M2-E175-Oe_M1-W184-He1
       1                 7.5435
       2                 9.0142
       3                 9.1693
       4                 7.7349
       5                 7.7900
       6                 7.3513
       7                 8.9964
       8                 7.7405
       9                 7.9309
      10                 7.6483
      11                 8.4029
      12                 8.8691
      13                 8.4463
      14                 8.3590
      15                 8.8315
      16                 8.6027
      17                 8.4335
      18                 9.7679
      19                 9.1612
      20                 7.6121
      21                 8.1546
      22                 7.8240
      23                 8.5662
      24                 8.5823
      25                 8.6137
      26                 7.9279
      27                 8.4142
      28                 9.6395
      29                 8.1098
      30                 8.3137
      31                 8.3976
      32                 8.2812
      33                 7.6342
      34                 7.7747
      35                 7.8502
      36                 8.7898
      37                 9.4479
      38                 8.0623
      39                 8.7329
      40                 7.6339
      41                 7.7744
      42                 7.2858
      43                 8.3555
      44                 9.3064
      45                 6.9711
      46                 7.6275
      47                 8.7565
      48                 8.3626
      49                 7.5568
      50                 8.5289
      51                 8.2978
      52                 8.2643
      53                 8.2826
      54                 7.9858
      55                 8.8136
      56                 8.9985
      57                 8.1705
      58                 7.7721
      59                 8.3857
      60                 8.9119
      61                 7.8967
      62                 8.2643
      63                 8.0012
      64                 8.6452
      65                 7.3019
      66                 8.7463
      67                 8.8605
      68                 8.2020
      69                 7.8024
      70                 8.8301
      71                 7.2621
      72                 8.4547
      73                 6.8250
      74                 7.9042
      75                 8.4251
      76                 7.5977
      77                 8.2136
      78                 7.6316
      79                 9.0219
      80                 7.8286
      81                 8.9359
      82                 8.8138
      83                 8.7085
      84                 8.0925
      85                 8.1666
      86                 8.0638
      87                 8.3320
      88                 8.2152
      89                 7.7090
      90                 9.0308
      91                 9.4919
      92                 9.1932
      93                 8.6636
      94                 7.2782
      95                 7.6263
      96                 8.1066
      97                 8.0334
      98                 8.7470
      99                 7.8955
     100                 8.0928
     101                 7.8055
     102                 7.9141
     103                 8.1523
     104                 8.3754
     105                 8.3965
     106                 9.0129
     107                 7.6115
     108                 8.3755
     109                 8.7204
     110                 8.4300
     111                 7.7701
     112                 8.3701
     113                 7.8254
     114                 8.0689
     115                 8.2226
     116                 8.2783
     117                 8.6568
     118                 8.5604
     119                 9.1631
     120                 9.8723
     121                 8.6651
     122                 9.6721
     123                 8.1898
     124                 8.4404
     125                 8.6344
     126                 8.4658
     127                 9.5404
     128                 8.4161
     129                 7.2856
     130                 8.3721
     131                 7.2909
     132                 7.9117
     133                 8.5576
     134                 9.1250
     135                 8.4905
     136                 8.4686
     137                 8.3089
     138                 7.7660
     139                 7.8568
     140                 7.9427
     141                 7.6751
     142                 8.4631
     143                 8.6016
     144                 8.7637
     145                 8.3320
     146                 7.9904
     147                 7.8345
     148                 8.7334
     149                 7.9787
     150                 8.5158
     151                 7.9647
     152                 7.8135
     153                 8.2964
     154                 7.8695
     155                 8.8489
     156                 9.0595
     157                 8.8361
     158                 8.6134
     159                 8.7780
     160                 7.5722
     161                 8.5109
     162                 7.7622
     163                 7.5940
     164                 7.8270
     165                 8.6801
     166                 8.5249
     167                 8.3334
     168                 8.6071
     169                 7.8676
     170                 9.1856
     171                 7.5801
     172                 9.1178
     173                 8.7757
     174                 8.0641
     175                 8.8642
     176                 8.6766
     177                 8.4885
     178                 8.1534
     179                 8.1569
     180                 8.7139
     181                 8.7674
     182                 8.2490
     183                 8.8721
     184                 8.7415
     185                 8.1958
     186                 9.9633
     187                 8.5448
     188                 7.4886
     189                 9.1246
     190                 8.5492
     191                 8.1257
     192                 8.6756
     193                 8.7120
     194                 9.0640
     195                 8.4995
     196                 8.2076
     197                 8.8000
     198                 9.9810
     199                 8.6850
     200                 9.7081
     201                 7.9273
     202                 8.4037
     203                 7.6027
     204                 7.8474
     205                 9.9121
     206                 8.5364
     207                 8.2145
     208                 8.8210
     209                 8.1537
     210                 9.0567
     211                 8.0981
     212                 9.8073
     213                 7.7346
     214                 8.5886
     215                 8.0325
     216                 7.7823
     217                 8.2510
     218                 8.3101
     219                 8.0162
     220                 8.1406
     221                 8.5033
     222                 9.1560
     223                 8.8633
     224                 8.2738
     225                 8.1785
     226                 8.0190
     227                 8.7823
     228                 8.3837
     229                 6.9287
     230                 8.1994
     231                 7.8645
     232                 8.5256
     233                 8.6436
     234                 8.3828
     235                 8.3166
     236                 7.5923
     237                 7.8073
     238                 9.8254
     239                 8.2022
     240                 7.6631
     241                 7.3663
     242                 7.5828
     243                 8.4735
     244                 9.1808
     245                 8.5104
     246                 8.0449
     247                 8.9533
     248                 8.1962
     249                 8.5076
     250                 8.1815
     251                 8.0253
     252                 8.0346
     253                 7.7584
     254                 9.0620
     255                 7.9442
     256                 8.7072
     257                 8.2630
     258                 7.9604
     259                 8.0216
     260                 8.0310
     261                 8.1554
     262                 7.0220
     263                 8.3438
     264                 7.8120
     265                 8.7281
     266                 8.2695
     267                 7.6893
     268                 8.4819
     269                 8.4069
     270                 8.1142
     271                 8.6715
     272                 8.1591
     273                 8.0599
     274                 6.0550
     275                 8.6154
     276                 7.9634
     277                 8.8883
     278                 7.8235
     279                 8.6124
     280                 8.2498
     281                 8.3623
     282                 7.7805
     283                 8.8354
     284                 8.1780
     285                 8.0066
     286                 8.8295
     287                 9.0492
     288                 7.4351
     289                 8.0868
     290                 8.8745
     291                 8.8163
     292                 7.6409
     293                 8.0984
     294                 9.4765
     295                 8.8153
     296                 8.3690
     297                 8.5375
     298                 8.6714
     299                 8.1046
     300                 8.2647
     301                 9.9255
     302                 9.0111
     303                 9.2328
     304                 8.4132
     305                 8.2090
     306                 8.6882
     307                 8.0760
     308                 8.7504
     309                 7.7436
     310                 8.5495
     311                 8.3021
     312                 7.1377
     313                 8.8754
     314                 7.9890
     315                 8.2021
     316                 8.8024
     317                 8.7677
     318                 8.4131
     319                 8.2231
     320                 8.5974
     321                 8.0053
     322                 8.1301
     323                 8.6225
     324                 8.6026
     325                 9.2227
     326                 7.5066
     327                 8.7686
     328                 8.6847
     329                 8.6275
     330                 8.3174
     331                 9.4360
     332                 9.3008
     333                 9.5939
     334                 8.8848
     335                 9.2456
     336                 9.2751
     337                 9.3358
     338                 8.7448
     339                 8.0843
     340                 8.6056
     341                 8.2509
     342                 8.0160
     343                 8.5750
     344                 8.3521
     345                 8.2976
     346                 8.4157
     347                 8.2515
     348                 7.9346
     349                 8.8936
     350                 8.7442
     351                 9.2791
     352                 8.1831
     353                 8.7332
     354                 8.3972
     355                 8.7031
     356                 8.1987
     357                 7.7691
     358                 9.0722
     359                 8.6515
     360                 8.8419
     361                 8.5553
     362                 8.7120
     363                 8.2235
     364                 8.4157
     365                 7.9869
     366                 9.3789
     367                 8.4552
     368                 8.2658
     369                 9.0667
     370                 8.2633
     371                 8.2246
     372                 8.6736
     373                 9.2488
     374                 8.4276
     375                 7.8105
     376                 8.9133
     377                 9.6421
     378                 8.2141
     379                 7.9908
     380                 8.3496
     381                 8.7691
     382                 8.5034
     383                 8.3766
     384                 8.8600
     385                 8.4617
     386                 9.1947
     387                 7.0602
     388                 7.6016
     389                 8.8132
     390                 8.5667
     391                 8.9225
     392                 8.5505
     393                 8.7732
     394                 8.8322
     395                 7.1589
     396                 8.1472
     397                 9.0957
     398                 7.9496
     399                 8.7495
     400                 9.4955
     401                 8.3788
     402                 8.5743
     403                 9.0249
     404                 8.5526
     405                 9.7332
     406                10.0612
     407                 8.5913
     408                 9.2410
     409                 9.3765
     410                 8.6787
     411                 8.0960
     412                 9.6287
     413                 9.5031
     414                 9.2811
     415                 9.7480
     416                 8.2638
     417                 8.6900
     418                 7.7189
     419                 7.6922
     420                 9.2429
     421                 8.3388
     422                 8.0303
     423                 8.3835
     424                 8.4729
     425                 7.2890
     426                 6.9896
     427                 7.9624
     428                 7.8348
     429                 8.7119
     430                 9.2017
     431                 7.9529
     432                 8.8249
     433                 7.1149
     434                 8.1222
     435                 8.5408
     436                 8.9336
     437                 8.4048
     438                 8.2131
     439                 8.5112
     440                 8.8182
     441                 7.6076
     442                 8.0621
     443                 8.6953
     444                 8.0155
     445                 7.3933
     446                 8.8108
     447                 8.5153
     448                 7.9787
     449                 8.7215
     450                 8.4251
     451                 8.8651
     452                 7.6504
     453                 8.6502
     454                 9.0849
     455                 8.7157
     456                 8.2531
     457                10.4385
     458                 8.3527
     459                 8.0772
     460                 8.6467
     461                 8.8596
     462                 7.9892
     463                 8.4785
     464                 8.2147
     465                 8.5101
     466                 9.0889
     467                 7.7277
     468                 8.0004
     469                 7.9286
     470                 7.8219
     471                 8.4312
     472                 8.8045
     473                 9.1260
     474                 8.3345
     475                 8.8755
     476                 7.9399
     477                 8.7141
     478                 9.4957
     479                 8.8903
     480                 8.2068
     481                 9.5830
     482                 9.5456
     483                 8.1231
     484                 8.1909
     485                 8.6615
     486                 8.5664
     487                 7.1717
     488                 8.3968
     489                 8.9316
     490                 8.2707
     491                 9.1914
     492                 8.7816
     493                 7.4659
     494                 8.2189
     495                 8.8065
     496                 8.9872
     497                 8.1696
     498                 8.6322
     499                 8.2509
     500                 8.7332
     501                 8.0649
     502                 8.3180
     503                 9.0345
     504                 8.5110
     505                 8.6268
     506                 8.4145
     507                 8.4398
     508                 7.9623
     509                 8.2619
     510                 7.7670
     511                 8.5428
     512                 8.9708
     513                 7.9643
     514                 7.9663
     515                 7.9412
     516                 8.2179
     517                 8.9309
     518                 9.5840
     519                 9.4003
     520                 8.3296
     521                 8.4328
     522                 8.0900
     523                 7.0480
     524                 8.2728
     525                 8.4403
     526                 8.0900
     527                 9.1682
     528                 7.5674
     529                 8.1394
     530                 8.6768
     531                 8.2972
     532                 8.6167
     533                 8.2874
     534                 8.2395
     535                 7.8067
     536                 8.1084
     537                 8.6551
     538                 9.1334
     539                 8.7322
     540                 8.1967
     541                 8.3981
     542                 8.3331
     543                 8.5413
     544                 7.7537
     545                 8.6180
     546                 7.8858
     547                 8.6326
     548                 9.0744
     549                 8.5783
     550                 8.7677
     551                 8.4785
     552                 8.5364
     553                 8.3619
     554                 9.0327
     555                 8.5040
     556                10.1562
     557                 8.5091
     558                 8.4641
     559                 7.7925
     560                 9.2011
     561                 9.4257
     562                 8.7441
     563                 8.4340
     564                 8.6795
     565                 7.2601
     566                 7.6268
     567                 8.8953
     568                 8.5029
     569                 7.5846
     570                 8.7088
     571                 8.1616
     572                 9.2208
     573                 8.5034
     574                 8.7504
     575                 8.3818
     576                 8.3640
     577                 8.9637
     578                 6.9176
     579                 8.7488
     580                 8.8441
     581                 7.1097
     582                 8.0299
     583                 8.7312
     584                 8.3159
     585                 8.6552
     586                 8.8672
     587                 7.8962
     588                 8.1397
     589                 7.7154
     590                 8.6578
     591                 8.0187
     592                 7.4164
     593                 8.2289
     594                 8.8558
     595                 8.3087
     596                 9.3544
     597                 9.3072
     598                 7.4524
     599                 8.4832
     600                 8.1100
     601                 8.2239
     602                 8.7819
     603                 8.8884
     604                 8.4218
     605                 8.1621
     606                 7.9500
     607                 9.6885
     608                 8.1461
     609                 7.8244
     610                 8.4769
     611                 8.1211
     612                 8.9064
     613                 7.1606
     614                 7.1291
     615                 8.2508
     616                 8.6467
     617                 8.4142
     618                 8.0651
     619                 8.0868
     620                 8.1116
     621                 9.2192
     622                 9.0018
     623                 8.5883
     624                 7.7021
     625                 8.0087
     626                 9.7237
     627                 9.3396
     628                 9.3956
     629                 9.0493
     630                 9.1634
     631                 8.4555
     632                 8.0826
     633                 7.8550
     634                 8.8859
     635                 8.3563
     636                 8.6245
     637                 8.0919
     638                 9.7389
     639                 8.1036
     640                 8.0346
     641                 9.3076
     642                 7.0016
     643                 8.4148
     644                 7.4932
     645                 7.0120
     646                 8.3489
     647                 7.5908
     648                 7.6355
     649                 7.7785
     650                 8.0906
     651                 7.7751
     652                 7.1258
     653                 8.6077
     654                 7.7351
     655                 8.2130
     656                 8.4616
     657                 8.0367
     658                 9.3176
     659                 8.1319
     660                 7.8130
     661                 8.3065
     662                 8.6046
     663                 8.4176
     664                 7.8601
     665                 8.1357
     666                 8.4890
     667                 8.7888
     668                 7.9944
     669                 7.5654
     670                 8.6361
     671                 7.0924
     672                 7.7446
     673                 8.2326
     674                 7.1935
     675                 7.6336
     676                 8.5647
     677                 8.2602
     678                 9.5830
     679                 8.7263
     680                 8.5890
     681                 8.8656
     682                 9.0720
     683                 7.7898
     684                 9.2324
     685                 9.2963
     686                 8.4791
     687                 8.4606
     688                 8.8379
     689                 8.6265
     690                 8.2483
     691                 8.4195
     692                 9.1061
     693                 8.7883
     694                 7.0703
     695                 7.9172
     696                 8.9513
     697                 8.4174
     698                 7.3168
     699                 8.0463
     700                 7.1352
     701                 7.9875
     702                 8.4777
     703                 8.8997
     704                 7.9458
     705                 8.8989
     706                 7.5108
     707                 7.3773
     708                 8.5613
     709                 8.1446
     710                 8.1146
     711                 9.3418
     712                 7.8192
     713                 8.3920
     714                 7.7265
     715                 8.2926
     716                 8.1039
     717                 8.6641
     718                 8.3488
     719                 9.2198
     720                 9.2244
     721                 7.4726
     722                 9.2517
     723                 8.6929
     724                 8.2776
     725                 9.0724
     726                 8.7541
     727                 8.7383
     728                 8.6737
     729                 8.9987
     730                 8.2087
     731                 8.2597
     732                10.8058
     733                 8.5609
     734                 8.2233
     735                 8.7454
     736                 8.2305
     737                 7.9248
     738                 9.1371
     739                 7.8089
     740                 9.1055
     741                 9.3578
     742                 8.2731
     743                 9.7868
     744                 8.1708
     745                 7.4220
     746                 8.0408
     747                 7.7132
     748                 8.6614
     749                 7.9537
     750                 8.8706
     751                 8.4084
     752                 8.2895
     753                 9.0838
     754                 8.5419
     755                 8.2614
     756                 8.2120
     757                 6.7685
     758                 9.2241
     759                 8.3754
     760                 8.3976
     761                 8.1756
     762                 8.7011
     763                 8.8662
     764                 8.2559
     765                 7.6129
     766                 9.8009
     767                 8.4792
     768                 7.6854
     769                 8.4912
     770                 8.4730
     771                 8.0241
     772                 7.6884
     773                 8.5377
     774                 9.0322
     775                 8.7108
     776                 9.1238
     777                 8.0432
     778                 8.6072
     779                 8.8271
     780                 8.3109
     781                 8.1332
     782                 7.1647
     783                 8.5700
     784                 8.1699
     785                 7.7706
     786                 8.3554
     787                 8.4940
     788                 9.4796
     789                 7.9655
     790                 7.3743
     791                 7.7359
     792                 8.3858
     793                 8.3902
     794                10.3801
     795                 8.7950
     796                 8.1508
     797                 9.3154
     798                 8.7098
     799                 7.9917
     800                 8.1618
     801                 9.9063
     802                 7.7921
     803                 8.2808
     804                 8.6145
     805                 9.0790
     806                 8.6729
     807                 7.8997
     808                 8.4441
     809                 7.7992
     810                 8.9940
     811                 9.2225
     812                 7.6756
     813                 7.8873
     814                 9.4570
     815                 8.3148
     816                 7.9428
     817                 9.1961
     818                 8.6425
     819                 8.5530
     820                 8.4473
     821                 7.7061
     822                 8.0820
     823                 8.2928
     824                 8.0174
     825                 8.4282
     826                 8.8490
     827                 9.0670
     828                 8.2472
     829                 9.7933
     830                 8.8848
     831                 7.8150
     832                 8.9920
     833                 8.8502
     834                 7.7079
     835                 9.5613
     836                 8.3039
     837                 8.3021
     838                 8.1979
     839                 8.7142
     840                 8.5485
     841                10.0167
     842                 8.7148
     843                 8.3393
     844                 8.3581
     845                 7.7781
     846                 7.0777
     847                 7.7350
     848                 7.9611
     849                 9.2406
     850                 9.0325
     851                 8.0803
     852                 9.5209
     853                 7.7000
     854                 9.4871
     855                 8.1921
     856                 8.5769
     857                 8.7021
     858                 7.9628
     859                 8.4201
     860                 7.8034
     861                 7.9246
     862                 9.0496
     863                 8.7237
     864                 9.1443
     865                 8.3271
     866                 8.0188
     867                 7.6005
     868                 9.2173
     869                 8.4712
     870                 8.4970
     871                 9.2521
     872                 8.1485
     873                 7.4380
     874                 8.6394
     875                 8.7773
     876                 8.7410
     877                 8.6492
     878                 8.3836
     879                 9.0961
     880                 8.8015
     881                 8.5033
     882                 9.2846
     883                 7.8890
     884                 7.5650
     885                 8.4122
     886                 8.5640
     887                 8.4699
     888                 6.7978
     889                 7.8053
     890                 8.8562
     891                 8.0628
     892                 8.1662
     893                 8.4026
     894                 7.9337
     895                 8.3780
     896                 7.8103
     897                 8.6031
     898                 7.5818
     899                 8.8556
     900                 9.0010
     901                 7.6423
     902                 7.6279
     903                 8.6179
     904                 9.2491
     905                 8.3206
     906                 8.4195
     907                 8.9711
     908                 6.6838
     909                 8.4520
     910                 7.9764
     911                 8.9050
     912                 7.8196
     913                 8.7267
     914                 7.2558
     915                 7.2162
     916                 7.5490
     917                 8.9105
     918                 7.6318
     919                 8.2016
     920                 7.5370
     921                 8.4323
     922                 7.5742
     923                 7.6798
     924                 8.5247
     925                 8.9217
     926                 8.7253
     927                 8.4252
     928                 8.0845
     929                 7.9215
     930                 7.6112
     931                 8.0477
     932                 8.6784
     933                 8.4043
     934                 9.2248
     935                 7.9566
     936                 7.5869
     937                 8.4417
     938                 7.8760
     939                 7.9874
     940                 7.9938
     941                 8.3682
     942                 8.7366
     943                 8.1141
     944                 7.5544
     945                 8.0936
     946                 8.6260
     947                 8.4776
     948                 7.4957
     949                 8.1220
     950                 8.4446
     951                 8.1009
     952                 8.7432
     953                 7.9823
     954                 8.6234
     955                 7.6410
     956                 7.5909
     957                 8.8846
     958                 8.4498
     959                 8.3828
     960                 8.5503
     961                 7.4016
     962                 7.5305
     963                 7.9401
     964                 8.4316
     965                 8.8462
     966                 7.8968
     967                 7.3569
     968                 7.1790
     969                 7.5355
     970                 7.7372
     971                 7.5269
     972                 8.7339
     973                 8.5651
     974                 8.7795
     975                 7.9187
     976                 8.8809
     977                 9.4026
     978                 8.4785
     979                 7.5535
     980                 7.8547
     981                 7.4734
     982                 7.6664
     983                 7.7560
     984                 8.4572
     985                 8.8420
     986                 8.7197
     987                 8.3539
     988                 8.3348
     989                 7.8311
     990                 7.7120
     991                 7.8609
     992                 7.5749
     993                 7.2543
     994                 7.7929
     995                 8.6708
     996                 9.5769
     997                 7.9585
     998                 8.3688
     999                 8.6988
    1000                 8.1096
