#Frame      M1-M2-COM
       1      22.9526
       2      22.8078
       3      23.4465
       4      23.4237
       5      23.3915
       6      22.7941
       7      23.9909
       8      22.5777
       9      23.5630
      10      23.6196
      11      22.6807
      12      22.8611
      13      23.1709
      14      22.6668
      15      22.9438
      16      23.3896
      17      23.6906
      18      22.1003
      19      22.6518
      20      23.5156
      21      23.2485
      22      23.6960
      23      24.1403
      24      23.3888
      25      23.4861
      26      23.7310
      27      23.3686
      28      23.0899
      29      23.5064
      30      23.2427
      31      22.8557
      32      23.5074
      33      23.3381
      34      23.6153
      35      23.3313
      36      23.1378
      37      22.2564
      38      23.4660
      39      22.7711
      40      23.1824
      41      22.6111
      42      22.9295
      43      23.4659
      44      23.1513
      45      23.3956
      46      23.9435
      47      23.2122
      48      22.8960
      49      22.6031
      50      23.5135
      51      23.3692
      52      23.2417
      53      23.3200
      54      23.4891
      55      23.3787
      56      22.8503
      57      22.4109
      58      22.9619
      59      23.6791
      60      23.6393
      61      22.9754
      62      23.3755
      63      22.7999
      64      23.0109
      65      22.9073
      66      22.7351
      67      23.2681
      68      22.9564
      69      22.6662
      70      22.7265
      71      23.4694
      72      23.5212
      73      23.3863
      74      22.4523
      75      23.2617
      76      24.1553
      77      22.8649
      78      22.3030
      79      23.1703
      80      21.9759
      81      22.8252
      82      22.6564
      83      22.7504
      84      23.2812
      85      24.5059
      86      23.0006
      87      22.9628
      88      22.6239
      89      23.0247
      90      22.5082
      91      22.6369
      92      22.5866
      93      22.9123
      94      22.4982
      95      22.0711
      96      22.1660
      97      21.8207
      98      22.5194
      99      21.4023
     100      22.0800
     101      22.2537
     102      22.3536
     103      23.3933
     104      22.1100
     105      22.3118
     106      22.6058
     107      22.8815
     108      22.5545
     109      22.6920
     110      23.0228
     111      23.7880
     112      22.4019
     113      22.1880
     114      22.2461
     115      21.7722
     116      22.9056
     117      23.0566
     118      21.8044
     119      22.2976
     120      23.0909
     121      22.5806
     122      22.0458
     123      21.8324
     124      22.4919
     125      23.0864
     126      22.6144
     127      21.8665
     128      22.7090
     129      22.5228
     130      22.0108
     131      22.5669
     132      21.8521
     133      22.1349
     134      22.0556
     135      22.4139
     136      21.9790
     137      22.5881
     138      22.4313
     139      22.4436
     140      22.7763
     141      22.4806
     142      22.3788
     143      22.8900
     144      22.6908
     145      23.0993
     146      23.5352
     147      23.3078
     148      22.2967
     149      21.8679
     150      22.3895
     151      22.3575
     152      22.6864
     153      22.6892
     154      22.1948
     155      22.0387
     156      22.9259
     157      23.1563
     158      22.9404
     159      22.1579
     160      22.5837
     161      22.9376
     162      23.2205
     163      22.8073
     164      22.6940
     165      22.6769
     166      22.5704
     167      22.8210
     168      22.1329
     169      21.9875
     170      23.3008
     171      22.9473
     172      22.6448
     173      22.7764
     174      23.0277
     175      22.3114
     176      22.9924
     177      22.5037
     178      22.9738
     179      22.4518
     180      22.3640
     181      22.0558
     182      22.6185
     183      23.2489
     184      23.0034
     185      23.2039
     186      22.1495
     187      22.6255
     188      22.9032
     189      22.9291
     190      22.5386
     191      22.3571
     192      23.0131
     193      22.4643
     194      21.8649
     195      22.5721
     196      22.3022
     197      22.3530
     198      22.5041
     199      22.9389
     200      23.8353
     201      23.3441
     202      22.7009
     203      22.8730
     204      22.7900
     205      22.4841
     206      21.9513
     207      22.6084
     208      21.8442
     209      22.0919
     210      22.3638
     211      22.5552
     212      22.1571
     213      21.7704
     214      22.1134
     215      21.8733
     216      22.1725
     217      22.1347
     218      21.4875
     219      22.0959
     220      22.0851
     221      21.9109
     222      21.2641
     223      22.4895
     224      22.3604
     225      21.9253
     226      22.5441
     227      21.8062
     228      22.1373
     229      22.5354
     230      21.8877
     231      22.5240
     232      21.7909
     233      22.0694
     234      21.9585
     235      22.1340
     236      21.5622
     237      21.7673
     238      22.0262
     239      21.6354
     240      21.2102
     241      21.8939
     242      21.4616
     243      23.1000
     244      21.6543
     245      21.4701
     246      22.1367
     247      21.7392
     248      21.8992
     249      21.5235
     250      22.1202
     251      22.4126
     252      22.1799
     253      22.3345
     254      22.8872
     255      21.6896
     256      22.6013
     257      21.4842
     258      21.7938
     259      22.4558
     260      21.6989
     261      22.0131
     262      22.1677
     263      22.2767
     264      22.0558
     265      22.2904
     266      21.6135
     267      21.7506
     268      22.3276
     269      22.5613
     270      21.8900
     271      21.9816
     272      22.3347
     273      22.2527
     274      22.6926
     275      22.0775
     276      22.4790
     277      22.9203
     278      21.9480
     279      23.1267
     280      22.5836
     281      21.9772
     282      21.9880
     283      22.0085
     284      22.5467
     285      21.3102
     286      22.3916
     287      22.1160
     288      21.3429
     289      21.4861
     290      20.8996
     291      21.1488
     292      21.4778
     293      20.8773
     294      20.9281
     295      20.9662
     296      21.2914
     297      21.7915
     298      22.1693
     299      22.0979
     300      21.4250
     301      21.4475
     302      21.6418
     303      21.8461
     304      21.7362
     305      22.2224
     306      22.0290
     307      22.3485
     308      22.3854
     309      21.9322
     310      23.2264
     311      23.0511
     312      22.7183
     313      21.6181
     314      21.6002
     315      22.3536
     316      21.8530
     317      22.1340
     318      22.6910
     319      23.0288
     320      22.2287
     321      22.2078
     322      22.0263
     323      22.7178
     324      21.6116
     325      21.8846
     326      22.0417
     327      21.8258
     328      21.8610
     329      22.2181
     330      21.9122
     331      21.8821
     332      22.3211
     333      22.2146
     334      22.3316
     335      22.3292
     336      23.1908
     337      22.4617
     338      22.8671
     339      22.6741
     340      22.7467
     341      22.2359
     342      22.6629
     343      23.4371
     344      23.7978
     345      23.6110
     346      22.9532
     347      22.6606
     348      23.5564
     349      23.2088
     350      22.7096
     351      22.8233
     352      22.2667
     353      22.8180
     354      23.0357
     355      22.6339
     356      23.5820
     357      23.4354
     358      23.1577
     359      22.1851
     360      22.2993
     361      22.9749
     362      23.5504
     363      23.9121
     364      23.7335
     365      23.2999
     366      22.7090
     367      23.6300
     368      23.9093
     369      22.5966
     370      23.3720
     371      22.9659
     372      22.9592
     373      23.0458
     374      22.6378
     375      22.1626
     376      23.0657
     377      21.8960
     378      23.0211
     379      22.8357
     380      22.6123
     381      23.9109
     382      23.5438
     383      24.2637
     384      23.4831
     385      23.3236
     386      22.5179
     387      23.8161
     388      23.1199
     389      22.5612
     390      22.5840
     391      21.8055
     392      22.4667
     393      22.4362
     394      22.4117
     395      22.3909
     396      22.6046
     397      22.8132
     398      22.6951
     399      22.0859
     400      22.5792
     401      22.7539
     402      22.3305
     403      22.6886
     404      23.0222
     405      22.8864
     406      22.2409
     407      22.3401
     408      22.5027
     409      22.3770
     410      23.3652
     411      22.5891
     412      22.1310
     413      22.4330
     414      22.6677
     415      22.6412
     416      22.5706
     417      23.1935
     418      22.3415
     419      22.5174
     420      22.6876
     421      22.7009
     422      22.7158
     423      22.7988
     424      22.4285
     425      22.3656
     426      22.5120
     427      21.8764
     428      23.0352
     429      22.4970
     430      21.9776
     431      22.6343
     432      22.1311
     433      22.6777
     434      22.7419
     435      21.5971
     436      22.2704
     437      23.0148
     438      22.7579
     439      22.4756
     440      23.0538
     441      22.7338
     442      22.4930
     443      22.7689
     444      23.1591
     445      22.8569
     446      22.7851
     447      22.8868
     448      22.9898
     449      22.9961
     450      22.4071
     451      22.6098
     452      23.4063
     453      22.3672
     454      22.4043
     455      22.8087
     456      22.8389
     457      22.9884
     458      23.5888
     459      23.1398
     460      23.1748
     461      23.0099
     462      23.2496
     463      23.4636
     464      23.0658
     465      23.5330
     466      23.5424
     467      22.2414
     468      22.8932
     469      22.7007
     470      23.2819
     471      23.2950
     472      23.9156
     473      22.6727
     474      22.3682
     475      22.7350
     476      23.1648
     477      22.8223
     478      23.1324
     479      22.7072
     480      23.2789
     481      23.0206
     482      22.8686
     483      23.0394
     484      22.5847
     485      22.6268
     486      22.8014
     487      23.2398
     488      23.3330
     489      22.9438
     490      22.6648
     491      23.2042
     492      22.8603
     493      22.3349
     494      22.0636
     495      22.5443
     496      23.0593
     497      23.3499
     498      23.5619
     499      22.7990
     500      22.9885
     501      22.0993
     502      22.5360
     503      22.6382
     504      24.0121
     505      22.6178
     506      23.0613
     507      22.8906
     508      23.4316
     509      22.7013
     510      22.6343
     511      23.0167
     512      22.8376
     513      23.0414
     514      22.4011
     515      23.0666
     516      23.7133
     517      23.5320
     518      23.3468
     519      22.7068
     520      22.8426
     521      22.3142
     522      23.1446
     523      22.3996
     524      22.8776
     525      22.3275
     526      23.3165
     527      23.2286
     528      22.9495
     529      23.1511
     530      22.4368
     531      22.7965
     532      23.1015
     533      22.7747
     534      22.1651
     535      22.7969
     536      22.7406
     537      22.6391
     538      22.3972
     539      22.5329
     540      23.6330
     541      22.4290
     542      22.9313
     543      23.1199
     544      23.0506
     545      23.5696
     546      23.4061
     547      22.9079
     548      23.8116
     549      23.2377
     550      22.7940
     551      23.4653
     552      24.0987
     553      24.3411
     554      22.8944
     555      22.7728
     556      23.0115
     557      23.3217
     558      23.0435
     559      23.2828
     560      23.9970
     561      23.3244
     562      22.9804
     563      23.3544
     564      23.2260
     565      22.6790
     566      22.9769
     567      23.4941
     568      23.5618
     569      23.6137
     570      23.6642
     571      23.7817
     572      23.1254
     573      23.9763
     574      24.0294
     575      24.2675
     576      23.1017
     577      23.6260
     578      22.5394
     579      23.4938
     580      23.7289
     581      23.3420
     582      23.2673
     583      22.4349
     584      23.2984
     585      23.5011
     586      23.5146
     587      23.6745
     588      23.5153
     589      22.5504
     590      23.9344
     591      23.6497
     592      22.4486
     593      23.1378
     594      24.2315
     595      22.8633
     596      22.7389
     597      23.2044
     598      23.3642
     599      24.4439
     600      23.1708
     601      22.9221
     602      22.8715
     603      23.4004
     604      22.9036
     605      23.7358
     606      23.2397
     607      23.5701
     608      23.2703
     609      23.2117
     610      23.2216
     611      22.6155
     612      24.0590
     613      24.0467
     614      23.6914
     615      23.4855
     616      23.0934
     617      24.0467
     618      23.7100
     619      23.3985
     620      24.4730
     621      24.6353
     622      23.3339
     623      24.1660
     624      23.3358
     625      23.7203
     626      22.9467
     627      23.3309
     628      22.8498
     629      23.1625
     630      23.2799
     631      23.7490
     632      23.8743
     633      23.8422
     634      23.4115
     635      24.0519
     636      23.4335
     637      23.8312
     638      23.2081
     639      23.6335
     640      24.0503
     641      23.8805
     642      23.5822
     643      23.2151
     644      23.5378
     645      22.8617
     646      22.9809
     647      24.0127
     648      21.8312
     649      23.0779
     650      23.4748
     651      23.4772
     652      23.3270
     653      23.1891
     654      23.3331
     655      22.8632
     656      22.9556
     657      22.2437
     658      23.1323
     659      23.6348
     660      23.0943
     661      23.1334
     662      23.4398
     663      23.5146
     664      24.1166
     665      23.3209
     666      23.8998
     667      23.4558
     668      22.7549
     669      22.9578
     670      23.3217
     671      23.0087
     672      23.0470
     673      23.0706
     674      23.3389
     675      23.0120
     676      23.1102
     677      23.3358
     678      23.6218
     679      24.2527
     680      23.9829
     681      23.0236
     682      23.3510
     683      24.0640
     684      23.1206
     685      23.2776
     686      22.8952
     687      22.6095
     688      22.3706
     689      22.4921
     690      22.6501
     691      22.8883
     692      23.0303
     693      22.1285
     694      22.3345
     695      23.0287
     696      22.7958
     697      23.0836
     698      22.3501
     699      22.6589
     700      22.9681
     701      22.4966
     702      23.3493
     703      22.8814
     704      22.2983
     705      21.7623
     706      22.4234
     707      22.4082
     708      23.0239
     709      22.1792
     710      23.4432
     711      22.7338
     712      22.7940
     713      23.3762
     714      23.9840
     715      23.3870
     716      22.8888
     717      22.1383
     718      23.2874
     719      23.3675
     720      22.7872
     721      22.3776
     722      23.7269
     723      23.3117
     724      22.4862
     725      22.7029
     726      23.0976
     727      23.4901
     728      23.1992
     729      22.9688
     730      23.0266
     731      24.2426
     732      24.2132
     733      23.5260
     734      22.1964
     735      22.4371
     736      23.4815
     737      23.5023
     738      23.1660
     739      23.8161
     740      23.6130
     741      23.6463
     742      23.2100
     743      23.3988
     744      22.6076
     745      23.6309
     746      23.0855
     747      23.2452
     748      22.3458
     749      23.1683
     750      24.0223
     751      23.4265
     752      23.3990
     753      23.8660
     754      23.6466
     755      22.8996
     756      22.6081
     757      23.8439
     758      23.4935
     759      23.1742
     760      23.2501
     761      23.3828
     762      22.9494
     763      23.8844
     764      23.0353
     765      23.7136
     766      23.7199
     767      23.1137
     768      24.5255
     769      23.3572
     770      23.4494
     771      23.6301
     772      23.3880
     773      23.4249
     774      23.2158
     775      23.4194
     776      23.1023
     777      22.7473
     778      23.1604
     779      23.9938
     780      23.1041
     781      24.3110
     782      23.7081
     783      23.5385
     784      23.3380
     785      23.8643
     786      22.3958
     787      23.0569
     788      24.1181
     789      23.5850
     790      23.8743
     791      23.3590
     792      22.2503
     793      23.7112
     794      24.1553
     795      23.3964
     796      23.1327
     797      23.2905
     798      22.7919
     799      23.2797
     800      23.7458
     801      23.4793
     802      23.2084
     803      24.0203
     804      22.6878
     805      23.5280
     806      22.6270
     807      23.7635
     808      23.9128
     809      24.0058
     810      23.8994
     811      23.7824
     812      23.7654
     813      23.2100
     814      23.6961
     815      23.9810
     816      23.4284
     817      23.5638
     818      23.1762
     819      22.9623
     820      23.2312
     821      23.6460
     822      23.7586
     823      23.2793
     824      22.8874
     825      24.0236
     826      23.8569
     827      23.6997
     828      23.4565
     829      24.4718
     830      22.9204
     831      23.5778
     832      23.5985
     833      23.3121
     834      22.8619
     835      23.4439
     836      22.8509
     837      23.2724
     838      22.4383
     839      22.9928
     840      22.5699
     841      22.8645
     842      22.5735
     843      23.2341
     844      22.8838
     845      23.1582
     846      23.5444
     847      22.7260
     848      23.6114
     849      22.8861
     850      23.4576
     851      23.2172
     852      22.9183
     853      23.2675
     854      23.5487
     855      23.4536
     856      22.9852
     857      22.9493
     858      22.6842
     859      23.2254
     860      22.9428
     861      23.3736
     862      23.0015
     863      23.3331
     864      23.3374
     865      24.0439
     866      23.0482
     867      23.3435
     868      22.5845
     869      22.7448
     870      22.6387
     871      23.4620
     872      23.1663
     873      22.8861
     874      24.0018
     875      22.5420
     876      23.3071
     877      23.1883
     878      23.1377
     879      23.6520
     880      22.9643
     881      22.9460
     882      22.9549
     883      22.5664
     884      23.2429
     885      24.0032
     886      23.6042
     887      23.3946
     888      23.2151
     889      23.1279
     890      23.7642
     891      23.4661
     892      22.7355
     893      23.3791
     894      23.6071
     895      23.2951
     896      23.9595
     897      23.1763
     898      23.3233
     899      23.2344
     900      23.8967
     901      23.3546
     902      23.0556
     903      23.1425
     904      23.4833
     905      23.3756
     906      23.2614
     907      22.6138
     908      22.6620
     909      23.3144
     910      23.6325
     911      22.5832
     912      23.0555
     913      23.6603
     914      23.2527
     915      23.4823
     916      23.4953
     917      23.7249
     918      23.3497
     919      23.6437
     920      22.4641
     921      23.4498
     922      24.3184
     923      23.4776
     924      23.6706
     925      23.7970
     926      23.3975
     927      24.4369
     928      23.6887
     929      22.7074
     930      23.1342
     931      23.6321
     932      22.9715
     933      22.7900
     934      24.0285
     935      23.1494
     936      23.8972
     937      23.8506
     938      23.2108
     939      24.0992
     940      22.9492
     941      24.0528
     942      24.5825
     943      23.3469
     944      23.5563
     945      23.4834
     946      23.0729
     947      23.5903
     948      23.7744
     949      23.9633
     950      24.1327
     951      23.9903
     952      23.3791
     953      23.2004
     954      23.6831
     955      22.6489
     956      23.4747
     957      23.7396
     958      23.8611
     959      23.0146
     960      23.0644
     961      23.6552
     962      23.6762
     963      23.2618
     964      24.0435
     965      23.3074
     966      22.9694
     967      23.7876
     968      23.7512
     969      24.0355
     970      23.6357
     971      23.3274
     972      23.4595
     973      23.9676
     974      22.6175
     975      23.7551
     976      23.9391
     977      24.2958
     978      23.6673
     979      23.1307
     980      23.2528
     981      22.7405
     982      22.6003
     983      23.3012
     984      23.3329
     985      23.1808
     986      23.7240
     987      23.8446
     988      22.9177
     989      23.0833
     990      23.8454
     991      23.4873
     992      23.8745
     993      23.0662
     994      22.8531
     995      23.5389
     996      23.4912
     997      23.4378
     998      23.5211
     999      23.3964
    1000      23.5627
