#Frame      M1-M2-L46
       1      10.2132
       2       9.9913
       3       9.8408
       4      10.1266
       5      10.0793
       6       9.7371
       7      10.4839
       8       9.9446
       9      10.1331
      10      10.3408
      11       9.8119
      12       9.8755
      13      10.2680
      14      10.0907
      15      10.0242
      16       9.9869
      17      10.0940
      18       9.7458
      19       9.9324
      20      10.3639
      21      10.0903
      22      10.1581
      23      10.6547
      24      10.1875
      25      10.0061
      26       9.9724
      27       9.9393
      28      10.1966
      29       9.9397
      30      10.2473
      31      10.1128
      32      10.0030
      33       9.8739
      34      10.2883
      35      10.2188
      36      10.3044
      37       9.6606
      38      10.2828
      39       9.8109
      40      10.4274
      41       9.7826
      42       9.6197
      43       9.9315
      44       9.7277
      45       9.8962
      46       9.9186
      47      10.4161
      48      10.3427
      49       9.6936
      50      10.3225
      51       9.9580
      52      10.2310
      53      10.1265
      54      10.2519
      55      10.1502
      56       9.7046
      57       9.9224
      58       9.9875
      59      10.3527
      60      10.1850
      61       9.8117
      62      10.0343
      63       9.8657
      64      10.0550
      65       9.9952
      66       9.3898
      67      10.3857
      68       9.9283
      69       9.9942
      70       9.7446
      71      10.0791
      72      10.0271
      73      10.1699
      74      10.0062
      75      10.1148
      76      10.5232
      77       9.7805
      78      10.0088
      79       9.8244
      80      10.0484
      81       9.5419
      82       9.8757
      83      10.2365
      84      10.2755
      85      10.7005
      86      10.0085
      87      10.1537
      88       9.9722
      89      10.1745
      90       9.8897
      91       9.7884
      92      10.2815
      93      10.1309
      94       9.9988
      95       9.9054
      96       9.8414
      97      10.0662
      98      10.7483
      99       9.4631
     100       9.9084
     101       9.6958
     102       9.7754
     103      10.6232
     104       9.9472
     105       9.5685
     106      10.1650
     107       9.9899
     108       9.9284
     109       9.9013
     110       9.9155
     111      10.0835
     112       9.7134
     113       9.7544
     114      10.1682
     115       9.3952
     116      10.0196
     117       9.9098
     118       9.8536
     119       9.9084
     120      10.4360
     121      10.2331
     122       9.6366
     123       9.7714
     124      10.3386
     125      10.0111
     126      10.0449
     127      10.0313
     128      10.0219
     129       9.8407
     130      10.3425
     131       9.9256
     132       9.9124
     133      10.3293
     134       9.7460
     135      10.1933
     136       9.9582
     137       9.8336
     138      10.0168
     139      10.0939
     140      10.0086
     141       9.7220
     142       9.8068
     143      10.0294
     144       9.8974
     145       9.8491
     146      10.4856
     147      10.2268
     148       9.5345
     149      10.1010
     150      10.0107
     151      10.1383
     152      10.1176
     153      10.0861
     154       9.7676
     155       9.6987
     156      10.1966
     157       9.9421
     158       9.8665
     159       9.6299
     160       9.8274
     161      10.1062
     162      10.0610
     163      10.0392
     164      10.0693
     165       9.9401
     166      10.2051
     167      10.4666
     168       9.7687
     169       9.8816
     170      10.5007
     171      10.2751
     172      10.0087
     173       9.9479
     174      10.1371
     175       9.9945
     176      10.1940
     177      10.3125
     178      10.1797
     179      10.0038
     180      10.1060
     181      10.0693
     182      10.2247
     183       9.9799
     184      10.4409
     185      10.2619
     186       9.9000
     187      10.2815
     188       9.9450
     189       9.8831
     190       9.9165
     191       9.8322
     192      10.4052
     193      10.3590
     194       9.7495
     195      10.0991
     196      10.0278
     197       9.8547
     198       9.7015
     199      10.1519
     200      10.5487
     201      10.3114
     202       9.8437
     203       9.9314
     204      10.1968
     205      10.3860
     206      10.0420
     207      10.0794
     208      10.3610
     209       9.7035
     210      10.1562
     211      10.2087
     212       9.8809
     213       9.9383
     214      10.4006
     215       9.8452
     216      10.0837
     217      10.3118
     218       9.9722
     219      10.1625
     220      10.0573
     221       9.9533
     222       9.6830
     223      10.1170
     224       9.7331
     225       9.7322
     226      10.2599
     227      10.3944
     228      10.4567
     229      10.2431
     230       9.9737
     231      10.6382
     232       9.9933
     233       9.9521
     234       9.8739
     235      10.2854
     236       9.7541
     237      10.2255
     238      10.1715
     239       9.9216
     240       9.9949
     241      10.0873
     242       9.9287
     243      10.6107
     244       9.8312
     245       9.9615
     246      10.5978
     247       9.7873
     248      10.1199
     249      10.2260
     250      10.3616
     251       9.9441
     252       9.8357
     253       9.9205
     254      10.2333
     255       9.8273
     256      10.2032
     257      10.0816
     258       9.8387
     259       9.8640
     260      10.1846
     261      10.0772
     262      10.3298
     263      10.1909
     264      10.0310
     265      10.4684
     266      10.2163
     267      10.1169
     268      10.4488
     269      10.1587
     270      10.1443
     271      10.0549
     272      10.4842
     273      10.2069
     274      10.0836
     275      10.0178
     276      10.2805
     277      10.1965
     278       9.8536
     279      10.4707
     280      10.5959
     281      10.0605
     282       9.8406
     283       9.6250
     284      10.4115
     285       9.9533
     286      10.2351
     287      10.6150
     288      10.2764
     289      10.0865
     290      10.1047
     291      10.3726
     292      10.1434
     293       9.9748
     294      10.1829
     295       9.7449
     296      10.1520
     297      10.0286
     298      10.0371
     299       9.9855
     300      10.0028
     301       9.9921
     302       9.9980
     303      10.0225
     304      10.3621
     305      10.1390
     306       9.9387
     307      10.1640
     308      10.3483
     309       9.8874
     310      10.7224
     311      10.1260
     312      10.3804
     313       9.6143
     314      10.1841
     315      10.3489
     316      10.2706
     317      10.4501
     318       9.9121
     319      10.2679
     320      10.0135
     321       9.8765
     322      10.0464
     323      10.5698
     324       9.9828
     325      10.0478
     326      10.2459
     327       9.9436
     328       9.8790
     329       9.9355
     330       9.6905
     331      10.0717
     332       9.9527
     333       9.7208
     334       9.9548
     335       9.7435
     336       9.8551
     337       9.9597
     338      10.2034
     339      10.3115
     340       9.4419
     341       9.9907
     342       9.5468
     343      10.2296
     344      10.2297
     345      10.0443
     346       9.7561
     347      10.0109
     348      10.0381
     349       9.6604
     350      10.5146
     351      10.3701
     352       9.8025
     353      10.0524
     354      10.3016
     355       9.7982
     356       9.8448
     357      10.1223
     358       9.7669
     359       9.8773
     360       9.8995
     361      10.1597
     362      10.5806
     363      10.0830
     364      10.3316
     365       9.9604
     366       9.9073
     367      10.4185
     368      10.2565
     369       9.8288
     370      10.7011
     371      10.4383
     372      10.4546
     373      10.4191
     374      10.0263
     375       9.5794
     376       9.9930
     377       9.9474
     378      10.3050
     379      10.1509
     380       9.7802
     381      10.4065
     382      10.0325
     383      10.0576
     384       9.5609
     385       9.6875
     386       9.2456
     387      10.6407
     388       9.6433
     389       9.5836
     390       9.4867
     391       9.6985
     392       9.4799
     393       9.9587
     394       9.3969
     395       9.7968
     396       9.8734
     397       9.9237
     398       9.9726
     399       9.7408
     400       9.5075
     401      10.2272
     402      10.0753
     403      10.0415
     404       9.9374
     405       9.8617
     406      10.1712
     407       9.6436
     408       9.9263
     409       9.6922
     410      10.0642
     411      10.0566
     412      10.0484
     413       9.8552
     414       9.6278
     415      10.0277
     416       9.7970
     417      10.0288
     418       9.7832
     419      10.1202
     420      10.1042
     421      10.0240
     422      10.1406
     423       9.7435
     424       9.7279
     425       9.4424
     426       9.6866
     427       9.3707
     428      10.1670
     429       9.6254
     430       9.2660
     431       9.8036
     432       9.5724
     433       9.7582
     434       9.5557
     435       9.6170
     436       9.8477
     437       9.8979
     438      10.1201
     439      10.2323
     440      10.0234
     441      10.2179
     442       9.8220
     443      10.0770
     444       9.8695
     445      10.0245
     446       9.7048
     447       9.8531
     448       9.7560
     449       9.7648
     450       9.6080
     451      10.2049
     452      10.3163
     453      10.2593
     454       9.6640
     455      10.0121
     456       9.7743
     457       9.6279
     458       9.9671
     459      10.3706
     460      10.2820
     461      10.2946
     462      10.1907
     463      10.4566
     464       9.9537
     465      10.6172
     466      10.7097
     467       9.8785
     468      10.1645
     469       9.9109
     470      10.2220
     471      10.4628
     472      10.7317
     473       9.8527
     474       9.7625
     475       9.5486
     476       9.6628
     477       9.8386
     478      10.2650
     479      10.2297
     480      10.1569
     481      10.1862
     482      10.4006
     483       9.8517
     484      10.1226
     485      10.2337
     486      10.1731
     487      10.3268
     488      10.0533
     489      10.3319
     490      10.2148
     491      10.3176
     492       9.6214
     493       9.7680
     494      10.0230
     495      10.0177
     496      10.1606
     497      10.1864
     498      10.4531
     499      10.1872
     500       9.7639
     501       9.9050
     502      10.0277
     503       9.6309
     504      10.6775
     505       9.8070
     506      10.3462
     507      10.0621
     508      10.1796
     509      10.1130
     510       9.9435
     511      10.1257
     512      10.0859
     513      10.4156
     514       9.9012
     515      10.1583
     516      10.2452
     517      10.3173
     518      10.0747
     519      10.1187
     520      10.0012
     521       9.9199
     522      10.2064
     523       9.9984
     524      10.1429
     525      10.0745
     526       9.9626
     527       9.4748
     528      10.0349
     529      10.0310
     530       9.9834
     531       9.9768
     532      10.3040
     533      10.3466
     534       9.8621
     535      10.0629
     536       9.7379
     537       9.7968
     538       9.7894
     539       9.5545
     540      10.5049
     541       9.9220
     542      10.1748
     543      10.2406
     544       9.8803
     545      10.5321
     546      10.5690
     547       9.8708
     548      10.1254
     549       9.9215
     550       9.9291
     551       9.7959
     552      10.4300
     553      10.7780
     554       9.9608
     555      10.3972
     556      10.2351
     557       9.8692
     558       9.6884
     559       9.7452
     560       9.9088
     561       9.9551
     562       9.9172
     563      10.0782
     564       9.8444
     565       9.6875
     566      10.0497
     567      10.4957
     568      10.0596
     569      10.2726
     570      10.6437
     571      10.2612
     572       9.6342
     573       9.9740
     574      10.1479
     575      10.1035
     576      10.1916
     577       9.6872
     578       9.6684
     579       9.9004
     580       9.8201
     581       9.4886
     582       9.9739
     583       9.5478
     584       9.9919
     585       9.9318
     586      10.0481
     587      10.0299
     588       9.5456
     589       9.9530
     590      10.0781
     591      10.2584
     592      10.0445
     593       9.7917
     594      10.1404
     595       9.6946
     596       9.4563
     597       9.8770
     598      10.1309
     599      10.3114
     600       9.5122
     601       9.5990
     602       9.2744
     603       9.8735
     604      10.0970
     605      10.3952
     606       9.8169
     607       9.5254
     608       9.8725
     609       9.5783
     610       9.8235
     611       9.1884
     612       9.8714
     613      10.1054
     614      10.1362
     615      10.1328
     616      10.2788
     617      10.1215
     618       9.9931
     619      10.4254
     620      10.2430
     621      10.3938
     622      10.0461
     623      10.5366
     624      10.4248
     625      10.3908
     626      10.0577
     627       9.8977
     628       9.8084
     629      10.3397
     630       9.7186
     631      10.4280
     632      10.0112
     633      10.1114
     634       9.7419
     635       9.7528
     636      10.0565
     637       9.9142
     638       9.6911
     639       9.7947
     640       9.9471
     641      10.2458
     642      10.1080
     643       9.9321
     644      10.0067
     645       9.7970
     646      10.0103
     647      10.3171
     648       9.6097
     649       9.8094
     650      10.0126
     651      10.1240
     652       9.8273
     653       9.7229
     654      10.0942
     655      10.4093
     656      10.1531
     657       9.4922
     658      10.2378
     659      10.2616
     660       9.7362
     661       9.7964
     662      10.1819
     663      10.1201
     664      10.1352
     665      10.3568
     666      10.3174
     667      10.3106
     668      10.1498
     669       9.9945
     670      10.0532
     671      10.1143
     672      10.0025
     673      10.1809
     674       9.9894
     675       9.8119
     676       9.9540
     677      10.0697
     678      10.3970
     679      10.2431
     680      10.0600
     681      10.1834
     682       9.9663
     683      10.3875
     684      10.1829
     685      10.1717
     686       9.7512
     687       9.8091
     688       9.8682
     689       9.8259
     690       9.4561
     691       9.5641
     692      10.2130
     693       9.4983
     694       9.6761
     695      10.1802
     696       9.7087
     697       9.7450
     698       9.4320
     699       9.6769
     700       9.9661
     701       9.8444
     702      10.0347
     703      10.4273
     704       9.6013
     705       9.8192
     706       9.4680
     707       9.4651
     708       9.9145
     709       9.5164
     710      10.0749
     711       9.9697
     712      10.0349
     713      10.3016
     714      10.1615
     715       9.8531
     716      10.0376
     717       9.4265
     718       9.9830
     719      10.2200
     720       9.8767
     721       9.6395
     722      10.4203
     723       9.7443
     724       9.9912
     725       9.8425
     726       9.8887
     727      10.1756
     728      10.4011
     729       9.5470
     730       9.8328
     731      10.2915
     732      10.1435
     733      10.0930
     734      10.2406
     735       9.8389
     736       9.8509
     737       9.8451
     738      10.1109
     739      10.2267
     740      10.2972
     741      10.1032
     742       9.9085
     743      10.1156
     744      10.1796
     745      10.1721
     746       9.7453
     747      10.1322
     748       9.5914
     749      10.1625
     750      10.1849
     751      10.0953
     752      10.2052
     753      10.4690
     754      10.1143
     755      10.2823
     756       9.9627
     757      10.1030
     758      10.2699
     759       9.9421
     760       9.8002
     761       9.9487
     762      10.0231
     763      10.4243
     764       9.9432
     765      10.3415
     766       9.7138
     767      10.0212
     768      10.6933
     769      10.2867
     770       9.9183
     771      10.3201
     772       9.9649
     773       9.7024
     774      10.1619
     775      10.1201
     776       9.9468
     777       9.9267
     778      10.0499
     779      10.1822
     780       9.8377
     781      10.6957
     782      10.3172
     783      10.2393
     784       9.9552
     785       9.9864
     786       9.1629
     787      10.4198
     788      10.5225
     789      10.6949
     790      10.2197
     791      10.3485
     792       9.7854
     793       9.6517
     794      10.6262
     795      10.0661
     796       9.5552
     797      10.3391
     798      10.0410
     799      10.4856
     800      10.1407
     801      10.0043
     802      10.0568
     803       9.8272
     804       9.6493
     805      10.1898
     806      10.0815
     807      10.5454
     808      10.2432
     809      10.4413
     810      10.2515
     811      10.0898
     812      10.4202
     813      10.0830
     814      10.3257
     815      10.3148
     816      10.1654
     817      10.5986
     818       9.9785
     819      10.1134
     820      10.3460
     821      10.0557
     822      10.0423
     823       9.9472
     824       9.8017
     825      10.4899
     826      10.2384
     827      10.2558
     828       9.8974
     829      10.3741
     830       9.8223
     831      10.2978
     832      10.0620
     833      10.3993
     834      10.0163
     835      10.0992
     836      10.1567
     837       9.9437
     838      10.0605
     839      10.0370
     840       9.5767
     841      10.0337
     842      10.2166
     843       9.9036
     844       9.8168
     845      10.0412
     846      10.3003
     847       9.9943
     848      10.4653
     849       9.7157
     850      10.0048
     851      10.2529
     852       9.6111
     853      10.1560
     854      10.1603
     855      10.1888
     856       9.7689
     857       9.9873
     858      10.3071
     859      10.0082
     860      10.1051
     861       9.8307
     862       9.5593
     863       9.7231
     864       9.6071
     865       9.9909
     866       9.8036
     867      10.3069
     868      10.0153
     869       9.9310
     870       9.9143
     871      10.2419
     872       9.8375
     873      10.2859
     874      10.1982
     875       9.7740
     876      10.3553
     877      10.1071
     878      10.3183
     879      10.5116
     880       9.8844
     881       9.9799
     882      10.4332
     883       9.7059
     884       9.9380
     885       9.8177
     886       9.8137
     887      10.1547
     888      10.0105
     889       9.6907
     890      10.2228
     891      10.2715
     892       9.8262
     893      10.0659
     894       9.5296
     895      10.0763
     896      10.2557
     897       9.6917
     898      10.0364
     899       9.9818
     900       9.8403
     901      10.2557
     902       9.5597
     903       9.5972
     904      10.0147
     905       9.9919
     906      10.0276
     907      10.0527
     908       9.8126
     909      10.3536
     910       9.9342
     911       9.4771
     912       9.9702
     913      10.2695
     914       9.9381
     915      10.2021
     916      10.3307
     917      10.2666
     918      10.3192
     919      10.1009
     920       9.4574
     921      10.1734
     922      10.1722
     923       9.8696
     924      10.5798
     925      10.1919
     926      10.1908
     927      10.8653
     928       9.9535
     929       9.7063
     930       9.9958
     931       9.9397
     932       9.9211
     933       9.8947
     934      10.0568
     935      10.2194
     936      10.2499
     937       9.9315
     938       9.7693
     939      10.6492
     940       9.5935
     941       9.7865
     942      10.0704
     943      10.2665
     944      10.1066
     945      10.3455
     946       9.6390
     947      10.2903
     948      10.1961
     949      10.4570
     950      10.0358
     951       9.9041
     952       9.9932
     953       9.8331
     954       9.8128
     955      10.0876
     956      10.4633
     957      10.3284
     958      10.2166
     959      10.2441
     960       9.8756
     961      10.0364
     962      10.2946
     963       9.9390
     964      10.1435
     965       9.7835
     966       9.8639
     967      10.4961
     968      10.2223
     969      10.4713
     970      10.0397
     971      10.0929
     972       9.9095
     973      10.3509
     974      10.2230
     975      10.1447
     976      10.6499
     977      10.1225
     978      10.1542
     979       9.8476
     980      10.1198
     981       9.7075
     982       9.9001
     983       9.8153
     984       9.8993
     985      10.2713
     986      10.1628
     987      10.2631
     988      10.2388
     989       9.9083
     990      10.3397
     991      10.2427
     992      10.1085
     993       9.8620
     994       9.5461
     995      10.0593
     996       9.9816
     997      10.1519
     998      10.2279
     999       9.7131
    1000       9.8301
