#Frame   M2-E175-Oe_M2-T148-HG1
       1                 5.7124
       2                 6.3787
       3                 5.8479
       4                 5.3372
       5                 5.8763
       6                 5.4591
       7                 5.6100
       8                 5.9483
       9                 6.0055
      10                 5.9563
      11                 5.4740
      12                 6.2991
      13                 5.4268
      14                 5.7918
      15                 5.2584
      16                 6.2078
      17                 5.7602
      18                 6.0453
      19                 5.6334
      20                 5.6153
      21                 5.6544
      22                 6.0901
      23                 6.2021
      24                 5.6291
      25                 5.8463
      26                 5.3864
      27                 5.6874
      28                 5.7511
      29                 5.4345
      30                 5.7958
      31                 5.4539
      32                 5.6496
      33                 5.8428
      34                 5.9130
      35                 5.4472
      36                 5.7387
      37                 6.7018
      38                 5.2974
      39                 6.1317
      40                 5.4544
      41                 5.3190
      42                 5.6664
      43                 5.8177
      44                 5.6170
      45                 5.4483
      46                 6.1128
      47                 6.1083
      48                 5.8842
      49                 5.7641
      50                 5.9762
      51                 5.2190
      52                 5.9793
      53                 6.0100
      54                 5.4143
      55                 5.5992
      56                 5.5786
      57                 5.6508
      58                 6.0486
      59                 5.5451
      60                 5.4844
      61                 5.7552
      62                 6.2477
      63                 5.7092
      64                 5.6891
      65                 5.6613
      66                 5.6348
      67                 5.2494
      68                 5.7874
      69                 5.8999
      70                 6.2911
      71                 5.2974
      72                 6.2497
      73                 5.5261
      74                 5.6464
      75                 6.2642
      76                 6.0341
      77                 5.9999
      78                 5.3498
      79                 6.1203
      80                 5.7114
      81                 5.6622
      82                 6.0279
      83                 5.7543
      84                 6.2779
      85                 6.0878
      86                 6.0178
      87                 6.0786
      88                 5.5869
      89                 5.7639
      90                 5.7641
      91                 6.2372
      92                 5.2837
      93                 5.6890
      94                 5.6823
      95                 5.7455
      96                 5.9058
      97                 5.3019
      98                 5.7928
      99                 5.7388
     100                 5.7116
     101                 5.5431
     102                 5.5363
     103                 5.3993
     104                 5.9700
     105                 5.7899
     106                 5.5787
     107                 5.4091
     108                 5.5880
     109                 5.6565
     110                 5.4398
     111                 5.6665
     112                 5.5793
     113                 5.4180
     114                 5.9802
     115                 5.7372
     116                 5.5915
     117                 6.3520
     118                 5.9854
     119                 5.9307
     120                 5.6708
     121                 5.6680
     122                 6.5232
     123                 5.9501
     124                 5.2654
     125                 5.6192
     126                 5.4697
     127                 6.2515
     128                 5.4213
     129                 5.3628
     130                 5.4758
     131                 5.3309
     132                 5.8659
     133                 5.7532
     134                 5.7360
     135                 5.5460
     136                 5.8752
     137                 5.6299
     138                 5.8916
     139                 6.0766
     140                 5.8650
     141                 5.7301
     142                 5.5281
     143                 5.9730
     144                 5.7154
     145                 5.8836
     146                 6.2347
     147                 6.8549
     148                 5.6504
     149                 5.5547
     150                 5.5780
     151                 5.0954
     152                 5.5592
     153                 5.5018
     154                 5.8009
     155                 5.4258
     156                 5.7398
     157                 5.2824
     158                 5.9233
     159                 6.0518
     160                 5.9576
     161                 5.7418
     162                 5.9769
     163                 5.7752
     164                 6.2431
     165                 6.0084
     166                 5.7203
     167                 5.2841
     168                 5.7050
     169                 5.2435
     170                 6.4646
     171                 5.2772
     172                 6.0345
     173                 5.4561
     174                 6.0823
     175                 6.0145
     176                 6.1573
     177                 6.2457
     178                 5.2313
     179                 5.0810
     180                 5.4264
     181                 5.7089
     182                 5.8121
     183                 5.7975
     184                 5.7595
     185                 5.6993
     186                 5.3193
     187                 5.9889
     188                 5.6390
     189                 6.0355
     190                 5.6507
     191                 5.3407
     192                 5.9714
     193                 5.8774
     194                 5.9316
     195                 5.9870
     196                 5.5552
     197                 5.7722
     198                 5.9776
     199                 5.9941
     200                 5.7685
     201                 5.4771
     202                 5.8458
     203                 5.5163
     204                 5.5384
     205                 6.0303
     206                 5.9101
     207                 5.6585
     208                 5.8535
     209                 5.5821
     210                 6.1891
     211                 5.6617
     212                 5.8616
     213                 5.8123
     214                 5.8385
     215                 5.9977
     216                 6.0958
     217                 5.6679
     218                 5.2143
     219                 5.5495
     220                 5.5066
     221                 5.9978
     222                 6.1775
     223                 6.2342
     224                 5.7266
     225                 6.3575
     226                 5.5487
     227                 5.8033
     228                 6.3483
     229                 5.8476
     230                 5.4640
     231                 5.7181
     232                 5.3607
     233                 5.4637
     234                 5.6953
     235                 5.9262
     236                 5.3455
     237                 5.5547
     238                 5.9653
     239                 5.5453
     240                 5.9130
     241                 5.5912
     242                 5.3775
     243                 6.0379
     244                 5.7288
     245                 5.9582
     246                 5.6047
     247                 6.0264
     248                 6.2166
     249                 5.6623
     250                 5.6166
     251                 5.8991
     252                 5.6935
     253                 5.2057
     254                 5.3746
     255                 5.4435
     256                 5.7307
     257                 5.4097
     258                 5.8057
     259                 5.4748
     260                 5.7918
     261                 5.7639
     262                 5.4956
     263                 5.6580
     264                 5.8114
     265                 5.5254
     266                 5.5307
     267                 5.2034
     268                 5.5367
     269                 5.7281
     270                 6.0107
     271                 6.2824
     272                 5.9787
     273                 5.4638
     274                 6.3171
     275                 5.7892
     276                 5.8552
     277                 6.1516
     278                 5.8134
     279                 6.3013
     280                 5.8177
     281                 5.9458
     282                 5.7598
     283                 6.1948
     284                 6.1731
     285                 5.6583
     286                 6.0676
     287                 6.0222
     288                 5.7921
     289                 5.6287
     290                 5.7423
     291                 6.0545
     292                 5.5821
     293                 5.7321
     294                 6.0796
     295                 5.7197
     296                 6.0653
     297                 5.7076
     298                 6.0403
     299                 5.6413
     300                 5.4517
     301                 5.5247
     302                 5.3626
     303                 5.8990
     304                 6.1031
     305                 5.5703
     306                 6.1146
     307                 5.3836
     308                 5.7107
     309                 5.1953
     310                 6.1671
     311                 5.7244
     312                 6.6452
     313                 6.6979
     314                 5.5337
     315                 5.6286
     316                 5.7528
     317                 5.9116
     318                 5.7655
     319                 5.7869
     320                 6.0884
     321                 5.4667
     322                 5.6559
     323                 5.5258
     324                 5.5637
     325                 6.0077
     326                 5.3251
     327                 6.4301
     328                 6.0375
     329                 5.7154
     330                 5.8759
     331                 5.5095
     332                 5.6146
     333                 6.3975
     334                 5.8619
     335                 5.8326
     336                 5.9016
     337                 6.0747
     338                 5.5275
     339                 6.2285
     340                 6.1588
     341                 6.1993
     342                 5.5619
     343                 6.0636
     344                 5.9845
     345                 5.8048
     346                 5.8619
     347                 6.3507
     348                 5.7385
     349                 6.4903
     350                 6.2219
     351                 6.1995
     352                 5.9784
     353                 6.3439
     354                 5.8353
     355                 5.6717
     356                 5.6812
     357                 6.1100
     358                 6.0296
     359                 5.9382
     360                 6.2488
     361                 5.8122
     362                 5.5016
     363                 5.7603
     364                 5.8504
     365                 6.6815
     366                 5.6387
     367                 6.0152
     368                 5.7782
     369                 5.7859
     370                 5.7731
     371                 5.5193
     372                 5.3828
     373                 5.5328
     374                 5.7504
     375                 5.6001
     376                 5.9126
     377                 6.0973
     378                 5.9655
     379                 5.5552
     380                 5.5412
     381                 5.7629
     382                 5.7229
     383                 5.8971
     384                 6.0764
     385                 5.4799
     386                 5.5400
     387                 5.1978
     388                 5.3655
     389                 5.6247
     390                 5.5639
     391                 6.8853
     392                 5.9724
     393                 5.5266
     394                 5.5282
     395                 5.5875
     396                 5.9197
     397                 5.8613
     398                 5.5593
     399                 5.9630
     400                 6.5181
     401                 5.4430
     402                 5.5261
     403                 5.7354
     404                 6.0714
     405                 5.9412
     406                 5.6747
     407                 5.7910
     408                 5.9578
     409                 6.0375
     410                 5.9080
     411                 5.5736
     412                 6.2191
     413                 6.4893
     414                 6.3657
     415                 5.7410
     416                 5.3809
     417                 5.8053
     418                 5.5604
     419                 5.6694
     420                 6.8010
     421                 6.0719
     422                 5.5278
     423                 6.2128
     424                 5.8110
     425                 6.7710
     426                 6.7676
     427                 6.1485
     428                 5.3073
     429                 5.3394
     430                 5.8091
     431                 5.1982
     432                 5.7011
     433                 6.9527
     434                 5.8909
     435                 5.9131
     436                 5.8596
     437                 5.7688
     438                 5.7201
     439                 5.7251
     440                 6.2043
     441                 5.4810
     442                 5.6422
     443                 5.7569
     444                 5.5205
     445                 5.9822
     446                 5.4749
     447                 5.8190
     448                 5.4678
     449                 5.6027
     450                 5.9211
     451                 5.4558
     452                 5.6810
     453                 5.7418
     454                 5.7231
     455                 5.5484
     456                 5.5502
     457                 5.4376
     458                 5.3034
     459                 5.6006
     460                 6.5682
     461                 5.5044
     462                 5.7720
     463                 5.3686
     464                 5.9558
     465                 5.8901
     466                 5.8616
     467                 5.4017
     468                 5.1734
     469                 5.3973
     470                 5.4757
     471                 5.2567
     472                 5.6137
     473                 5.4734
     474                 5.4019
     475                 5.4204
     476                 6.0982
     477                 5.0231
     478                 5.8130
     479                 5.5995
     480                 5.5627
     481                 5.8531
     482                 5.7222
     483                 5.6918
     484                 5.9926
     485                 5.7023
     486                 5.8631
     487                 5.4455
     488                 5.9076
     489                 5.6978
     490                 5.7112
     491                 5.7929
     492                 5.6727
     493                 5.5266
     494                 5.5290
     495                 5.9802
     496                 6.1112
     497                 5.3565
     498                 5.5363
     499                 6.1852
     500                 5.9286
     501                 6.0885
     502                 5.5760
     503                 6.8919
     504                 5.6824
     505                 5.7075
     506                 5.7951
     507                 5.8029
     508                 5.7004
     509                 5.6747
     510                 5.6471
     511                 5.6505
     512                 5.9905
     513                 6.4257
     514                 6.2590
     515                 5.4190
     516                 5.8386
     517                 6.0037
     518                 6.1180
     519                 6.2587
     520                 5.9126
     521                 5.9933
     522                 6.0720
     523                 5.2365
     524                 5.9997
     525                 6.0865
     526                 5.8190
     527                 6.0293
     528                 5.3483
     529                 6.1567
     530                 6.2172
     531                 6.2970
     532                 5.6347
     533                 5.5608
     534                 6.1770
     535                 5.6338
     536                 6.0588
     537                 5.4862
     538                 6.0042
     539                 6.0406
     540                 5.7439
     541                 5.7974
     542                 5.9315
     543                 5.4601
     544                 5.7226
     545                 5.9626
     546                 5.7435
     547                 6.0800
     548                 5.6037
     549                 5.8972
     550                 5.8186
     551                 5.7762
     552                 5.4354
     553                 6.0810
     554                 6.0376
     555                 5.8283
     556                 6.1907
     557                 6.5918
     558                 6.2505
     559                 5.1418
     560                 5.3804
     561                 6.3340
     562                 5.9915
     563                 6.0536
     564                 5.8570
     565                 5.2997
     566                 6.0356
     567                 5.9288
     568                 6.0588
     569                 5.5187
     570                 5.6580
     571                 6.1895
     572                 6.0110
     573                 6.1165
     574                 5.8819
     575                 5.8246
     576                 6.1458
     577                 5.5505
     578                 5.2563
     579                 5.9947
     580                 5.7440
     581                 5.4702
     582                 5.7146
     583                 5.6058
     584                 7.7954
     585                 5.0519
     586                 5.8761
     587                 6.1594
     588                 5.7258
     589                 5.3841
     590                 5.6722
     591                 5.7353
     592                 5.6774
     593                 5.7141
     594                 6.3321
     595                 6.1943
     596                 5.7066
     597                 5.8168
     598                 5.6779
     599                 5.6789
     600                 5.8756
     601                 5.6334
     602                 5.7796
     603                 5.6331
     604                 5.9251
     605                 6.0017
     606                 5.6643
     607                 5.8075
     608                 5.8417
     609                 5.9841
     610                 5.7831
     611                 5.7080
     612                 6.0701
     613                 5.7543
     614                 5.6088
     615                 5.8940
     616                 5.8691
     617                 6.6454
     618                 5.5239
     619                 5.2391
     620                 5.5131
     621                 6.1682
     622                 5.4969
     623                 5.5077
     624                 5.7756
     625                 5.9003
     626                 6.5256
     627                 6.1664
     628                 6.6234
     629                 5.7194
     630                 5.5861
     631                 6.4213
     632                 6.0353
     633                 5.3987
     634                 5.2786
     635                 5.5953
     636                 5.9224
     637                 6.0843
     638                 6.6545
     639                 5.4329
     640                 6.3869
     641                 6.2098
     642                 5.6231
     643                 5.6915
     644                 6.0189
     645                 5.0747
     646                 5.7896
     647                 5.7461
     648                 5.6139
     649                 5.9780
     650                 5.6473
     651                 5.4928
     652                 5.4123
     653                 5.6507
     654                 5.4067
     655                 5.6241
     656                 5.8796
     657                 5.5360
     658                 5.8417
     659                 5.4815
     660                 5.9018
     661                 5.4703
     662                 5.4279
     663                 6.0427
     664                 5.7567
     665                 5.4264
     666                 5.8534
     667                 4.7498
     668                 5.3555
     669                 5.5743
     670                 5.5293
     671                 5.7728
     672                 5.3013
     673                 5.7488
     674                 6.1271
     675                 5.7568
     676                 6.3199
     677                 5.8679
     678                 6.1439
     679                 5.9311
     680                 5.7494
     681                 5.7507
     682                 6.0106
     683                 5.7179
     684                 6.0549
     685                 6.0100
     686                 5.8446
     687                 5.4147
     688                 5.8297
     689                 6.3254
     690                 5.4371
     691                 5.8121
     692                 5.8521
     693                 5.4895
     694                 5.9144
     695                 5.6672
     696                 6.0673
     697                 5.6640
     698                 6.1070
     699                 5.6496
     700                 5.2191
     701                 5.7032
     702                 6.1303
     703                 6.5716
     704                 5.4749
     705                 6.2939
     706                 5.9425
     707                 5.4670
     708                 6.0040
     709                 6.3294
     710                 6.6421
     711                 6.3866
     712                 5.9003
     713                 6.0985
     714                 5.7144
     715                 6.0893
     716                 5.9630
     717                 5.6085
     718                 5.2708
     719                 5.6146
     720                 6.0833
     721                 5.5449
     722                 5.6895
     723                 5.9238
     724                 5.8821
     725                 5.7834
     726                 6.1698
     727                 6.6346
     728                 5.9631
     729                 6.0728
     730                 6.1324
     731                 5.8058
     732                 6.2313
     733                 6.1329
     734                 5.7299
     735                 6.0995
     736                 5.9349
     737                 5.9365
     738                 5.7588
     739                 6.0078
     740                 6.2534
     741                 5.4336
     742                 5.6578
     743                 5.9366
     744                 5.4177
     745                 6.0647
     746                 5.6965
     747                 7.2750
     748                 6.0957
     749                 5.7398
     750                 6.0674
     751                 5.7052
     752                 5.7306
     753                 5.7387
     754                 5.9673
     755                 5.9972
     756                 6.4030
     757                 5.1975
     758                 5.9048
     759                 5.7202
     760                 6.0476
     761                 5.7281
     762                 5.8642
     763                 6.0064
     764                 5.6051
     765                 5.9546
     766                 5.7103
     767                 6.0530
     768                 5.7971
     769                 5.7226
     770                 5.8712
     771                 5.4175
     772                 5.4928
     773                 5.2601
     774                 5.9138
     775                 5.8279
     776                 6.6806
     777                 5.9000
     778                 6.0520
     779                 5.5136
     780                 5.3592
     781                 5.9446
     782                 5.6970
     783                 5.6370
     784                 6.6095
     785                 5.8708
     786                 5.5439
     787                 5.9901
     788                 5.9576
     789                 5.7563
     790                 5.2342
     791                 6.1272
     792                 5.9102
     793                 5.5999
     794                 5.5771
     795                 6.1157
     796                 5.7294
     797                 5.9681
     798                 5.8092
     799                 5.9497
     800                 6.1045
     801                 6.2634
     802                 5.7460
     803                 5.2606
     804                 6.1653
     805                 6.3188
     806                 6.1062
     807                 5.8714
     808                 5.9479
     809                 5.7129
     810                 5.7953
     811                 6.3058
     812                 6.0719
     813                 5.4551
     814                 5.9293
     815                 5.6490
     816                 5.8829
     817                 6.2102
     818                 6.0621
     819                 5.8578
     820                 6.3233
     821                 5.1735
     822                 5.9849
     823                 5.9060
     824                 5.9249
     825                 5.5033
     826                 5.6704
     827                 6.0206
     828                 5.5089
     829                 5.6752
     830                 5.5009
     831                 5.4459
     832                 5.7166
     833                 5.5670
     834                 5.8036
     835                 6.1252
     836                 5.8164
     837                 5.6787
     838                 5.8267
     839                 6.1062
     840                 5.7921
     841                 6.0511
     842                 6.2807
     843                 5.4959
     844                 5.7571
     845                 5.9057
     846                 5.6158
     847                 5.7786
     848                 5.9783
     849                 6.1227
     850                 6.3751
     851                 5.8038
     852                 5.8092
     853                 5.5244
     854                 5.6778
     855                 5.5707
     856                 5.5558
     857                 5.5579
     858                 5.5467
     859                 5.5970
     860                 5.4058
     861                 5.7164
     862                 5.9246
     863                 5.6861
     864                 6.0244
     865                 6.0463
     866                 5.6870
     867                 5.3494
     868                 5.6944
     869                 6.1160
     870                 5.9590
     871                 6.1990
     872                 6.0135
     873                 5.6314
     874                 5.8877
     875                 5.5138
     876                 6.2022
     877                 5.5778
     878                 5.7052
     879                 5.6555
     880                 5.6499
     881                 6.2716
     882                 5.7792
     883                 6.0313
     884                 5.5783
     885                 5.4377
     886                 5.7443
     887                 5.4058
     888                 5.2953
     889                 5.1747
     890                 5.8970
     891                 5.9457
     892                 5.9512
     893                 5.6033
     894                 5.8426
     895                 6.0713
     896                 5.7592
     897                 5.9861
     898                 5.6601
     899                 5.4425
     900                 6.2884
     901                 6.1626
     902                 5.4935
     903                 5.2962
     904                 5.6642
     905                 5.5382
     906                 5.5738
     907                 5.9713
     908                 5.9346
     909                 6.1133
     910                 5.4812
     911                 5.6133
     912                 5.8925
     913                 5.5214
     914                 5.2893
     915                 5.6834
     916                 5.6509
     917                 5.9755
     918                 5.3663
     919                 5.9919
     920                 5.5158
     921                 5.8717
     922                 5.9189
     923                 5.8040
     924                 6.3243
     925                 5.6575
     926                 6.1857
     927                 6.0049
     928                 5.8271
     929                 5.3836
     930                 5.7212
     931                 5.4356
     932                 5.9292
     933                 5.8319
     934                 5.9092
     935                 5.6733
     936                 5.7728
     937                 6.2884
     938                 5.9294
     939                 5.4495
     940                 5.9160
     941                 6.0671
     942                 5.8037
     943                 5.8484
     944                 5.8957
     945                 5.6776
     946                 6.1468
     947                 5.3012
     948                 5.1196
     949                 5.2561
     950                 5.6092
     951                 5.5691
     952                 5.7045
     953                 5.6713
     954                 5.9764
     955                 5.0710
     956                 5.5874
     957                 5.9623
     958                 5.5730
     959                 6.0898
     960                 5.5661
     961                 5.5729
     962                 5.4119
     963                 5.6692
     964                 5.1828
     965                 6.0306
     966                 5.8993
     967                 5.7318
     968                 5.6242
     969                 5.8266
     970                 5.7905
     971                 6.0736
     972                 5.5293
     973                 5.7428
     974                 6.1619
     975                 5.7720
     976                 5.8308
     977                 6.2046
     978                 5.5957
     979                 5.4854
     980                 5.4610
     981                 5.7788
     982                 5.9988
     983                 5.8940
     984                 6.0643
     985                 5.6042
     986                 6.2437
     987                 5.5579
     988                 5.7574
     989                 6.3554
     990                 5.6977
     991                 5.7142
     992                 5.3614
     993                 5.6844
     994                 5.0918
     995                 6.0937
     996                 6.1120
     997                 5.4247
     998                 5.2191
     999                 5.2811
    1000                 5.8176
