#Frame   M1-E175-Oe_M2-W184-He1
       1                 8.2643
       2                 7.8848
       3                 8.4359
       4                 8.6155
       5                 8.4282
       6                 8.7229
       7                 8.7195
       8                 7.9471
       9                 8.4055
      10                 8.5055
      11                 8.3525
      12                 9.3917
      13                 7.5269
      14                 8.9694
      15                 8.3285
      16                 7.3503
      17                 8.0129
      18                 9.1194
      19                 8.3705
      20                 7.6718
      21                 9.4401
      22                 8.7462
      23                 8.0531
      24                 8.9670
      25                 7.7757
      26                 8.1146
      27                 9.0064
      28                 7.3990
      29                 8.7691
      30                 8.4864
      31                 8.3239
      32                 9.0272
      33                 8.3430
      34                 7.7601
      35                 7.5329
      36                 8.0358
      37                 7.8150
      38                 7.8777
      39                 7.9661
      40                 8.6497
      41                 8.5039
      42                 8.0228
      43                 7.1242
      44                 8.8638
      45                 7.8453
      46                 7.6261
      47                 8.9496
      48                 7.6957
      49                 8.7402
      50                 7.6544
      51                 8.5351
      52                 8.6459
      53                 8.3389
      54                 7.7224
      55                 8.1534
      56                 8.3611
      57                 8.3966
      58                 7.4310
      59                 9.2210
      60                 8.4784
      61                 8.3953
      62                 8.3872
      63                 8.0692
      64                 8.1744
      65                 9.1094
      66                 8.0480
      67                 9.1553
      68                 8.4335
      69                 8.2330
      70                 8.6268
      71                 8.2258
      72                 7.7363
      73                 8.1835
      74                 7.6520
      75                 7.8336
      76                 8.9830
      77                 8.8474
      78                 8.5536
      79                 7.8741
      80                 8.4112
      81                 8.4461
      82                 8.0370
      83                 8.9247
      84                 8.3668
      85                 7.6201
      86                 8.6086
      87                 8.4394
      88                 7.9847
      89                 8.3347
      90                 8.4158
      91                 8.1628
      92                 8.9993
      93                 8.5190
      94                 8.0700
      95                 8.0734
      96                 8.5704
      97                 9.0635
      98                 7.9909
      99                 8.9444
     100                 8.2180
     101                 8.9343
     102                 8.0904
     103                 9.6952
     104                 9.3486
     105                 8.2309
     106                 8.4782
     107                 7.5662
     108                 7.9403
     109                 8.4731
     110                 8.3246
     111                 8.3404
     112                 8.5345
     113                 8.7517
     114                 8.6173
     115                 8.2889
     116                 7.9509
     117                 7.5020
     118                 7.4459
     119                 8.8261
     120                 7.9703
     121                 8.1844
     122                 8.2827
     123                 7.9742
     124                 8.9374
     125                 8.6971
     126                 7.9969
     127                 8.2139
     128                 7.7883
     129                 7.7918
     130                 8.0126
     131                 8.3012
     132                 9.2620
     133                 7.9233
     134                 7.5372
     135                 7.8408
     136                 8.6966
     137                 8.2707
     138                 8.1098
     139                 8.1474
     140                 8.8682
     141                 8.8762
     142                 9.4653
     143                 9.1203
     144                 8.1573
     145                 8.5952
     146                 9.7103
     147                 9.1465
     148                 8.5003
     149                 8.1420
     150                 7.5985
     151                 7.8213
     152                 6.8687
     153                 8.8534
     154                 7.8488
     155                 8.4429
     156                 8.0837
     157                 8.2094
     158                 8.4041
     159                 9.1748
     160                 8.4764
     161                 8.5306
     162                 8.6418
     163                 8.6426
     164                 9.2116
     165                 9.0097
     166                 8.9196
     167                 8.9472
     168                 8.7648
     169                 9.1876
     170                 9.2511
     171                 9.2648
     172                 8.2048
     173                 8.3343
     174                 8.5068
     175                 7.2629
     176                 8.3767
     177                 7.7972
     178                 8.1765
     179                 7.5735
     180                 8.0207
     181                 9.4280
     182                 8.4683
     183                 8.5676
     184                 8.1246
     185                 7.8886
     186                 8.4240
     187                 8.9112
     188                 7.7764
     189                 8.3594
     190                 7.2588
     191                 8.3307
     192                 8.3664
     193                 8.1477
     194                 7.7167
     195                 8.0008
     196                 7.9864
     197                 7.4429
     198                 8.2368
     199                 7.7239
     200                 7.8965
     201                 8.2773
     202                 7.5632
     203                 8.8298
     204                 7.8318
     205                 9.1890
     206                 8.9996
     207                 8.1980
     208                 7.5458
     209                 8.5392
     210                 7.9172
     211                 7.5135
     212                 8.9858
     213                 8.0840
     214                 7.9503
     215                 8.6367
     216                 8.0643
     217                 8.3282
     218                 8.3823
     219                 8.5950
     220                 8.0997
     221                 7.6171
     222                 7.3549
     223                 7.8077
     224                 8.6596
     225                 9.2218
     226                 8.9679
     227                 7.9717
     228                 7.5221
     229                 7.7984
     230                 7.9477
     231                 8.1438
     232                 8.1378
     233                 9.2613
     234                 8.2865
     235                 8.4941
     236                 8.2745
     237                 9.1209
     238                10.4487
     239                 8.2749
     240                 7.8061
     241                 7.8389
     242                 8.8303
     243                 8.5618
     244                 7.8866
     245                 9.3508
     246                 8.2120
     247                 8.8802
     248                 8.5104
     249                 8.6103
     250                 7.6214
     251                 7.9052
     252                 8.0623
     253                 7.6922
     254                 9.0498
     255                 7.9408
     256                 7.8927
     257                 8.2676
     258                 8.5084
     259                 7.9071
     260                 7.6871
     261                 8.0638
     262                 8.3750
     263                 7.4439
     264                 9.1953
     265                 9.1474
     266                 8.3219
     267                 8.4956
     268                 7.6422
     269                 6.9739
     270                 8.0952
     271                 7.7853
     272                 7.6934
     273                 8.9305
     274                 7.8853
     275                 9.0132
     276                 8.3879
     277                 8.5313
     278                 8.2143
     279                 8.1900
     280                 8.7572
     281                 7.8768
     282                 7.8628
     283                 7.5219
     284                 8.3116
     285                 7.7585
     286                 7.9667
     287                 8.6599
     288                 7.9711
     289                 8.3759
     290                 8.6012
     291                 9.6230
     292                 9.2600
     293                 8.7359
     294                 8.9934
     295                 9.8458
     296                 8.5170
     297                 8.3520
     298                 7.9195
     299                 8.4791
     300                 8.9046
     301                 8.5446
     302                 9.0716
     303                 7.9948
     304                 8.0636
     305                 8.0100
     306                 8.1513
     307                 8.5909
     308                 7.2312
     309                 9.0456
     310                 8.9085
     311                 7.3621
     312                 8.0991
     313                 8.3265
     314                 7.8090
     315                 8.8626
     316                 6.9415
     317                 8.7895
     318                 7.9776
     319                 8.2586
     320                 8.0143
     321                 8.1438
     322                 9.3252
     323                 8.2207
     324                 8.0676
     325                 8.6683
     326                 8.5851
     327                 9.0501
     328                 7.4271
     329                 7.2514
     330                 8.2529
     331                 8.5359
     332                 8.8899
     333                 7.7316
     334                 8.1402
     335                 9.0952
     336                 8.1322
     337                 7.5576
     338                 7.9731
     339                 8.1266
     340                 8.2973
     341                 7.7379
     342                 8.7046
     343                 8.3650
     344                 8.4840
     345                 7.5169
     346                 8.4512
     347                 8.4917
     348                 7.6421
     349                 9.2864
     350                 7.7004
     351                 8.1791
     352                 8.1041
     353                 8.8886
     354                 9.7210
     355                 6.9610
     356                 7.8997
     357                 7.7696
     358                 8.5222
     359                 8.2912
     360                 7.9240
     361                 7.3551
     362                 7.9183
     363                 8.4747
     364                 8.6200
     365                 8.2355
     366                 8.2260
     367                 8.7986
     368                 8.0733
     369                 9.3857
     370                 8.2506
     371                 7.6367
     372                 8.1500
     373                 8.1124
     374                 8.2598
     375                 9.1145
     376                 8.7261
     377                 7.9837
     378                 8.0657
     379                 7.2157
     380                 8.4525
     381                 8.0920
     382                 7.6551
     383                 7.6944
     384                 8.3779
     385                 7.7182
     386                 8.0070
     387                 8.1064
     388                 6.5272
     389                 8.4628
     390                 8.5516
     391                 8.2730
     392                 8.4188
     393                 8.5672
     394                 8.5153
     395                 7.5246
     396                 9.5966
     397                 8.7280
     398                 7.2058
     399                 7.7537
     400                 9.1215
     401                 9.3677
     402                 7.7812
     403                 8.4980
     404                 8.3918
     405                 8.5758
     406                 7.9503
     407                 7.9239
     408                 8.7703
     409                 8.2971
     410                 7.8119
     411                 7.6661
     412                 8.7827
     413                 8.3972
     414                 7.3647
     415                 7.5366
     416                 7.9437
     417                 8.1904
     418                 8.2151
     419                 8.2794
     420                 9.9575
     421                 8.2815
     422                 8.4009
     423                 8.0488
     424                 8.0406
     425                 8.5439
     426                 8.3440
     427                 8.0148
     428                 8.3741
     429                 8.4161
     430                 7.8730
     431                 7.6127
     432                 8.1114
     433                 7.7541
     434                 8.9625
     435                 7.7183
     436                 8.7456
     437                 7.4341
     438                 7.9110
     439                 7.6657
     440                 8.9549
     441                 8.4551
     442                 8.3325
     443                 7.5460
     444                 7.8262
     445                 8.0011
     446                 8.4066
     447                 7.8627
     448                 7.8795
     449                 8.0276
     450                 8.3919
     451                 7.3943
     452                 8.1822
     453                 7.9802
     454                 7.8127
     455                 8.3512
     456                 7.4972
     457                 8.2023
     458                 8.6043
     459                 8.0507
     460                 8.7864
     461                 8.6129
     462                 8.2837
     463                 8.0929
     464                 8.6192
     465                 7.5950
     466                 8.4178
     467                 7.7145
     468                 7.6156
     469                 8.7698
     470                 7.3209
     471                 8.3125
     472                 7.2882
     473                 8.3736
     474                 8.5004
     475                 7.9526
     476                 7.7980
     477                 8.5397
     478                 8.9884
     479                 8.8033
     480                 8.6455
     481                 8.4546
     482                 8.6285
     483                 9.6982
     484                 8.6105
     485                 9.8807
     486                 8.4542
     487                 8.5461
     488                 8.4185
     489                 8.5445
     490                 7.8959
     491                 8.6854
     492                 7.7530
     493                 8.7524
     494                 8.6486
     495                 8.4474
     496                 7.8396
     497                 9.0872
     498                 8.4802
     499                 8.8473
     500                 8.7124
     501                 9.6391
     502                 8.5017
     503                 9.1294
     504                 8.3584
     505                 9.2913
     506                 8.0333
     507                 8.1773
     508                 8.3584
     509                 8.5773
     510                 8.0507
     511                 8.0232
     512                 8.5772
     513                 6.7044
     514                 8.7214
     515                 8.3468
     516                 8.6469
     517                 8.5912
     518                 8.9963
     519                 8.2226
     520                 7.9272
     521                 8.4796
     522                 8.3997
     523                 8.2926
     524                 9.3670
     525                 8.8732
     526                 7.5085
     527                 8.9230
     528                 8.9572
     529                 8.6285
     530                 7.8833
     531                 8.0145
     532                 8.2386
     533                 8.4109
     534                 8.2173
     535                 7.8773
     536                 8.3993
     537                 7.6920
     538                 7.9666
     539                 7.2569
     540                 7.3917
     541                 8.1180
     542                 7.7656
     543                 8.1386
     544                 8.0373
     545                 8.6618
     546                 8.2262
     547                 8.6280
     548                 8.4887
     549                 9.2210
     550                 8.3670
     551                 8.4135
     552                 8.7227
     553                 8.5408
     554                 8.0547
     555                 8.1798
     556                 9.0838
     557                 8.5769
     558                 8.8693
     559                 7.8477
     560                 8.9176
     561                 8.3142
     562                 9.3224
     563                 7.6857
     564                 8.6555
     565                 8.0633
     566                 8.3248
     567                 9.6002
     568                 8.3180
     569                 8.5303
     570                 9.0975
     571                 8.8037
     572                 8.8102
     573                 8.2728
     574                 7.8489
     575                 7.8304
     576                 7.5460
     577                 7.6861
     578                 8.2531
     579                 8.2557
     580                 8.5323
     581                 8.6018
     582                 8.5040
     583                 8.0487
     584                 8.1249
     585                 8.4749
     586                 8.4118
     587                 8.2521
     588                 7.9985
     589                 8.2889
     590                 8.7955
     591                 8.1667
     592                 8.9533
     593                 7.5071
     594                 7.4033
     595                 8.4791
     596                 8.6103
     597                 8.0755
     598                 8.0847
     599                 7.9509
     600                 8.0749
     601                 9.3456
     602                 8.4531
     603                 8.7154
     604                 8.2680
     605                 7.4262
     606                 9.1213
     607                 8.7556
     608                 8.1211
     609                 8.3565
     610                 8.6332
     611                 8.4223
     612                 9.0220
     613                 9.3122
     614                 9.1935
     615                 8.6713
     616                 9.4933
     617                 8.0530
     618                 7.9022
     619                 7.8366
     620                 7.8021
     621                 8.1848
     622                 9.4320
     623                 8.7022
     624                 7.7921
     625                 8.3044
     626                 8.6873
     627                10.0511
     628                 8.8541
     629                 9.1312
     630                 9.4088
     631                 8.5703
     632                 8.8977
     633                 7.9955
     634                 9.5414
     635                 8.0285
     636                 8.0037
     637                 9.0845
     638                 8.6943
     639                 8.1549
     640                 7.9250
     641                 9.2175
     642                 8.3245
     643                 7.8296
     644                 8.6063
     645                 7.9082
     646                 8.4441
     647                 8.5547
     648                 9.0249
     649                 7.5663
     650                 7.5421
     651                 8.4879
     652                 8.4221
     653                10.4945
     654                 8.2366
     655                 8.6975
     656                 8.2677
     657                 8.8781
     658                 8.8636
     659                 8.4172
     660                 8.3685
     661                 9.1234
     662                 7.0806
     663                 8.7310
     664                 8.0072
     665                 7.6914
     666                 8.9757
     667                 9.5950
     668                 8.1537
     669                 8.7808
     670                 8.6492
     671                 8.9198
     672                 8.0589
     673                 8.5408
     674                 8.5303
     675                 8.4478
     676                 8.6939
     677                 8.2416
     678                 8.2347
     679                 7.9075
     680                10.0176
     681                 8.0259
     682                 8.1377
     683                 8.2067
     684                 8.2075
     685                 7.7150
     686                 7.5706
     687                 8.6946
     688                 8.5128
     689                 8.2126
     690                 8.1921
     691                 9.4617
     692                 8.4707
     693                 8.6339
     694                 8.4766
     695                 7.8162
     696                 8.0010
     697                 8.2910
     698                 7.7646
     699                 8.9854
     700                 8.3428
     701                 7.7420
     702                 8.3584
     703                 8.9366
     704                 9.4976
     705                 8.4821
     706                 8.3912
     707                 8.8951
     708                 9.2919
     709                 8.1507
     710                 8.8115
     711                 8.1383
     712                 7.2456
     713                 7.6139
     714                 8.1145
     715                 7.4212
     716                 8.0186
     717                 9.5496
     718                 7.6371
     719                 7.9677
     720                 8.1883
     721                 8.6528
     722                 8.0874
     723                 9.2445
     724                 7.6621
     725                 7.6809
     726                 8.4375
     727                 8.9985
     728                 8.1039
     729                 8.9337
     730                 8.8256
     731                 8.0176
     732                 7.9451
     733                 8.3392
     734                 7.1703
     735                 8.9781
     736                 8.5885
     737                 8.2734
     738                 9.3855
     739                 7.6710
     740                 8.9478
     741                 8.7161
     742                 8.5608
     743                 8.7920
     744                 7.9457
     745                 8.2837
     746                 8.9939
     747                 7.8823
     748                 8.5336
     749                 8.6274
     750                 8.1208
     751                 8.5596
     752                 8.7592
     753                 8.8393
     754                 7.5675
     755                 8.1656
     756                 8.2808
     757                 7.1887
     758                 8.3362
     759                 9.0664
     760                 9.0848
     761                 8.4184
     762                 7.4191
     763                 9.3564
     764                 7.6974
     765                 8.0733
     766                 9.0244
     767                 7.3858
     768                 8.3076
     769                 7.7332
     770                 8.3302
     771                 8.7651
     772                 8.2339
     773                 8.5976
     774                 8.7460
     775                 8.4776
     776                 8.5798
     777                 8.3397
     778                 8.4707
     779                 8.1558
     780                 8.6202
     781                 7.3406
     782                 7.6120
     783                 8.2401
     784                 8.3803
     785                 7.9668
     786                 9.4683
     787                 8.7527
     788                 7.1963
     789                 8.1624
     790                 8.7059
     791                 8.2628
     792                 8.6290
     793                 8.1640
     794                 8.8427
     795                 8.9991
     796                 8.3789
     797                 9.3244
     798                 8.1121
     799                 8.4036
     800                 7.8813
     801                 8.9436
     802                 8.2945
     803                 8.0276
     804                 8.6844
     805                 8.9015
     806                 8.5914
     807                 8.2901
     808                 8.7532
     809                 7.8512
     810                 8.4086
     811                 8.0307
     812                 8.2429
     813                 8.7948
     814                 8.8529
     815                 7.9475
     816                 7.4311
     817                 8.5459
     818                 8.3192
     819                 8.1582
     820                 8.6103
     821                 7.9723
     822                 9.0886
     823                 8.4428
     824                 8.6211
     825                 8.8704
     826                 8.4307
     827                 8.6003
     828                 8.6448
     829                 8.5451
     830                 8.7665
     831                 8.3467
     832                 7.7783
     833                 8.2066
     834                 8.9936
     835                 7.3766
     836                 9.5835
     837                 8.0711
     838                 8.8115
     839                 9.1158
     840                 7.7337
     841                 8.4899
     842                 9.0232
     843                 8.1317
     844                 8.3526
     845                 8.2848
     846                 8.0381
     847                 8.4579
     848                 8.4215
     849                 8.7162
     850                 7.4809
     851                 7.7202
     852                 8.3239
     853                 8.1189
     854                 7.9353
     855                 9.1534
     856                 7.6992
     857                 8.8577
     858                 8.7352
     859                 8.3695
     860                 8.2534
     861                 8.4573
     862                 9.2782
     863                 7.8260
     864                 8.0780
     865                 7.6274
     866                 7.2925
     867                 7.6572
     868                 8.3338
     869                 8.0652
     870                 8.2938
     871                 7.4807
     872                 7.4650
     873                 8.5722
     874                 9.2165
     875                 8.9602
     876                 9.0226
     877                 8.8505
     878                 8.2803
     879                 9.4274
     880                 9.0585
     881                 7.8245
     882                 9.7727
     883                 7.5414
     884                 7.9318
     885                 9.1112
     886                 7.6061
     887                 7.4967
     888                 7.7309
     889                 9.1078
     890                 8.6506
     891                 7.9743
     892                 8.1436
     893                 9.5997
     894                 8.8699
     895                 8.7210
     896                 8.6577
     897                 8.1065
     898                 7.7384
     899                 8.4822
     900                 8.7576
     901                 8.6882
     902                 7.8372
     903                 9.2879
     904                 8.2995
     905                 8.3253
     906                 8.4602
     907                 8.0712
     908                 8.8917
     909                 7.9763
     910                 8.3278
     911                 9.3336
     912                 9.0786
     913                 9.0608
     914                 8.5447
     915                 8.9333
     916                 7.9409
     917                 7.7202
     918                 8.5313
     919                 7.8550
     920                 8.1521
     921                 8.3707
     922                 8.6423
     923                 8.3170
     924                 9.0266
     925                 8.2359
     926                 7.3309
     927                 9.0668
     928                 8.4528
     929                 7.0924
     930                 7.8894
     931                 7.4622
     932                 9.3164
     933                 8.4130
     934                 8.7556
     935                 8.7377
     936                 8.1330
     937                 8.7473
     938                 8.2168
     939                 7.5389
     940                 8.9140
     941                 8.5303
     942                 9.0777
     943                10.0941
     944                 8.8239
     945                 8.1908
     946                 8.1589
     947                 7.5075
     948                 8.0567
     949                 8.5954
     950                 8.5107
     951                 9.0939
     952                 7.9021
     953                 8.1166
     954                 8.3400
     955                 8.1027
     956                 7.9641
     957                 9.0916
     958                 8.9046
     959                 8.2454
     960                 8.3580
     961                 9.2789
     962                 8.4528
     963                 8.9834
     964                 8.2514
     965                 7.5796
     966                 8.9770
     967                 8.1651
     968                 9.7583
     969                 8.3387
     970                 8.0506
     971                 8.4407
     972                 8.2816
     973                 8.9734
     974                 8.4671
     975                 7.9732
     976                 8.8966
     977                 8.1313
     978                 8.8921
     979                 8.0445
     980                 9.4671
     981                 8.5747
     982                 8.3340
     983                 7.2337
     984                 7.9535
     985                 8.5302
     986                 8.2797
     987                 8.7895
     988                 7.7655
     989                 8.8850
     990                 9.1415
     991                 8.3175
     992                 8.1809
     993                 8.9867
     994                 8.5296
     995                 8.0937
     996                 8.6698
     997                 9.5827
     998                 7.9108
     999                 7.5868
    1000                 8.5422
