#Frame         psi:32
       1      99.4951
       2     148.3417
       3     155.2735
       4     135.6867
       5     136.8390
       6     167.9143
       7     167.1313
       8     159.0219
       9     127.6470
      10     138.9326
      11     134.4019
      12     133.9399
      13     118.5893
      14     143.1266
      15     135.6137
      16     138.1468
      17     152.1657
      18     148.5108
      19     147.2472
      20     120.8774
      21     149.4203
      22     118.9402
      23     111.8620
      24     151.2802
      25     140.4530
      26     127.3625
      27     140.9599
      28     138.2962
      29     142.1230
      30     138.8627
      31     139.6895
      32     146.7308
      33     132.2995
      34     145.4080
      35     148.1687
      36     133.2157
      37     132.3728
      38     129.9213
      39     112.8866
      40     142.4933
      41     116.1131
      42     133.4096
      43     132.1326
      44     147.4968
      45     143.5874
      46     110.5855
      47     174.3254
      48     139.1777
      49     159.2189
      50     115.6179
      51     148.1870
      52     131.6892
      53     135.4567
      54     140.3066
      55     119.4682
      56     147.6354
      57     129.6993
      58     158.0390
      59     143.8340
      60     142.1056
      61     128.1440
      62     173.9525
      63     146.0987
      64     136.4758
      65     157.6386
      66     147.8768
      67     123.4715
      68     135.0819
      69     141.6548
      70     133.8915
      71     162.6489
      72     140.3105
      73     152.8053
      74     160.2771
      75     147.8342
      76     132.1664
      77     103.9936
      78     145.3969
      79     152.9641
      80     115.9854
      81     134.7175
      82     128.3524
      83     163.5651
      84     141.7508
      85     152.4953
      86     155.8266
      87     165.8069
      88     150.2016
      89     140.4977
      90     139.5701
      91     143.8624
      92     139.1268
      93     158.0776
      94     151.4415
      95     147.4191
      96     152.0471
      97     161.2954
      98     121.7007
      99     149.4981
     100     128.7362
     101     148.7077
     102     141.3499
     103     153.2372
     104     152.2144
     105     151.1927
     106     119.8689
     107     131.3814
     108     155.6963
     109     143.9384
     110     121.6042
     111     152.2474
     112     120.8684
     113     120.9261
     114     128.6005
     115     127.4983
     116     140.8722
     117     118.9186
     118     123.9211
     119     152.7059
     120     137.4491
     121     139.3249
     122     148.4321
     123     127.6920
     124     121.9063
     125     129.1184
     126     141.9386
     127     110.3640
     128     116.8631
     129     151.6775
     130     126.7865
     131     139.8923
     132     146.0822
     133     107.7669
     134     124.6718
     135     132.4602
     136     154.5155
     137     128.3656
     138     138.0988
     139     144.1822
     140     151.1713
     141     162.0117
     142     142.7150
     143     148.3653
     144     161.0953
     145     106.2971
     146     142.3534
     147     147.4658
     148     121.9896
     149     155.3008
     150     140.5424
     151     133.6613
     152     150.7112
     153     146.7834
     154     146.3379
     155     150.8109
     156     139.7563
     157     133.2426
     158     115.3825
     159     120.4008
     160     141.6435
     161     135.3054
     162     131.6571
     163     141.4262
     164     139.0394
     165     107.4083
     166     109.6699
     167     126.0086
     168     138.5581
     169     147.8344
     170     147.4013
     171     149.1200
     172     137.3801
     173      97.9602
     174     131.5788
     175     140.1875
     176     155.9582
     177     149.0215
     178     113.4913
     179     131.4244
     180     128.0320
     181     133.9306
     182     136.4073
     183     139.3237
     184     156.6964
     185     149.6983
     186     138.8116
     187     102.9567
     188     149.7613
     189     160.2901
     190     142.0689
     191     145.7392
     192     154.2612
     193     135.0024
     194     139.6611
     195     145.6143
     196     127.5057
     197     137.5191
     198     141.4625
     199     116.8000
     200     138.4955
     201     127.9196
     202     147.3348
     203     157.5892
     204     127.3865
     205     144.2750
     206     144.6520
     207     126.2297
     208     136.2150
     209     154.8310
     210     142.7362
     211     122.6414
     212     134.3274
     213     131.0660
     214     124.5043
     215     148.1762
     216     143.7075
     217     124.6567
     218     158.0067
     219     140.8162
     220     154.5718
     221     122.6907
     222     132.4102
     223     118.0155
     224     132.3945
     225     133.3979
     226     124.2579
     227     142.2679
     228     132.0332
     229     143.0734
     230     133.8370
     231     165.1521
     232     147.0136
     233     143.4780
     234     166.0984
     235     163.8695
     236     160.8462
     237     156.7311
     238     153.5488
     239     151.6399
     240     126.3829
     241     156.8284
     242     148.6042
     243     132.6040
     244     130.4953
     245     147.4952
     246     144.5906
     247     154.0218
     248     152.0517
     249     139.7351
     250     141.2586
     251     153.7982
     252     116.8663
     253     127.5257
     254     152.8493
     255     143.6279
     256     120.0184
     257     114.4580
     258     146.5300
     259     129.5193
     260     129.1948
     261     135.7114
     262     131.4655
     263     127.5642
     264     142.0114
     265     157.1993
     266     134.7798
     267     149.2882
     268     163.4074
     269     154.8296
     270     150.6177
     271     147.1654
     272     156.4189
     273     159.0613
     274     148.3018
     275     150.6234
     276     147.7125
     277     137.2836
     278     156.1999
     279     163.3533
     280     155.6928
     281     155.2613
     282     151.3371
     283     130.8854
     284     136.1678
     285     121.9860
     286     164.2573
     287     149.0000
     288     133.5291
     289     163.4437
     290     151.4427
     291     139.8445
     292     151.0774
     293     148.1781
     294     133.3460
     295     138.5640
     296     130.8347
     297     147.3172
     298     156.5482
     299     149.2748
     300     134.3134
     301     128.9135
     302     119.9199
     303     133.9296
     304     122.8289
     305     129.7257
     306     130.4672
     307     120.6240
     308     127.8429
     309     147.7738
     310     124.2127
     311     134.6291
     312     146.6709
     313     139.8330
     314     165.3286
     315     155.9670
     316     159.5054
     317     149.5297
     318     121.6839
     319     117.7280
     320     172.0638
     321     149.4710
     322     156.4882
     323     124.3610
     324     134.5764
     325     160.5849
     326     140.2981
     327     137.6433
     328     163.7672
     329     134.2641
     330     141.8415
     331     149.9066
     332     133.2234
     333     128.4613
     334     110.7392
     335     144.7122
     336     140.1796
     337     135.2296
     338     142.6597
     339     162.0487
     340     151.6549
     341     120.5086
     342     146.8901
     343     141.8646
     344     140.8485
     345     138.4381
     346     104.4437
     347     127.6464
     348     143.6572
     349     140.2616
     350     144.9600
     351     153.4571
     352     133.2665
     353     144.6979
     354     139.1412
     355     129.9397
     356     140.0357
     357     132.8529
     358     148.6810
     359     148.2336
     360     128.1624
     361     134.2441
     362     159.4620
     363    -177.9739
     364     172.1809
     365     174.0937
     366     167.0681
     367     156.1987
     368     134.1412
     369     141.0100
     370     131.9209
     371     139.9386
     372     145.8531
     373     149.1046
     374     115.5751
     375     134.7764
     376     145.1304
     377     145.1376
     378     123.5492
     379     114.7066
     380     151.2716
     381     128.3381
     382     140.5215
     383     139.6782
     384     135.6736
     385     140.9818
     386     139.4105
     387     136.4901
     388     125.3282
     389     141.3062
     390     125.0709
     391     124.9195
     392     148.9802
     393     150.8437
     394     131.2957
     395      89.7990
     396     143.1835
     397     146.8545
     398     146.8375
     399     144.1482
     400     158.7723
     401     127.7891
     402     148.6338
     403     140.0468
     404     134.0255
     405     154.1437
     406     142.2434
     407     152.5846
     408     147.0479
     409     147.5138
     410     137.5373
     411     145.1594
     412     153.0004
     413     130.9990
     414     129.0657
     415     104.8069
     416     148.0037
     417     157.2776
     418     150.1686
     419     139.1216
     420     148.6133
     421     135.3925
     422     140.2068
     423     137.2338
     424     128.1359
     425     137.6334
     426     149.0236
     427     141.7575
     428     137.9570
     429     145.9435
     430     134.2754
     431     135.5707
     432     144.2096
     433     132.8857
     434     147.5908
     435     134.1923
     436     110.1979
     437     121.1912
     438     145.5931
     439     127.8483
     440     163.3461
     441     156.8445
     442     150.3093
     443     106.5106
     444     131.5451
     445     140.8690
     446     141.7690
     447     142.9476
     448     129.9247
     449     145.2379
     450     110.7112
     451     147.8112
     452     137.7869
     453     142.1191
     454      96.8823
     455     144.7282
     456     158.6848
     457     154.6228
     458     137.7834
     459     154.5614
     460     153.1033
     461     145.6438
     462     127.5170
     463     144.9752
     464     155.8492
     465     136.8235
     466     124.5455
     467     143.5887
     468     143.6916
     469     138.4524
     470     141.3233
     471     144.5671
     472     142.8731
     473     146.7843
     474     132.9134
     475     140.0564
     476     134.9190
     477     158.7561
     478     155.9428
     479     139.3020
     480     122.9941
     481     130.5426
     482     137.3411
     483     138.9296
     484     127.3888
     485     146.4898
     486     140.3116
     487     135.1436
     488     149.3819
     489     131.6835
     490     156.3641
     491     116.6356
     492     143.9045
     493     143.1241
     494     137.2561
     495     145.1580
     496     137.0418
     497     123.7017
     498     141.5440
     499     142.9349
     500     147.4310
     501     125.5231
     502     109.5349
     503     132.0614
     504     146.2301
     505     134.5701
     506     123.4144
     507     126.2219
     508     148.3937
     509     138.8172
     510     140.5712
     511     139.8990
     512     136.6020
     513     163.2369
     514     162.8350
     515     128.2966
     516     141.2827
     517     119.8084
     518     150.7394
     519     137.8276
     520     136.7795
     521     137.9142
     522     130.3615
     523     121.0533
     524     125.8175
     525     139.0295
     526     145.8696
     527     124.1624
     528     159.9589
     529     167.8781
     530     141.5862
     531     151.3709
     532     135.4654
     533     128.8928
     534     153.4034
     535     136.8002
     536     140.0159
     537     153.1931
     538     124.2685
     539     151.8066
     540     131.4350
     541     156.5842
     542     131.4706
     543     125.6751
     544     146.0299
     545     149.4909
     546     150.4636
     547     156.8673
     548     137.5954
     549     144.2740
     550     145.1041
     551     127.7262
     552     132.9329
     553     151.1281
     554     144.7703
     555     133.5680
     556     155.0202
     557     116.2599
     558     140.0275
     559     138.4163
     560     130.5370
     561     146.1893
     562     150.4176
     563     121.5912
     564     156.6934
     565     143.5917
     566     152.7201
     567     167.3588
     568     144.0483
     569     146.2776
     570     143.3237
     571     136.7306
     572     129.2707
     573     149.5056
     574     134.0498
     575     124.9358
     576     146.2083
     577     155.6339
     578     157.6819
     579     142.0820
     580     158.5563
     581     156.2790
     582     148.9545
     583     105.3729
     584     122.0009
     585     120.0949
     586     150.1589
     587     119.0480
     588     156.0002
     589     141.8944
     590     161.1843
     591     137.3353
     592     127.8999
     593      93.9287
     594     118.9009
     595     127.6817
     596     131.5462
     597     135.9280
     598     148.3448
     599     120.7608
     600     132.9523
     601     145.8056
     602     144.2393
     603     137.4305
     604     156.5475
     605     129.3941
     606     159.7173
     607     131.8791
     608     127.7001
     609     129.2086
     610     118.8073
     611     141.6223
     612     126.6123
     613     149.3043
     614     141.3214
     615     136.6105
     616     142.9463
     617     137.7021
     618     145.2812
     619     124.2150
     620     137.8455
     621     116.2406
     622      97.3820
     623     118.6846
     624     150.0413
     625     120.5999
     626     145.2008
     627     106.7310
     628     163.5380
     629     153.4376
     630     114.7582
     631     147.7862
     632     142.7491
     633     136.9198
     634     165.7608
     635     150.0182
     636     113.8329
     637     118.1183
     638     147.8143
     639     125.4185
     640     143.5994
     641     131.7999
     642     145.0693
     643     128.1973
     644     144.4740
     645     132.7818
     646     141.8274
     647     138.7680
     648     135.5461
     649     132.3319
     650     146.3954
     651     125.7237
     652     156.7165
     653     143.3068
     654     132.4976
     655     158.4308
     656     162.0731
     657     148.9778
     658     146.7917
     659     145.8179
     660     131.0037
     661     146.8921
     662     137.9397
     663     147.9437
     664     168.6110
     665     141.6331
     666     115.7992
     667     144.9145
     668     112.8207
     669     108.5809
     670     135.0756
     671     158.4027
     672     137.9811
     673     151.1844
     674     113.9751
     675     164.1258
     676     137.5670
     677     147.7808
     678     128.4908
     679     119.9341
     680     154.8305
     681     152.2782
     682     156.6112
     683     148.8686
     684     150.0233
     685     153.8336
     686     151.1748
     687     158.5605
     688     157.5783
     689     155.9820
     690     139.5150
     691     155.7606
     692     129.1326
     693     140.9171
     694     140.0264
     695     129.8732
     696     136.0005
     697     139.7374
     698     128.8217
     699     152.2912
     700     156.9126
     701     139.0533
     702     154.4875
     703     139.2662
     704     144.5401
     705     120.6702
     706     134.5998
     707     153.5487
     708     117.0346
     709     136.1494
     710     139.2221
     711     148.3117
     712     132.0695
     713     122.5013
     714     156.7695
     715     148.2399
     716     154.2098
     717     144.3287
     718     149.5101
     719     128.7538
     720     137.5970
     721     130.5107
     722     125.4104
     723     162.0062
     724     148.0697
     725     142.7929
     726     161.9840
     727     145.2662
     728     135.7349
     729     120.8980
     730     154.0191
     731     143.8164
     732     117.1976
     733     118.0244
     734     138.9952
     735     123.2410
     736     134.7700
     737     145.5204
     738     147.4159
     739     147.5416
     740     137.5418
     741     141.0839
     742     159.1300
     743     136.9136
     744     108.4333
     745     148.4896
     746     118.3170
     747     159.2779
     748     130.1244
     749     153.4929
     750     146.1692
     751     154.1174
     752     145.5102
     753     146.3838
     754     128.1241
     755     151.8849
     756     141.3953
     757     137.6742
     758     163.2943
     759     154.7211
     760     130.7244
     761     139.3006
     762     129.1773
     763     134.5230
     764     141.7477
     765     143.0075
     766     117.5133
     767     142.4368
     768     141.9111
     769     117.7395
     770     150.3000
     771     135.2979
     772     133.2087
     773     142.3536
     774     157.3304
     775     145.0926
     776     140.5695
     777     144.5476
     778     150.3578
     779     124.1403
     780     140.2388
     781     140.1107
     782     152.4626
     783     156.0035
     784     140.0439
     785     148.6143
     786     147.2109
     787     133.3007
     788     116.9848
     789     130.3041
     790     135.7084
     791     122.2093
     792     131.8575
     793     108.2280
     794     124.0966
     795     120.5751
     796     135.9140
     797     162.7638
     798     164.0039
     799     124.0003
     800     148.2693
     801     130.5189
     802     131.4173
     803     133.7488
     804     146.8010
     805     124.9339
     806     149.3742
     807     117.3851
     808     145.1257
     809     127.5008
     810     140.2993
     811     132.4315
     812     147.0715
     813     135.4415
     814     133.4133
     815     155.4717
     816     117.3931
     817     155.1099
     818     128.9931
     819     147.9229
     820     135.7670
     821     117.5890
     822     141.8913
     823     148.6395
     824     142.2061
     825     145.2357
     826     147.7207
     827     131.8757
     828     149.6476
     829     122.4473
     830     145.2841
     831     137.0950
     832     122.0662
     833     143.0266
     834     148.0996
     835     129.8335
     836     156.8577
     837     150.5561
     838     153.8059
     839     150.8294
     840     154.4522
     841     130.9642
     842     145.1271
     843     122.2038
     844     135.5851
     845     122.1666
     846     143.0236
     847     157.7463
     848     145.1665
     849     135.6479
     850     111.7783
     851     149.8000
     852     124.5658
     853     109.6023
     854     120.6103
     855     155.2181
     856     114.8688
     857     153.4884
     858     129.5504
     859     138.0975
     860     168.2814
     861     158.1960
     862     150.1004
     863     149.1771
     864     144.2253
     865     139.9538
     866     136.9044
     867     118.5328
     868     142.4915
     869     132.3301
     870     149.2450
     871     120.4124
     872     144.0907
     873     124.4827
     874     155.6259
     875     130.5833
     876     141.8099
     877     144.0548
     878     139.5764
     879     148.7157
     880     157.5455
     881     137.7501
     882     116.3956
     883     140.0063
     884     114.6509
     885     157.4189
     886     136.3342
     887     124.7852
     888     156.3674
     889     126.3295
     890     140.2730
     891     135.0092
     892     143.2712
     893     138.7288
     894     154.7629
     895     148.7391
     896     149.4067
     897     136.4667
     898     146.3187
     899     116.0937
     900     150.6221
     901     139.5251
     902     125.6636
     903     141.4329
     904     151.7825
     905     152.7561
     906     166.9289
     907     164.5959
     908     137.4458
     909     133.7440
     910     156.4985
     911     157.7732
     912     153.8805
     913     154.3429
     914     146.6143
     915     148.2669
     916     128.7074
     917     118.1926
     918     126.6097
     919     125.5519
     920     138.7796
     921     143.1716
     922     133.9377
     923     148.0220
     924     144.6155
     925     146.8147
     926     135.5235
     927     131.8948
     928     165.0958
     929     136.2350
     930     162.0029
     931     141.6255
     932     148.6802
     933     156.1225
     934     124.1423
     935     152.0979
     936     155.7070
     937     150.4821
     938     152.5414
     939     157.2865
     940     129.8054
     941     154.7844
     942     157.7624
     943     145.4510
     944     152.8214
     945     155.8399
     946     167.7681
     947     155.3538
     948     123.5449
     949     137.5328
     950     128.4438
     951     163.1558
     952     158.1095
     953     123.9164
     954     147.1604
     955     124.7431
     956     137.5952
     957     150.2842
     958     150.8749
     959     126.4262
     960     132.0860
     961     143.5976
     962     140.5575
     963     129.2762
     964     137.3510
     965     137.6167
     966     133.5602
     967     111.3304
     968     127.8312
     969     117.6645
     970     156.6904
     971     137.4975
     972     122.9328
     973     121.2072
     974     138.7612
     975     132.1419
     976     156.4492
     977     142.8188
     978     168.0234
     979     160.5494
     980     137.8083
     981     133.9519
     982     116.3109
     983     129.5233
     984     131.6300
     985     116.6753
     986     118.6735
     987     147.4543
     988     141.6546
     989     151.3694
     990     140.2226
     991     172.1897
     992     114.6047
     993     137.2450
     994     131.4829
     995     125.0865
     996     127.5353
     997     142.4105
     998     130.3855
     999     155.3995
    1000     162.2951
