#Frame        chi1:41      chi2:41
       1     -72.2995      96.2250
       2     -78.2959     103.9700
       3     -66.5764     111.6181
       4     -80.8601      88.6580
       5     -72.0471     102.7986
       6     -65.4493     106.1780
       7     -71.4759      97.8752
       8     -67.8327      88.3461
       9     -73.7028      99.9159
      10     -76.3678      97.1264
      11     -71.2675      95.4768
      12     -73.3405      90.2821
      13     -80.1197      82.7292
      14     -62.5564      88.0069
      15     -73.2535      90.2225
      16     -84.1679     100.3885
      17     -77.6875      99.3717
      18     -58.3119      76.7513
      19     -64.3003      87.4364
      20     -84.1594     122.3356
      21     -79.3478     114.9843
      22     -63.4332      98.1571
      23     -71.6664      95.5849
      24     -97.2316     101.3348
      25     -74.4832     103.0625
      26     -68.6619      87.4204
      27     -76.9788      79.9024
      28     -73.0744      89.0753
      29     -69.2613      79.7895
      30     -94.7105     117.3860
      31     -62.4498      82.6634
      32     -69.2307      85.1155
      33     -74.8083      91.4667
      34     -78.0478      90.8408
      35     -77.1883      86.3826
      36     -79.3949     108.8310
      37     -59.3253      80.8741
      38     -66.3186     107.4287
      39     -79.9734     115.0872
      40     -93.1948     111.0149
      41     -58.5606      82.8932
      42     -62.2613      76.1684
      43     -64.7826      89.9141
      44     -74.9304      86.8560
      45     -87.0468      86.1885
      46     -87.5370      95.7746
      47     -89.3432      95.4862
      48     -66.8373      94.9603
      49     -68.6828      88.7019
      50     -86.0852     102.9788
      51     -67.4904      89.3689
      52     -64.2175     103.5595
      53     -70.1976     107.6913
      54     -87.1359     113.6493
      55     -76.8606      80.6621
      56     -64.0349      94.3536
      57     -60.0245      90.9844
      58     -65.2043      94.9243
      59     -84.9353      79.6313
      60     -72.0493      71.2562
      61     -66.8768      92.2645
      62     -70.6206      84.2125
      63     -79.8909     107.9437
      64     -68.6179      88.8580
      65     -91.4623      92.2985
      66     -71.7340      71.5147
      67     -70.2656      92.7248
      68     -72.9333      85.3971
      69     -57.5860      89.7661
      70     -62.2673      81.4377
      71     -63.6210      96.1319
      72     -64.6012      89.6640
      73     -78.4957     109.7771
      74     -70.0101      93.5140
      75     -86.8229     109.6927
      76     -85.9834      90.0794
      77     -81.5185      95.1013
      78     -82.8528      90.7318
      79     -67.5350      90.9964
      80     -74.8271     103.3651
      81     -74.8850      98.4151
      82     -63.8148      68.5873
      83     -75.7188      94.5347
      84     -94.1790     114.7994
      85     -69.6814      89.0498
      86     -68.4455      97.1718
      87     -78.7847      93.9396
      88     -86.3557      82.0775
      89     -81.8762      96.3513
      90     -68.8335      86.1942
      91     -56.6242     101.6173
      92     -77.1328      91.3184
      93     -72.5527      99.1965
      94     -69.0233      96.0948
      95     -73.3190      87.5128
      96     -63.6374      91.3793
      97     -68.3130      96.9914
      98     -70.9498     101.9752
      99     -84.5901     102.3084
     100     -69.5435     102.4826
     101     -77.1111      84.3778
     102     -79.7806     109.8391
     103     -71.2747      84.8734
     104     -68.8336     104.7149
     105     -74.5393      83.2402
     106     -67.0863     104.3204
     107     -68.6510      94.8399
     108     -74.8653      95.2970
     109     -62.4777      87.6959
     110     -60.2345      91.7870
     111     -60.6947      80.4345
     112     -77.7351      96.7581
     113     -80.0055      96.1578
     114     -51.3785      90.7675
     115     -69.2765     115.4585
     116     -57.9659      85.5868
     117     -81.7250      85.0303
     118     -88.1738     100.3740
     119     -66.1859      82.7106
     120     -65.9150     106.0954
     121     -68.4524      75.0522
     122     -82.3594      86.2757
     123     -61.5343      88.4749
     124     -68.6626      74.6147
     125     -61.7770      87.9503
     126     -82.1895     104.1935
     127     -78.4324     116.5775
     128     -82.4624     116.7296
     129     -92.9580     107.2862
     130     -77.8934      96.3342
     131     -80.5101     120.3804
     132     -72.8114      97.5757
     133     -62.5288     103.1478
     134     -52.0525      89.6494
     135     -69.7866      97.4802
     136     -74.5034      94.7301
     137     -79.9592     108.0560
     138     -83.2818     103.1587
     139     -75.4191      91.9245
     140     -69.8763      91.3767
     141     -69.8105     108.1151
     142     -64.4960      75.0945
     143     -73.7737      89.2371
     144     -46.9125      93.9140
     145     -63.7694     100.4819
     146     -75.3811      97.8501
     147     -65.6209     104.4634
     148     -59.8519     102.7445
     149     -62.8331      97.9219
     150     -70.8575     108.2065
     151     -59.0463     100.6575
     152     -80.6544      98.7693
     153     -86.0195      88.1588
     154     -78.4574      97.6414
     155     -64.7345      97.4745
     156     -74.5690     106.5220
     157     -94.6151      89.6444
     158     -70.5495     100.3082
     159     -80.7231      77.9529
     160     -83.5241     105.4241
     161     -58.4852      92.9609
     162     -67.9223      98.4531
     163     -81.0843      90.9405
     164     -74.4653      89.3988
     165     -61.5237      80.5478
     166     -58.4478      96.1856
     167     -83.0359     104.2745
     168     -57.3225      91.8088
     169     -69.2673      93.8961
     170     -73.3155     105.7443
     171     -69.4739      69.1615
     172     -63.3551      78.2363
     173     -64.8519      86.9386
     174     -90.1425      98.6084
     175     -68.2413      77.5363
     176     -73.3661      97.4535
     177     -78.7645      88.2832
     178     -78.2637     100.0123
     179     -65.8919      87.4024
     180     -64.8318      85.8921
     181     -74.1232     100.8308
     182     -74.9671     100.6402
     183     -75.1009     114.1890
     184     -70.2356      98.8523
     185     -65.6624      76.6776
     186     -84.6360     105.0166
     187     -61.2692      96.7798
     188     -70.7945      81.9476
     189     -66.7512      87.1806
     190     -69.2977      79.7437
     191     -57.5413      90.1003
     192     -77.5043      74.1426
     193     -70.3990      86.1186
     194     -69.1825      86.5195
     195     -67.6280      98.3499
     196     -81.4336      95.3532
     197     -59.9163      94.7751
     198     -70.7623      84.2208
     199     -82.1348     103.6794
     200     -68.2382     113.7990
     201     -72.7008     106.8591
     202     -81.7736     118.3527
     203     -76.9391      85.8409
     204     -73.6955      98.1407
     205     -70.2531      97.1874
     206     -80.7529      97.0835
     207     -68.0545      95.4863
     208     -72.8286      91.8502
     209     -67.0703      97.8761
     210     -63.9373      85.4830
     211     -76.7200      99.1827
     212     -47.9703      97.6568
     213     -80.2798      99.3612
     214     -67.4250      97.9799
     215     -68.6708     102.3895
     216     -70.5374     110.5965
     217     -76.4212      75.6894
     218     -73.0363     107.0690
     219     -71.1497      90.8867
     220     -74.2507      76.8895
     221     -63.9003      78.8815
     222     -75.2834     109.0059
     223     -83.9250     104.1383
     224     -67.6060      85.1879
     225     -89.4754     107.4087
     226     -68.7137      84.5107
     227     -68.3430     107.4159
     228     -75.3524     103.5849
     229     -81.8667      87.2660
     230     -61.3444     107.1847
     231     -68.5021      80.1067
     232     -62.3332     104.9218
     233     -71.6111      83.8592
     234     -55.5987      74.2176
     235     -71.6339     112.3939
     236     -75.2066     119.5646
     237     -71.7508      80.2776
     238     -63.0374      95.3641
     239     -69.8682      99.0778
     240     -74.9014      88.5236
     241     -79.1489     114.5425
     242     -81.0648     110.2397
     243     -71.9168      94.0053
     244     -69.6043     105.8840
     245     -69.1434      90.9085
     246     -73.2035     101.3142
     247     -77.3584     108.9449
     248     -64.0405      95.8180
     249     -77.9845     104.1543
     250     -71.9561     114.0281
     251     -80.9636     102.4586
     252     -81.5029      96.7840
     253     -67.9562      90.4899
     254     -73.8798      92.8018
     255     -76.6246      80.9637
     256     -69.3680      95.5069
     257     -68.3118      93.3214
     258     -83.2387     106.8135
     259     -67.3039      79.8509
     260     -62.5938     111.5120
     261     -77.0174      97.6880
     262     -87.3937      94.7865
     263     -75.1984      85.7687
     264     -77.0652      85.1009
     265     -65.1083      98.1287
     266     -63.4444     101.2276
     267     -69.0345     101.3829
     268     -69.0590      91.3683
     269     -75.3834      95.1224
     270     -75.8312     105.0589
     271     -70.2860     100.7268
     272     -65.9277      92.7600
     273     -94.9906      91.2136
     274     -81.0867      83.5947
     275     -70.7695      95.6623
     276     -73.0072      92.6444
     277     -75.1730      95.7267
     278     -86.3515     104.6335
     279     -84.8974      93.4399
     280     -57.9421      91.8294
     281     -78.3606     105.8762
     282     -78.0471      90.8707
     283     -71.6674      91.3047
     284     -73.5495      75.9053
     285     -78.0363      93.3803
     286     -70.2005      88.0650
     287     -72.9462      88.8274
     288     -79.3320      80.3953
     289     -61.6050      93.0673
     290     -79.3741     100.6884
     291     -97.5679      92.4105
     292     -77.7789      73.6752
     293     -74.4000      90.0590
     294     -52.6947      88.6334
     295     -56.2276      92.7632
     296     -55.2558      94.8584
     297     -76.4449     107.6953
     298     -55.5789      84.3516
     299     -80.2077      85.5487
     300     -72.6442      86.4008
     301     -69.1285      86.8766
     302     -81.9081      93.8135
     303     -72.0829     104.4628
     304     -76.9817      92.2024
     305     -58.3722      93.6784
     306     -79.4899      72.3450
     307     -64.9724      97.7242
     308     -76.9883     108.0351
     309     -57.8809     109.0865
     310     -74.9083     118.0019
     311     -69.6414      91.7278
     312     -70.6191     111.6042
     313     -72.1668     110.9888
     314     -76.5718     120.6593
     315     -71.2039      85.4960
     316     -81.5793      83.3938
     317     -79.9000      86.7214
     318     -68.4408      76.7574
     319     -64.8541      98.4993
     320     -73.1213      96.0476
     321     -92.0899      74.0776
     322     -78.5607      79.0350
     323     -75.8155      80.2247
     324     -72.9097      96.1806
     325     -81.3991     103.7192
     326     -91.9399      97.1896
     327     -79.2964      97.6874
     328     -83.6126      91.5057
     329     -63.1286      75.4991
     330     -65.9359      87.5990
     331     -59.4134      70.7549
     332     -88.2003      87.3104
     333     -64.2611     110.3701
     334     -84.1139      90.6632
     335     -64.2035     111.0991
     336     -83.3374     106.9395
     337     -49.9611      82.0633
     338     -68.7194      97.0058
     339     -69.2764     105.7046
     340     -87.7669     109.2720
     341     -65.3686      89.7696
     342     -65.8248     110.7029
     343     -76.5249     114.7387
     344     -75.7256      95.0320
     345     -68.5062     103.4265
     346     -76.0828     100.1461
     347     -95.5083     110.6363
     348     -69.1201     113.3383
     349     -74.6301     107.7016
     350     -64.2286      98.2097
     351     -68.2936     104.1045
     352     -69.4540     101.9515
     353     -71.3180     107.4842
     354     -75.6640     104.9809
     355     -73.8359     123.0538
     356     -84.8715     115.2888
     357     -79.1621     104.5105
     358     -95.2475     101.4646
     359     -68.1880     106.6896
     360     -75.5709     124.5642
     361     -63.1981     115.0290
     362     -81.6441     113.1770
     363     -73.6765     105.9971
     364     -69.3036      98.8169
     365     -81.5477     110.2197
     366     -53.3013     109.6028
     367     -81.0051     120.5036
     368     -80.6573     110.1578
     369     -77.4802      86.1802
     370     -69.3404     100.2799
     371     -82.2361     109.1745
     372     -73.9256      93.7677
     373     -70.5423      98.2812
     374     -66.4479      97.3405
     375     -71.0420     111.9778
     376     -78.7360      99.2961
     377     -68.7698     101.7477
     378     -71.5674      99.4606
     379     -84.1747      98.0563
     380     -59.1239      93.4221
     381     -60.8481      84.8772
     382     -69.1934      81.0466
     383     -77.3627      86.2696
     384     -56.7201      82.1920
     385     -77.9585      84.9663
     386     -55.0787      97.4251
     387     -75.2899     121.5830
     388     -83.4962     108.3389
     389     -75.2792      98.2363
     390     -72.3678     101.4055
     391     -65.4059     109.8431
     392     -82.1667     108.5104
     393     -65.2931     123.4812
     394     -63.1742      95.1578
     395     -66.0555      97.3178
     396     -84.5342     103.7962
     397     -65.4004      95.2422
     398     -79.2769     110.0650
     399     -76.7129     104.4653
     400     -65.4730      99.8992
     401     -70.8588     107.8062
     402     -65.9814     103.6180
     403     -63.7362      91.2963
     404     -69.7617      84.2503
     405     -68.0453      94.6244
     406     -64.9445      94.1239
     407     -68.9690     111.7664
     408     -70.8645     110.4772
     409     -72.2663      90.9861
     410     -77.9903      95.5314
     411     -65.5199      96.0194
     412     -82.4379     107.4299
     413     -77.4642      82.7269
     414     -84.0693      98.0023
     415     -57.4837     105.1283
     416     -69.6302      75.4114
     417     -84.3768      67.3320
     418     -83.7261      94.3584
     419     -84.0474      82.9169
     420     -81.4174     110.5745
     421     -75.7035     115.2615
     422     -70.3403      78.8983
     423     -69.3745     101.1148
     424     -72.7901     113.0517
     425     -83.5733      99.7269
     426     -82.3503      87.8601
     427     -88.4123     104.2924
     428     -81.8260     110.5378
     429     -83.9599     121.0399
     430     -61.3839      96.9878
     431     -66.8509      97.5223
     432     -68.4810      92.7286
     433     -73.7059     114.5970
     434     -76.4849     101.2544
     435     -49.8836      93.1892
     436     -68.7352     100.5933
     437     -68.1039     105.3948
     438     -65.5048      93.7638
     439     -68.9885      99.4333
     440     -58.7025      93.2158
     441     -75.9077     102.8319
     442     -78.5613      95.5642
     443     -73.3158      99.4788
     444     -80.3025      83.6275
     445     -78.8512     115.4138
     446     -63.5677      85.2663
     447     -74.6559      90.1601
     448     -77.9859      91.1981
     449     -72.5660      89.7302
     450     -66.2085     101.6749
     451     -76.0990     100.8422
     452     -77.6508      88.3276
     453     -87.3325      94.1298
     454     -58.7912      79.8634
     455     -76.7731      97.5567
     456     -73.1031     121.2973
     457     -63.5706     113.7577
     458     -90.1689     108.9885
     459     -65.7654     109.0094
     460     -82.0903     107.1485
     461     -79.8159     115.1085
     462     -79.3215      98.8061
     463     -70.5657     104.2242
     464     -53.8389      89.8387
     465     -80.7509     109.8214
     466     -71.9473      82.2471
     467     -79.9119      98.2520
     468     -71.1465      99.2847
     469     -71.4175      91.7468
     470     -89.3585      92.4611
     471     -77.1317      99.6901
     472     -89.0929     108.4816
     473     -51.8823      91.4405
     474     -71.7472     121.2457
     475     -53.2446      84.8745
     476     -78.0304     115.8163
     477     -66.2550     104.9093
     478     -59.0059      99.8596
     479     -63.6211     106.2066
     480     -79.5825     110.7215
     481     -76.6898      78.9351
     482     -65.2848      96.2175
     483     -68.7246      92.0359
     484     -79.4726     105.1523
     485     -62.4967     107.2909
     486     -85.5213     105.8232
     487     -82.4336      99.0204
     488     -69.6802     118.6841
     489     -73.2529      90.4137
     490     -65.2308     115.7722
     491     -73.6007     110.5606
     492     -61.6489     115.6662
     493     -84.1311     110.7377
     494     -75.4754     117.4997
     495     -73.2348     101.1860
     496     -60.0099     103.6879
     497     -82.9061     103.8621
     498     -74.0779     101.1178
     499     -79.2776     106.2590
     500     -78.7891     113.0914
     501     -73.1285      85.2227
     502     -68.2683     113.9451
     503     -79.3815      99.8852
     504     -80.9109     111.4388
     505     -85.0421     104.4720
     506     -62.2259      90.8294
     507     -70.9697     111.5987
     508     -65.9736     111.8459
     509     -68.5232     102.9982
     510     -75.4375     102.9621
     511     -66.0859      98.2165
     512     -65.3965     107.2697
     513     -80.3557     113.1126
     514     -71.1826      89.9254
     515     -70.7719     101.7949
     516     -76.3899     105.3031
     517     -78.4194     107.5438
     518     -85.3525     112.2660
     519     -74.5524     103.8275
     520     -64.2484     113.9904
     521     -77.3952     108.6395
     522     -73.6544     116.6802
     523     -82.9393      97.1330
     524     -75.8805     108.2406
     525     -65.2335     108.1675
     526     -66.4208      99.9479
     527     -73.8560      98.3113
     528     -78.6099     110.6801
     529     -72.3035     103.0740
     530     -58.1413      74.3761
     531     -70.8749     111.5225
     532     -76.2651     109.1435
     533     -76.1720      97.7541
     534     -70.5314      93.2559
     535     -93.0467     111.5742
     536     -69.9865     106.0385
     537     -85.3003     103.8569
     538     -66.6193     105.6698
     539     -79.8446     107.5893
     540     -75.5078     108.4889
     541     -83.4419      87.8115
     542     -61.9084      88.5174
     543     -64.9650      93.1854
     544     -73.9893      77.4615
     545     -75.4524     111.5776
     546     -62.5445      94.2787
     547     -52.2860      85.7840
     548     -82.6589      98.7052
     549     -61.4026      74.0738
     550     -75.8134      70.4221
     551     -72.3609      89.6097
     552     -65.5942      93.8266
     553     -73.2488     116.9749
     554     -74.4825     111.0157
     555     -81.7340     115.2595
     556     -80.3442      96.2291
     557     -52.6689     100.3138
     558     -75.6568      88.5796
     559     -72.7664      87.5587
     560     -60.9356     103.0607
     561     -78.9412     102.7077
     562     -74.7562     112.7053
     563     -71.3935      93.8168
     564     -67.1909     112.9412
     565     -67.9494     110.5915
     566     -72.7073     113.8390
     567     -76.5750     111.7934
     568     -61.9315     110.6023
     569     -79.3708     105.9949
     570     -76.0306     108.9738
     571     -71.8240     111.3894
     572     -63.5078      94.2673
     573     -78.0502      95.1448
     574     -61.0175      96.2386
     575     -69.0485      81.3520
     576     -73.8055      83.3953
     577     -56.4135      83.6435
     578     -72.2999     106.6641
     579     -80.0158     102.3934
     580     -63.4862     104.0740
     581     -61.6560     102.6187
     582     -70.1870      94.4391
     583     -62.9796      80.6157
     584     -73.6836      97.9376
     585     -60.5836      82.8041
     586     -57.3514      89.9345
     587     -68.8806     106.2467
     588     -70.2421      90.9880
     589     -78.9835     112.4984
     590     -75.6222     108.9865
     591     -73.4797     108.7542
     592     -76.2697     102.3896
     593     -73.9656     106.7286
     594     -76.7207     103.4247
     595     -75.6033     114.6233
     596     -61.7470      88.2796
     597     -63.4686      90.6621
     598     -79.4960     105.5671
     599     -63.7972     112.7366
     600     -72.0246     100.3674
     601     -68.3164     105.5385
     602     -58.9967     111.3902
     603     -64.8717      74.5568
     604     -75.6369      91.8966
     605     -70.4062      88.6469
     606     -74.9566      90.5396
     607     -59.7170      97.7949
     608     -81.8443      84.8132
     609     -69.8750      93.1556
     610     -63.5727      96.7088
     611     -65.8274     107.9188
     612     -76.2773     106.3855
     613     -81.6859     108.4449
     614     -72.7449      92.5928
     615     -74.7224      97.7820
     616     -68.5419      78.2738
     617     -65.3391     100.4640
     618     -80.1296      96.2452
     619     -73.3313      85.9350
     620     -62.6040     102.9669
     621     -67.7911      99.8082
     622     -81.8168      98.5916
     623     -68.8644     105.8114
     624     -78.2042      88.0885
     625     -87.7605      99.1784
     626     -58.1727      90.4249
     627     -48.8128      91.0518
     628     -69.7692     101.3637
     629     -74.4936      93.1081
     630     -75.4440      90.6643
     631     -67.0259      68.2060
     632     -82.9542      95.3044
     633     -77.6222      87.5583
     634     -86.8289     115.5122
     635     -81.2933     108.6408
     636     -68.6809     102.7361
     637     -77.2217     116.4342
     638     -77.2270      98.2865
     639     -79.7266      78.1281
     640     -64.9100      97.4233
     641     -55.7918      88.1012
     642     -81.3478      86.5195
     643     -71.9720      96.3607
     644     -67.8744      87.4304
     645     -83.3408     106.1618
     646     -71.0635     107.9995
     647     -72.4227     110.2573
     648     -78.7319      96.1892
     649     -93.8678      93.5750
     650     -69.8492     102.8395
     651     -73.5164      97.7597
     652     -78.1135     105.1007
     653     -72.7671      76.5475
     654     -69.4883      87.5578
     655     -80.3933     110.0462
     656     -73.7002     109.1842
     657     -79.0608      95.8788
     658     -67.8802     108.6322
     659     -80.9562     109.7486
     660     -68.3706      81.9097
     661     -72.8307     106.2684
     662     -63.2528      78.0535
     663     -63.4389      91.5055
     664     -78.9383      80.4679
     665     -70.8109      91.1619
     666     -70.8476     103.7096
     667     -65.5024     111.4925
     668     -64.6830      83.4482
     669     -58.1696     111.7597
     670     -54.5029      75.3881
     671     -69.6943     108.7116
     672     -77.3672     106.3411
     673     -59.3494      92.8978
     674     -66.9420     108.8432
     675     -76.6329     108.2424
     676     -63.1948      86.0287
     677     -74.6278      93.6543
     678     -65.6481      85.1627
     679     -67.5726     101.3500
     680     -71.5308     111.0062
     681     -80.4993     101.3418
     682     -70.3639      98.9921
     683     -77.3466     107.8877
     684     -71.6357      97.4308
     685     -69.9865     103.1813
     686     -75.0429     119.1841
     687     -64.8786      97.7865
     688     -82.0158     112.9549
     689     -67.4414      99.8484
     690     -70.0822     108.5138
     691     -66.9539      98.1276
     692     -54.8366      89.4241
     693     -81.3619      66.5358
     694     -83.4522      83.5402
     695     -73.3368      89.3712
     696     -70.3080     116.6809
     697     -72.9742      93.6888
     698     -84.4685      98.3519
     699     -64.9200     112.5883
     700     -76.2696      94.8944
     701     -73.3737     100.1319
     702     -71.2348      94.9845
     703     -65.6905      97.8513
     704     -70.6543      95.2989
     705     -70.6896     103.6137
     706     -71.1787     115.3631
     707     -58.1505      64.9011
     708     -64.6098     103.9616
     709     -74.8862      97.5260
     710     -83.5677      98.7363
     711     -56.9678      93.9641
     712     -69.6910     105.4034
     713     -75.6767      91.2074
     714     -75.3524     111.8096
     715     -76.7636     102.2175
     716     -62.6384     106.8180
     717     -70.2481      90.1295
     718     -75.2437     105.2438
     719     -55.9768      75.2392
     720     -67.0895      96.1534
     721     -69.9024     101.6700
     722     -53.3082      91.9563
     723     -67.9769     121.1485
     724     -70.2309      92.6167
     725     -62.0720      73.5482
     726     -66.9733     106.2355
     727     -72.1778     120.4377
     728     -61.4929      95.1634
     729     -61.4901      86.8896
     730     -68.5001     112.1138
     731     -54.8184      89.3707
     732     -66.2795      98.5890
     733     -86.1849     111.2005
     734     -73.7259     110.3267
     735     -86.0551      97.8522
     736     -81.6024     117.1820
     737     -68.9288      95.3267
     738     -68.7116     106.7575
     739     -80.3069     111.3591
     740     -63.6255      91.1927
     741     -73.6817     109.3523
     742     -85.3099     106.6328
     743     -64.2610     108.6969
     744     -63.7012      94.8976
     745     -80.6579     118.3350
     746     -77.6774     105.6655
     747     -64.4424     100.5359
     748     -68.5582     111.8585
     749     -74.8514     108.5343
     750     -79.1404     123.1476
     751     -73.2970      88.9889
     752     -69.4707      85.5707
     753     -64.4482      94.0798
     754     -76.7052     100.9430
     755     -62.4934      94.5624
     756     -79.8655     106.0647
     757     -72.5380      95.2322
     758     -75.4878     102.9990
     759     -89.1959      89.0819
     760     -75.6104     102.4574
     761     -71.9221      96.4294
     762     -86.0319     111.5420
     763     -77.5677      72.4399
     764     -71.3799      88.7849
     765     -75.6529      82.8114
     766     -66.6824     103.6509
     767     -64.7266      94.7367
     768     -75.8160     109.2597
     769     -74.1638     118.5485
     770     -77.3438      93.5857
     771     -80.5167      97.7367
     772     -84.1954      92.6588
     773     -75.4491      83.2990
     774     -82.0718     105.9033
     775     -77.7163      85.4268
     776     -77.0556      84.3313
     777     -76.4893      77.5334
     778     -68.1200      94.8994
     779     -79.5475      93.1854
     780     -71.1007      85.2548
     781     -73.7208     107.4398
     782     -90.6137      95.7273
     783     -76.9320     113.7858
     784     -75.2300      95.4026
     785     -85.3652      91.7749
     786     -78.8490     107.7749
     787     -76.3772     106.0667
     788     -56.9368      93.6780
     789     -73.2527     119.4086
     790     -75.6052     109.7555
     791     -77.6397     108.5646
     792     -65.9137     100.5874
     793     -62.6990     100.0655
     794     -74.5817     108.8716
     795     -73.1908     100.6629
     796     -76.2650     120.5229
     797     -75.5750     117.3137
     798     -69.5401     106.4831
     799     -66.2909     109.5829
     800     -79.2703      99.3967
     801     -62.7708      80.2767
     802     -69.1157      92.2161
     803     -59.4287      91.4071
     804     -82.1363      98.7339
     805     -75.0136      91.7507
     806     -62.9068      97.8369
     807     -69.3979     102.6345
     808     -66.1603     101.0943
     809     -70.1173      87.0918
     810     -68.5529     114.2710
     811     -84.7981     115.4601
     812     -68.7303      99.2181
     813     -66.5908     113.1724
     814     -65.7842      94.0879
     815     -69.9970     104.5227
     816     -80.8313     103.6338
     817     -78.2647     115.6165
     818     -67.7963     107.7891
     819     -81.8996      90.3543
     820     -73.1866      78.4501
     821     -96.2261      90.9591
     822     -73.6475      90.2078
     823     -77.8098      97.6199
     824     -78.5845     114.9583
     825     -77.1745      86.9217
     826     -70.5710      79.2301
     827     -70.0737      89.7063
     828     -79.9793      83.7220
     829     -77.5476      93.9808
     830     -62.7929      84.4555
     831     -59.1908      76.4716
     832     -48.9528      75.2193
     833     -55.8661      86.1068
     834     -90.0574      99.5497
     835     -64.9160     120.0326
     836     -76.5172      98.6494
     837     -74.4750     113.2593
     838     -65.4132      98.7471
     839     -68.9575     104.9865
     840     -85.3745      95.2420
     841     -67.6450      89.1046
     842     -75.5498      94.8528
     843     -83.3463      96.1810
     844     -60.2338      95.5025
     845     -95.1828     114.4328
     846     -74.3247      86.8551
     847     -68.8978      83.6140
     848     -69.6412     107.5274
     849     -77.7596      95.8306
     850     -69.9356      88.4134
     851     -69.4563     103.6256
     852     -64.2823      98.9763
     853     -75.6454      81.6482
     854     -60.7232      87.5252
     855     -72.8104      90.2375
     856     -66.9640      96.6284
     857     -69.6102      91.5379
     858     -71.9487      91.5545
     859     -72.9497      93.2699
     860     -78.1522      86.4055
     861     -82.2653      85.8330
     862     -77.0516      93.4457
     863     -53.3179      90.8748
     864     -65.0797      81.1627
     865     -73.5615      82.7035
     866     -75.8237      95.2937
     867     -76.1997      92.6937
     868     -70.2851     100.7568
     869     -70.1597      87.4038
     870     -66.1359      95.9955
     871     -62.9190     109.1608
     872     -59.7743     101.9791
     873     -69.6126      92.5317
     874     -75.5976     109.1951
     875     -72.8224      94.6623
     876     -75.9280     101.1741
     877     -73.7868     109.8510
     878     -65.8540     102.3388
     879     -77.9033      89.3377
     880     -70.0206      88.3560
     881     -75.7257      99.6119
     882     -80.9691     104.1600
     883     -84.3461     102.1962
     884     -79.7005      85.7575
     885     -74.6352      93.0104
     886     -79.6555      90.1860
     887     -63.0735      91.9339
     888     -86.0167      87.0413
     889     -74.8208      96.5681
     890     -75.4722      91.7633
     891     -67.9522      90.0975
     892     -59.1449      80.6297
     893     -62.4835      86.1313
     894     -68.7068      95.6275
     895     -62.1474      93.9302
     896     -65.6802      95.0938
     897     -69.6518      94.9065
     898     -84.5289      79.9262
     899     -67.2130      93.3752
     900     -73.5059     123.2744
     901     -79.1262     110.0770
     902     -70.7106     106.5239
     903     -85.5454     112.3300
     904     -73.0924     104.5288
     905     -93.5730     100.1808
     906     -82.8418     116.3871
     907     -88.5512     118.6979
     908     -72.6756     106.2636
     909     -79.7826     121.6619
     910     -66.6053     104.8471
     911     -64.0291      90.5508
     912     -73.4249     104.7368
     913     -53.0496     103.9197
     914     -73.7750     106.3693
     915     -87.0001     120.6181
     916     -61.7495      97.6608
     917     -58.5016     100.4608
     918     -72.8233     102.2594
     919     -71.4319     104.7467
     920     -83.5888     111.9199
     921     -66.3354      89.9312
     922     -83.9087     108.5759
     923     -68.7271      99.0450
     924     -84.6428      90.0170
     925     -68.1176      99.8307
     926     -65.6236     108.3154
     927     -73.0775     100.7285
     928     -77.3490     107.2393
     929     -67.8823      96.2606
     930     -86.4520     107.1350
     931     -56.6721     113.5613
     932     -72.2025      98.4013
     933     -54.9402      89.4133
     934     -61.4654      93.8680
     935     -80.0662     102.6212
     936     -84.7319      94.7510
     937     -82.8071     102.2585
     938     -76.2609      91.3153
     939     -86.8716      88.9407
     940     -74.4153      99.8510
     941     -76.8753     106.2665
     942     -78.1315      87.3351
     943     -84.2761     104.7178
     944     -72.6644      95.6834
     945     -73.8862      93.7708
     946     -69.5185     101.0148
     947     -77.7496     110.4744
     948     -64.3782      93.1076
     949     -78.2734      92.0970
     950     -71.4951     103.5632
     951     -84.0978      75.4549
     952     -71.1300      92.3209
     953     -66.4136      83.8356
     954     -55.7673      98.7860
     955     -79.9387      82.3091
     956     -77.3097     102.4353
     957     -57.8092      97.4976
     958     -63.8924     106.7222
     959     -66.7946      84.7720
     960     -61.4676      99.5265
     961     -80.8374      79.3617
     962     -78.3268      99.5789
     963     -63.7278      86.4629
     964     -82.8529     105.0750
     965     -69.0439      97.9999
     966     -79.1777      89.1946
     967     -64.4744      92.2983
     968     -67.2880      93.8362
     969     -63.8758      98.4305
     970     -74.9017     104.6104
     971     -85.8209      97.5014
     972     -78.1982     100.7437
     973     -64.7271     105.7150
     974     -84.1006     114.1037
     975     -80.4554     104.3763
     976     -72.0828     110.7845
     977     -75.0433     100.7729
     978     -77.2146      94.4177
     979     -61.9237      90.6402
     980     -87.8055     100.4691
     981     -63.0696      84.0190
     982     -58.4993      93.9274
     983     -75.0559      76.5808
     984     -65.3090      92.8958
     985     -74.2158      88.6709
     986     -68.6129     102.0653
     987     -60.6002     110.2872
     988     -64.8110      98.9097
     989     -80.0590     110.6549
     990     -75.4912      81.2995
     991     -77.3159      94.1053
     992     -80.5121      78.8069
     993     -82.8599     107.5849
     994     -73.3973      91.1829
     995     -76.0553      76.8526
     996     -56.5501      84.8641
     997     -69.6357      74.3699
     998     -75.4089     108.6787
     999     -71.9313      88.2201
    1000     -71.7746      97.2840
