#Frame        psi:120
       1     122.3190
       2     153.1705
       3     155.2009
       4     156.9920
       5     132.1319
       6     145.8927
       7     151.2046
       8     159.5901
       9     124.1332
      10     158.6530
      11     128.6600
      12     155.2847
      13     135.9892
      14     171.7773
      15     131.1557
      16     140.7945
      17     152.2446
      18     130.4330
      19     148.3618
      20     130.6327
      21     135.2155
      22     141.0014
      23     143.9412
      24     143.9291
      25     138.1191
      26     134.2131
      27     129.6459
      28     164.3138
      29     158.7989
      30     123.4420
      31     155.0589
      32     141.4316
      33     142.1947
      34     134.8680
      35     119.3356
      36     136.5754
      37     129.4670
      38     137.8996
      39     143.7666
      40     156.0166
      41     134.1610
      42     139.7601
      43     126.4591
      44     150.6208
      45     130.4193
      46     146.6028
      47     144.0329
      48     136.1965
      49     138.8893
      50     151.7201
      51     127.9309
      52     120.7431
      53     150.9143
      54     143.0329
      55     138.6564
      56     148.2799
      57     152.9257
      58     129.0632
      59     135.3437
      60     111.8225
      61     138.6432
      62     147.2167
      63     137.3961
      64     129.7248
      65     149.5894
      66     133.1148
      67     126.2428
      68     144.5025
      69     133.6063
      70     151.8154
      71     136.6331
      72     135.5504
      73     145.0059
      74     109.4485
      75     146.3191
      76     125.8531
      77     150.6249
      78     135.2114
      79     145.1351
      80     113.4949
      81     141.6567
      82     135.5370
      83     117.5768
      84     130.3921
      85     126.6841
      86     156.5647
      87     145.8267
      88     154.6159
      89     138.9033
      90     132.8514
      91     155.0334
      92     139.7404
      93     129.2177
      94     120.6054
      95     157.5625
      96     146.1853
      97     117.1383
      98     146.4030
      99     142.6859
     100     102.4288
     101     143.7827
     102     157.8466
     103     146.4591
     104     133.6100
     105     137.0959
     106     130.8331
     107     158.7231
     108     156.3127
     109     122.4665
     110     140.1541
     111     153.3257
     112     122.5028
     113     148.0220
     114     116.0566
     115     132.9130
     116     154.8172
     117     136.5322
     118     148.9449
     119     122.7449
     120     135.4845
     121     148.3301
     122     155.3267
     123     145.0709
     124     122.1053
     125     136.7804
     126     145.9586
     127     147.1531
     128     145.8202
     129     137.8229
     130     156.1693
     131     155.8005
     132     164.7459
     133     174.4255
     134     135.4231
     135     159.0255
     136     134.4414
     137     129.2938
     138     160.1275
     139     134.2153
     140     132.7065
     141     144.2664
     142     164.1616
     143     150.8944
     144     155.7505
     145     151.8932
     146     137.5247
     147     148.3657
     148     153.3482
     149     125.1678
     150     133.5241
     151     144.0114
     152     140.5413
     153     139.2054
     154     150.1255
     155     132.1048
     156     157.9578
     157     145.3598
     158     150.5736
     159     142.7134
     160     139.4446
     161     119.5780
     162     130.9736
     163     120.2421
     164     127.6660
     165     167.4979
     166     142.4964
     167     118.5983
     168     126.3480
     169     152.8007
     170     141.5426
     171     134.7266
     172     152.3497
     173     108.4496
     174     152.1102
     175     129.9602
     176     155.6283
     177     125.7036
     178     148.7170
     179     127.5815
     180     152.3064
     181     141.6222
     182     110.4347
     183     143.5271
     184     128.0429
     185     128.2913
     186     112.4861
     187     135.0459
     188     111.6672
     189     123.9828
     190     123.7416
     191     128.5867
     192     146.1000
     193     140.9422
     194     152.6434
     195     146.4781
     196     141.4907
     197     135.4172
     198     156.9154
     199     150.2343
     200     157.9680
     201     126.0406
     202     154.6609
     203     152.1976
     204     140.5022
     205     112.4292
     206     145.6369
     207     121.9917
     208     157.0672
     209     139.9787
     210     127.6535
     211     152.0206
     212     149.0517
     213     143.2601
     214     167.6976
     215     151.1099
     216     149.8711
     217     163.7642
     218     154.7554
     219     147.7980
     220     120.8645
     221     134.0769
     222     152.4951
     223     153.1367
     224     156.8333
     225     144.0254
     226     130.0806
     227     174.8647
     228     153.1971
     229     144.5556
     230     140.0455
     231     148.7667
     232     150.3571
     233     136.9256
     234     136.4475
     235     127.2233
     236     132.2243
     237     145.0786
     238     146.4577
     239     148.5718
     240     152.2662
     241     111.0258
     242     129.8865
     243     137.6499
     244     139.0526
     245     160.4315
     246     130.0183
     247     137.9350
     248     150.1851
     249     133.8234
     250     128.4489
     251     143.4373
     252     135.2841
     253     142.2956
     254     152.9818
     255     134.0023
     256     134.0458
     257     113.4247
     258     118.1709
     259     136.7824
     260     103.9082
     261     121.7069
     262     138.9404
     263     136.3669
     264     124.2769
     265     136.6518
     266     156.3155
     267     144.1083
     268     132.9030
     269     150.0286
     270     143.5821
     271     136.3446
     272     143.4270
     273     139.4789
     274     133.6396
     275     159.4400
     276     142.5627
     277     129.8215
     278     147.3014
     279     149.1654
     280     111.2778
     281     156.1418
     282     130.3694
     283     126.4206
     284     116.7075
     285     140.4212
     286     169.3485
     287     142.6238
     288     141.7212
     289     138.4779
     290     140.6233
     291     126.3874
     292     135.7754
     293     149.9750
     294     146.2227
     295     141.7348
     296     124.4769
     297     129.0316
     298     151.1353
     299     144.6414
     300     164.5369
     301     144.5325
     302     134.8473
     303      79.5114
     304     115.0077
     305     125.9028
     306     144.5455
     307     113.9762
     308     132.6523
     309     151.2043
     310     147.1533
     311     138.3133
     312     138.6243
     313     156.2300
     314     136.8453
     315     153.2973
     316     108.3923
     317     108.5706
     318      96.3064
     319     118.6632
     320     127.4443
     321     143.7085
     322     143.2550
     323     144.6128
     324     129.6162
     325     150.0097
     326     133.0596
     327     166.6118
     328     143.9606
     329     143.7568
     330     175.3013
     331     138.5476
     332     103.7694
     333     151.9554
     334     156.2919
     335     156.5335
     336     170.4972
     337     140.0726
     338     146.8326
     339      74.8095
     340     149.5183
     341     119.8269
     342     143.8126
     343     154.2802
     344     178.5731
     345     159.1989
     346     150.2677
     347     118.5193
     348     114.2569
     349     138.2504
     350     148.8064
     351     158.5348
     352     158.8743
     353     147.5178
     354     147.4245
     355     128.7976
     356     145.7329
     357     142.1646
     358     121.3720
     359     120.4001
     360     155.4969
     361     156.2613
     362     141.0772
     363     147.7970
     364     123.0960
     365     148.1470
     366     137.8203
     367     138.7881
     368     149.7043
     369     140.1654
     370     114.7165
     371      96.4210
     372     132.8804
     373     143.7089
     374     151.4924
     375     142.2616
     376     156.7382
     377     143.4337
     378     137.7539
     379     139.9094
     380     129.7349
     381     133.9707
     382     153.1353
     383     140.9438
     384     135.3619
     385     171.3373
     386     133.4929
     387     140.6991
     388     137.0152
     389     133.9198
     390     135.1187
     391     134.9774
     392     170.1403
     393     161.7142
     394     160.1389
     395     152.8723
     396     154.4118
     397     170.3085
     398     151.7101
     399     157.1458
     400     158.6434
     401     163.0526
     402     145.0257
     403     156.0310
     404     145.4879
     405     158.4490
     406     147.4897
     407     154.4570
     408     156.7563
     409     173.8023
     410     155.1988
     411     142.3251
     412     145.9135
     413     164.0084
     414     158.5466
     415     160.3603
     416     119.2674
     417     120.4918
     418     143.5572
     419     135.3005
     420     135.0287
     421     158.7216
     422     145.4281
     423     147.1269
     424     155.7042
     425     152.5961
     426     115.7189
     427     126.9870
     428     158.6295
     429     168.4749
     430     144.6058
     431     155.5982
     432     146.0985
     433     130.3912
     434     118.2093
     435     136.5623
     436     110.4290
     437     154.3981
     438     131.4999
     439     134.9204
     440     131.5930
     441     133.6667
     442     143.7588
     443     133.1048
     444     136.0346
     445     139.1445
     446      90.4412
     447     145.7167
     448     145.6134
     449     146.5688
     450      93.5172
     451     161.2181
     452      77.8436
     453     134.4531
     454     134.3693
     455     140.1014
     456     119.1015
     457     101.0082
     458     167.2820
     459     138.5210
     460     145.3248
     461     107.5012
     462     127.9706
     463     137.6612
     464     134.3366
     465     137.3583
     466     165.5311
     467     115.4180
     468     134.8196
     469     129.0440
     470     153.4264
     471     122.7692
     472     125.4285
     473     131.8797
     474     140.1868
     475     159.3041
     476     146.9044
     477     127.9364
     478     135.3895
     479     142.8690
     480     151.6729
     481     123.5938
     482     127.2924
     483     111.9060
     484     146.8382
     485     126.3996
     486     144.7923
     487     134.6370
     488     111.6476
     489     136.7797
     490     144.0074
     491     120.2205
     492     146.1991
     493     125.1342
     494     138.7445
     495     151.7647
     496     139.6020
     497     123.7787
     498     118.8427
     499     129.8308
     500     154.5496
     501     154.9555
     502     153.8805
     503     152.3644
     504     128.1941
     505     127.0147
     506     119.5244
     507     127.4024
     508     157.4108
     509     132.1981
     510     129.8835
     511     127.1693
     512     149.1118
     513     148.7343
     514     138.8929
     515     162.8309
     516     145.8063
     517     128.8086
     518     161.3541
     519     161.4998
     520     161.7321
     521     156.9692
     522     155.1296
     523     176.0342
     524     124.7636
     525     145.9420
     526     145.3931
     527     152.8045
     528     136.9073
     529     143.6642
     530     127.0495
     531     143.4420
     532     135.3725
     533     132.4794
     534     143.8657
     535     140.9838
     536     168.7660
     537     137.6128
     538     125.5409
     539     154.5429
     540     170.7092
     541     125.7951
     542     143.8293
     543     114.8560
     544     129.0200
     545     153.3368
     546     106.3182
     547     136.6859
     548     126.2094
     549     129.0616
     550     135.0651
     551     115.5278
     552     150.6641
     553     145.9490
     554     156.4327
     555     138.0998
     556     157.1613
     557     136.7450
     558     129.2645
     559     132.6119
     560     150.9441
     561     158.5472
     562     136.0187
     563     138.2655
     564     144.4092
     565     138.1943
     566     124.3224
     567     149.3022
     568     145.5755
     569      93.4566
     570     126.7949
     571     147.4557
     572     140.9295
     573     150.4317
     574     148.2086
     575     107.6817
     576     139.1203
     577     139.7972
     578     151.7908
     579     154.8658
     580     145.2909
     581     143.5635
     582     126.4045
     583     142.9031
     584     127.2387
     585     125.6629
     586     133.8950
     587     128.0364
     588     140.3752
     589     121.9866
     590     122.0183
     591     143.9671
     592     156.0651
     593     142.6799
     594     144.0149
     595     146.5074
     596     151.4569
     597     143.7140
     598     128.6370
     599     140.9112
     600     150.3116
     601     126.3499
     602     134.0440
     603     141.3566
     604     144.8354
     605     139.1281
     606     138.5903
     607     136.0085
     608     109.6534
     609     146.9888
     610     145.5943
     611     129.0860
     612     148.1586
     613     116.0563
     614     158.4884
     615     121.1369
     616     145.1115
     617     145.7715
     618     136.9880
     619     128.7367
     620     135.0938
     621     136.9754
     622     128.1082
     623     135.6945
     624     149.2882
     625     142.6016
     626     142.8201
     627     126.1201
     628     141.4067
     629     132.2784
     630     157.5047
     631     148.0008
     632     179.7628
     633     144.4716
     634     117.7835
     635     137.2267
     636     148.6691
     637     145.5271
     638     153.6469
     639     139.9013
     640     148.1680
     641     141.4932
     642     145.9837
     643     149.2218
     644     130.9935
     645     147.4970
     646     137.1375
     647     141.8366
     648     138.7744
     649     143.1639
     650     129.6018
     651     123.2766
     652     131.1382
     653     141.1950
     654     148.2772
     655     135.1128
     656     128.5801
     657     133.0331
     658     145.4044
     659     133.4369
     660     143.8967
     661     143.3273
     662     120.7329
     663     143.1599
     664     129.1460
     665     126.3604
     666     149.1698
     667     146.8377
     668     127.6237
     669     109.4231
     670     147.8528
     671     126.1617
     672     160.1379
     673     157.2040
     674     142.3633
     675     167.4958
     676     142.5689
     677     146.3602
     678     137.0667
     679     160.2202
     680     135.7500
     681     137.0404
     682     151.1656
     683     118.7871
     684     145.5039
     685     147.6427
     686     114.6912
     687     127.0005
     688     149.9226
     689     140.7677
     690     142.2747
     691     133.0594
     692     149.8386
     693     144.6716
     694     122.9277
     695     127.0649
     696     127.3314
     697     141.9730
     698     139.4953
     699     121.9483
     700     140.1760
     701     144.2599
     702     150.1856
     703     151.4140
     704     158.4305
     705     134.3321
     706     156.9032
     707     149.0114
     708     164.2076
     709     141.4593
     710     143.2041
     711     149.9044
     712     154.8598
     713     145.0061
     714     142.1907
     715     160.5064
     716     162.3241
     717     136.7997
     718     141.5981
     719     144.8393
     720     129.7079
     721     118.4917
     722     110.5022
     723     104.8430
     724     141.6253
     725     121.6045
     726     158.4811
     727     169.3909
     728     165.2797
     729     162.9198
     730     165.1122
     731     142.8555
     732    -171.6748
     733     173.2248
     734     156.9033
     735     145.6113
     736     146.0948
     737     134.0791
     738     160.2897
     739     149.3043
     740     139.8929
     741     119.1804
     742     127.6142
     743     141.3726
     744     113.3785
     745     130.1242
     746     126.8694
     747     100.8259
     748     112.7017
     749     129.3885
     750     129.1360
     751     142.1970
     752     134.2733
     753     148.0818
     754     124.5595
     755     136.3143
     756     117.7554
     757     159.3029
     758     157.2566
     759     129.6231
     760     156.6788
     761     143.2296
     762     148.5042
     763     120.1519
     764     133.9612
     765     137.2212
     766      99.1062
     767     132.1566
     768     144.6384
     769     156.1612
     770     128.8779
     771     140.9792
     772     138.3054
     773     150.7041
     774     153.2206
     775     130.6749
     776     144.3111
     777     102.5522
     778     139.5390
     779     138.8425
     780     141.6539
     781     124.3551
     782     135.5764
     783     158.2841
     784     136.3816
     785     147.0166
     786     136.7753
     787     147.2615
     788     124.9225
     789     138.9773
     790     141.8640
     791     116.6708
     792     114.2466
     793     121.0890
     794     149.6574
     795     166.7786
     796     139.0530
     797     153.2387
     798     138.2925
     799     157.9224
     800     131.8952
     801     152.8457
     802     143.2611
     803     136.0210
     804     168.9226
     805     137.3126
     806     152.6853
     807     148.7066
     808     140.1461
     809     115.7703
     810     147.8513
     811     156.6763
     812     152.9454
     813     157.7569
     814     154.1709
     815     147.9456
     816     161.4765
     817     151.0016
     818     156.3316
     819     146.8471
     820     146.5297
     821     137.0448
     822     139.3048
     823     153.4203
     824     144.2318
     825     116.7680
     826     137.7596
     827     146.5128
     828     152.1584
     829     144.9929
     830     139.0044
     831     122.6215
     832     154.4744
     833     154.6841
     834     145.6348
     835     147.9571
     836     143.0211
     837     119.2777
     838     161.5062
     839     128.5016
     840     133.4291
     841     157.8977
     842     155.1461
     843     134.7672
     844     139.7364
     845     146.0722
     846     136.4657
     847     131.3677
     848     132.3931
     849     135.1396
     850     142.1043
     851     124.0071
     852     144.1563
     853     150.7612
     854     142.8234
     855     146.4269
     856     147.5978
     857     121.3399
     858     145.1953
     859     127.1429
     860     135.7683
     861     122.6039
     862     146.0487
     863     133.9522
     864     153.4067
     865     150.8933
     866     132.1947
     867     146.8517
     868     134.2237
     869     143.9519
     870     101.4992
     871     137.6856
     872     145.4315
     873     129.8178
     874     152.2366
     875     146.7298
     876     132.5422
     877     149.3202
     878     147.3061
     879     154.8413
     880     144.1424
     881     148.4880
     882     145.7305
     883     147.1962
     884     138.9920
     885     127.1951
     886     134.6664
     887     140.0253
     888     137.1857
     889     118.3573
     890     137.9350
     891     136.0951
     892     154.4809
     893     137.9201
     894     144.5642
     895     133.7542
     896     142.2922
     897     166.8249
     898     144.3058
     899     138.0318
     900     157.1075
     901     152.7517
     902     137.5649
     903     138.1399
     904     147.3959
     905     120.3446
     906     151.7871
     907     136.5691
     908     148.7524
     909     156.0252
     910     159.9047
     911     136.0673
     912     137.5691
     913     124.7015
     914     155.3657
     915     151.8656
     916     145.3799
     917     120.4172
     918     140.5246
     919     126.1072
     920     143.3748
     921     128.5885
     922     119.9223
     923     142.6479
     924     154.3930
     925     130.1629
     926     149.8055
     927     148.7201
     928     153.7616
     929     145.1898
     930     136.1810
     931     117.7880
     932     136.3792
     933     154.5510
     934     127.5126
     935     138.7505
     936     149.9686
     937     145.2359
     938     129.2344
     939     123.0566
     940     130.3062
     941     149.7416
     942     124.5552
     943     122.8355
     944     131.0127
     945     125.1205
     946     139.7815
     947     130.3845
     948     124.9090
     949     134.1707
     950     106.2500
     951     150.4456
     952     114.9929
     953     144.2952
     954     150.1331
     955     118.9647
     956     142.6453
     957     130.9464
     958     114.9286
     959     146.0111
     960     133.5888
     961     135.7394
     962     138.0477
     963     151.0980
     964     129.4154
     965     139.8751
     966     131.3221
     967     134.1412
     968     135.0493
     969     140.1941
     970     150.1246
     971     135.1713
     972     125.4702
     973     143.2989
     974     163.4884
     975     151.5921
     976     140.6714
     977     169.9779
     978     133.0035
     979     142.2020
     980     166.6453
     981     152.1450
     982     140.3995
     983     149.7962
     984     150.4702
     985     156.8864
     986     135.4704
     987     145.8801
     988     149.1199
     989     171.3821
     990     148.0824
     991     148.2024
     992     138.3897
     993     139.8704
     994     142.6584
     995     128.1855
     996     166.2816
     997     127.6190
     998     130.2141
     999     138.1651
    1000     131.1388
