#Frame       chi1:120     chi2:120     chi3:120
       1    -167.5345      56.0995      83.9593
       2    -159.3910      41.4542     100.3386
       3    -175.3604      49.9437      71.7866
       4    -171.8703      52.9643      65.4912
       5     175.2767      62.4597      73.7160
       6    -170.0664      24.5534      57.8914
       7     -63.6873     -54.7161     -25.4836
       8    -172.9372      54.4659     -91.1307
       9    -173.5685      59.6509    -102.0034
      10     179.9594      54.5890    -106.3936
      11    -176.6256      73.5077    -110.9267
      12    -179.9414      55.4284     -95.9962
      13     -73.2651     -64.6411     -61.5445
      14     -97.6881     -58.5652     -22.1241
      15    -173.9225      52.4619    -107.3436
      16    -168.2659      58.0055     -83.7662
      17    -178.6402      65.5003    -120.6119
      18    -163.3602      60.6029    -112.2160
      19    -169.2787      54.6671     -77.3454
      20     -78.4290     -60.9884     -48.0256
      21     169.7997      60.3490     -80.5569
      22     176.8292      64.4977     -95.3931
      23    -172.9824      53.9963     -74.4861
      24     -79.6732     -60.7262     -19.2976
      25    -176.6567      44.5406     -99.8730
      26    -177.9237      65.7420      47.6643
      27    -169.2480      72.5458     105.6731
      28    -165.4531      52.9833      76.9608
      29     178.8031      59.4060      65.5186
      30    -173.0203      54.7382      90.1404
      31    -177.9882      55.1822      74.9127
      32    -172.2087      51.3917      73.3413
      33    -176.4157      55.1596      63.8411
      34    -168.4264      51.4214      95.5100
      35    -172.9091      47.0267      79.4089
      36     -65.0811     -67.6606     139.2049
      37     175.6083      75.1446     146.7713
      38    -166.9574      53.7034      72.4800
      39    -172.9272      49.6363      85.6133
      40     -80.3344     -62.6713     141.2618
      41     172.5713      51.1561      82.9680
      42    -169.0732      48.8049      68.9176
      43    -170.1946      59.8934      81.6013
      44    -178.9516      44.1637      63.6442
      45     175.0603      51.3090      61.1422
      46    -176.0113      57.1760      80.4289
      47    -168.9265      48.5473      82.1519
      48    -167.8323      38.0389     106.0697
      49     177.5293      48.9723      82.2384
      50     -63.6425     -71.3804     -14.1540
      51     -63.6135     -61.3142      -8.3741
      52    -172.7792      57.5207     -73.8224
      53    -176.1962      74.2827    -107.4541
      54     169.4126      75.6891    -120.4904
      55    -159.8836      39.6643     -95.4240
      56    -170.4310      41.2878    -100.8033
      57    -155.6176      33.3325     -92.2375
      58    -173.3045      55.6927     -93.4424
      59    -168.2197      47.1905     -89.0286
      60    -165.1562      66.7673     -82.5732
      61     169.1016      50.3424    -108.6537
      62    -172.5144      57.2555     -80.3231
      63    -172.6924      61.0419     -97.3341
      64    -177.8513      69.0921    -105.2729
      65    -175.6771      60.4316     -97.8570
      66    -170.8588      59.5540     -99.1588
      67    -178.2000      52.1426    -101.7733
      68    -165.7794      47.1335     -76.9324
      69     -92.8328     -72.7328      11.1383
      70     -89.2719     -58.4342      -9.2086
      71    -165.3632      42.8424    -105.1259
      72     170.1340      67.5342     -82.9119
      73    -169.2411      44.4329     -88.7419
      74    -169.2233      44.2477     -89.7828
      75    -172.1782      55.1585    -108.5705
      76     178.8260      57.5975     -97.9041
      77    -175.0007      30.7599    -106.5378
      78     176.5924      52.5301     -95.7762
      79     -81.4364     -60.5271     -12.2538
      80    -176.0870      55.8393    -108.1906
      81    -173.6785      53.1241    -104.5875
      82    -178.8230      62.4217     -82.0580
      83     -78.5689     -63.1155     -22.0645
      84    -177.0647      53.6543     -91.7040
      85    -173.9943      55.3710     -68.3107
      86    -172.1958      53.5324    -101.4217
      87    -166.6651      60.6072    -106.1329
      88     179.5636      52.6592    -101.1415
      89    -173.0775      50.0856     -97.2630
      90    -179.4688      57.6237    -104.1423
      91     -85.1308     -71.0738      -7.3774
      92     -75.0511     -53.5563     141.8112
      93     -69.7920     -46.3204     143.6407
      94     178.4038      52.6377      87.1694
      95    -176.1826      52.3345      73.6330
      96     168.2327      39.5872      65.4290
      97     174.8820      60.2271      49.9635
      98    -168.7908      43.0671      75.7697
      99    -176.0066      58.4918     101.0479
     100    -147.9674      54.1026      54.4471
     101    -179.9809      57.7998      74.9121
     102    -179.1338      59.6789      63.1089
     103     178.9014      56.6922      56.1550
     104    -167.0873      44.9914      72.2874
     105    -170.7614      40.8877      76.5248
     106    -175.9024      61.3744      50.3526
     107     174.0260      56.3083     -93.0032
     108     -85.7809     -54.3853     -29.8818
     109    -158.5681      60.6695    -104.5669
     110     -79.5067     -63.3265      -6.3706
     111    -179.8752      55.8364    -112.0049
     112     179.2073      61.8470    -121.6261
     113     -75.3928     -59.0638     -41.4938
     114    -168.5732      48.8065     -88.9171
     115    -169.2350      52.3734     -91.5390
     116    -178.7905      45.2460      52.5679
     117    -174.3744      53.9670     105.7062
     118    -172.4119      56.2486      98.8896
     119    -179.6570      50.7399      72.5240
     120    -150.1340      66.5084      96.9369
     121    -173.0277      46.5511      67.2874
     122    -162.4069      46.6434      88.3058
     123     179.7947      55.6911      77.9042
     124     -63.3638     -59.8059     159.3981
     125     -60.4708     -74.6446     147.5097
     126     -57.8825     -54.6519     155.8192
     127     -54.9905     -53.9055     177.0124
     128     -55.1054     -71.9856     158.3389
     129     -91.3847     -60.6231     140.5656
     130     -57.4918     -51.0319     -41.2829
     131    -161.0099      42.2434     -93.8550
     132     175.2306      55.2994     -79.3926
     133    -174.3052      59.2128     -97.9772
     134     -96.9329     -62.1474     -33.5025
     135     -68.4994     -56.0750     -41.0856
     136     -60.6899     -67.7516     -28.7696
     137    -170.2992      54.0442     -80.5259
     138    -177.4236      53.1416     -99.1038
     139    -176.3972      55.1824    -117.3749
     140    -171.2145      62.7648    -155.2524
     141    -163.3225      42.8653     -80.6209
     142    -171.0727      22.1240     -99.4646
     143    -165.0209      49.1913     -83.5883
     144     -58.9843     -66.8896       3.6502
     145     -65.1098     -67.1630     -26.9539
     146    -176.3568      49.1581     -94.2128
     147    -179.4864      47.5879    -106.2178
     148     -56.7999     -62.5796     -17.3736
     149    -161.6283      31.2750    -104.2703
     150     -54.2239     -72.0861     -18.4115
     151     -54.6368     -54.5569     174.5859
     152     -77.5456     -59.5332     139.6879
     153     179.9036      55.3910      64.9960
     154    -159.0723      38.0425      58.7042
     155    -179.9622      65.2145      61.2731
     156    -174.5469      46.8973      79.0099
     157    -171.5970      55.7380      89.0554
     158    -178.7202      51.9621      58.0218
     159    -174.1768      56.5125      71.5807
     160     176.4429      66.6835      55.5562
     161     179.4650      75.0675      63.0894
     162    -178.8971      59.1331      57.7248
     163     178.8500      56.2271      78.2262
     164    -173.7042      40.5625      96.0557
     165    -173.5633      51.2297      86.6142
     166     -98.2810     -57.6086     145.5564
     167     -56.2773     -77.5680    -164.4913
     168     -59.3029     -62.4931     163.7464
     169     -84.9478     -54.6321     172.4594
     170     -69.2794     -68.5970     154.6348
     171     169.3553      62.0431      47.2922
     172    -159.8651      35.8260      87.8451
     173    -169.7268      58.2788      82.5234
     174    -177.6886      50.2417      78.2746
     175    -172.1883      71.0857      75.6489
     176    -174.2809      53.6230      74.7540
     177     -80.6192     -63.3728     162.9345
     178    -173.6832      65.9684      60.0858
     179     179.6556      76.9889      54.8916
     180    -177.1328      53.7516      84.8402
     181    -174.3891      53.0492      70.2430
     182    -170.3702      54.7507      59.1788
     183    -165.7566      39.6343      81.4339
     184    -175.8996      55.3950      73.0818
     185     -85.2248     -73.1890     171.2571
     186     -80.7661     -49.4045     155.7836
     187    -102.4200     -44.6918     153.4680
     188    -173.8586      47.5366      82.3091
     189    -153.3330      52.9098      63.4750
     190     -79.3393     -69.8071     171.7040
     191    -172.4684      58.2954      77.0232
     192     175.8674      71.7124      59.7478
     193     178.2972      60.0094      67.4193
     194    -176.6898      49.6945      86.9412
     195    -174.9060      56.5677      78.7793
     196     179.5785      60.1168      40.6204
     197    -171.2096      44.7242      92.6370
     198    -176.1178      44.8073      79.0400
     199    -179.4553      41.5752      73.0913
     200     179.7243      54.6386      85.6079
     201    -178.7472      55.9714      43.5086
     202    -162.2238      43.7963      61.9329
     203     175.6519      62.7532      60.8098
     204    -171.4641      50.8359      72.3395
     205     173.6391      56.5010     104.4317
     206    -167.1986      39.0619      81.6239
     207    -178.4276      56.6594      42.4838
     208    -161.9854      39.8997      99.5279
     209    -159.6266      47.7851      76.9910
     210     -92.9037     -48.2958     153.8413
     211     -81.5657     -37.1918     127.1873
     212     -69.4860     -58.2798     179.0879
     213    -172.5915      41.7552      60.2214
     214     179.2650      50.2739      64.9591
     215    -168.4869      52.6357      95.3920
     216    -171.8274      49.1863      95.1839
     217     -74.2154     -57.5063     174.3554
     218     -70.4286     -61.4436     -18.2652
     219    -176.0459      64.8831     -99.8862
     220    -169.6978      63.8398    -110.3994
     221    -171.0336      49.2769     -97.0482
     222    -172.6392      54.8300     -88.1978
     223    -168.9714      45.1920     -83.7005
     224    -143.8023      24.1674     -78.0302
     225    -177.5994      48.9029     -94.9265
     226    -171.4520      67.7290    -102.7937
     227    -177.3032      49.4812     -94.2802
     228    -167.2019      45.8343    -102.5621
     229    -178.7651      45.7889    -125.5214
     230    -179.4220      66.6747    -101.0761
     231    -162.2212      48.8388     -81.9258
     232    -167.7808      65.4083    -113.2953
     233    -172.5909      61.0311    -128.6704
     234     -77.1453     -74.1291     164.2165
     235    -173.4771      52.7768      81.3530
     236    -173.5201      71.4227      65.1229
     237     176.6103      54.3854      60.3312
     238     177.2994      63.1433      94.4764
     239    -170.0345      42.5505      93.2794
     240    -168.5090      34.8034      85.3583
     241    -158.2038      75.7330      72.8463
     242     173.9417      55.1911      61.9531
     243     178.6859      70.6377      85.4995
     244    -169.3399      59.5568      77.6427
     245     178.3084      60.6341      69.8501
     246    -166.7200      59.3656      46.1657
     247    -178.9839      61.5497      80.0788
     248    -172.8756      48.9385      81.3448
     249    -177.5413      62.4003      70.6753
     250    -169.8779      60.3976      80.1813
     251    -163.4256      62.2432      76.0557
     252    -173.6357      50.0633    -101.5779
     253     167.2451      57.7461     -97.0195
     254    -153.4174      67.8648    -110.9974
     255    -164.5717      56.2321     -94.9001
     256    -164.6632      60.5155    -106.0208
     257     170.0025      58.0611    -102.3134
     258    -163.8252      38.5615    -102.7895
     259     175.6628      57.3204    -144.7584
     260    -161.2178      51.8058    -104.6189
     261    -168.4116      63.0423    -101.4837
     262    -171.2612      56.4778    -130.4911
     263    -167.7331      41.9342     -89.1877
     264     -59.7135     -53.3127     -29.9096
     265     -95.3026     -38.5487     -44.3988
     266    -177.5173      44.3929     -92.7358
     267     172.8621      53.3865    -119.2278
     268    -174.6262      73.1808     -89.7806
     269    -167.9871      49.5627    -101.8366
     270    -169.9224      56.1341    -109.1524
     271    -168.0168      44.3081     -72.7800
     272    -174.4390      61.8264     -79.7344
     273    -172.1768      51.9916     -92.4628
     274     171.6883      58.4671    -136.3754
     275    -167.5460      45.6660    -103.8725
     276    -173.2594      47.1467    -101.1366
     277    -176.8614      54.0063     -86.6232
     278    -167.5102      50.8030     -95.1523
     279    -168.9102      51.8949     -79.6133
     280    -161.6340      41.4517    -108.6431
     281    -172.9595      54.8965    -100.0982
     282     177.5865      63.3748     -96.3017
     283    -170.0971      50.3403     -95.0400
     284     175.3301      81.6992     -96.6598
     285    -178.8310      68.3480     -92.0824
     286    -163.9010      38.5742     -96.4152
     287    -176.9464      55.0116     -81.3576
     288    -170.9263      61.1854    -105.7403
     289     169.6675      60.7000    -127.5755
     290    -167.8337      55.5414     -98.4103
     291    -159.7144      41.0370     -83.7123
     292    -177.8627      45.8595    -112.8338
     293    -169.3456      39.2843    -117.3041
     294    -173.5807      58.4825     -86.9823
     295    -176.0909      65.1715    -126.2877
     296    -172.0575      41.1541    -108.6555
     297    -162.0317      45.9011     -89.3696
     298    -169.4236      46.6198     -82.6870
     299    -168.9735      55.4574     -83.9063
     300    -179.5231      51.1937    -115.1315
     301    -175.8190      85.7471    -118.6298
     302    -159.2048      78.5886    -106.1529
     303    -172.4547      51.1214    -133.5024
     304     -79.8296     -73.0010      -4.4416
     305     -79.3333     -57.5715     153.0320
     306    -175.2693      69.4441      70.0124
     307    -161.1505      52.1982      74.1490
     308    -175.3248      56.8631      76.1127
     309     -59.4431     -62.9951     144.6271
     310    -104.0290     -53.1656     164.9189
     311     -69.4140     -42.2308     154.2264
     312     168.5506      65.4336     -33.6642
     313     178.0064      61.2296     -85.7970
     314    -176.3786      44.1777    -112.0933
     315    -172.4812      45.7145    -106.5546
     316    -169.6716      57.6387    -108.7026
     317     -84.4331     -55.1693     -44.8887
     318    -167.1370      55.0972    -122.8337
     319    -166.2970      61.3714    -100.3590
     320    -142.9582      27.1428     -86.8458
     321    -172.2374      52.2699    -117.8744
     322    -165.7935      39.0653    -100.3784
     323    -162.5425      23.7926    -101.8822
     324    -156.6884      17.0200     -75.3615
     325    -166.4327      45.3505     -85.8951
     326    -177.3309      61.4419    -127.7121
     327    -171.6758      56.4997     -90.9772
     328     -78.2262     -54.0751     -39.9643
     329     -76.4237     -43.9773     -50.4901
     330    -176.4326      52.8779     -89.4534
     331    -151.9962      60.0930    -133.1984
     332    -178.0221      59.3782      62.4943
     333     178.3780      61.9639      96.4417
     334    -163.5592      36.3590      97.4681
     335    -160.2888      44.0453      66.1632
     336    -175.9437      57.3606      80.4219
     337    -168.8704      44.7492      78.1354
     338     -84.3420     -71.6881     153.1329
     339     -65.5777     -47.1652     150.9427
     340     173.8021      58.4223      97.3703
     341    -175.4822      66.7651      57.0590
     342     -68.0657     -65.3561     135.8477
     343     -59.5900     -51.6591     156.4981
     344     168.2025      59.9579      86.3021
     345    -169.9853      46.6020      81.9988
     346    -171.6551      51.6348      69.8454
     347     176.8834      61.1956      93.3785
     348    -164.2112      48.6067      59.1990
     349    -169.2954      58.6919      64.2831
     350    -168.3887      51.5839      97.6709
     351    -159.7398      42.4528      89.9840
     352    -177.7555      50.3408      43.0308
     353    -156.5261      35.1021     101.6494
     354     -81.9141     -70.4490     156.5915
     355     -67.7909     -53.0040    -174.1823
     356     -68.7756     -51.9587     150.3884
     357     -63.3519     -63.2721     142.4045
     358     -67.5293     -63.3197     156.8835
     359     -44.1006     -70.9775     174.7603
     360    -160.3066      38.6390      64.7490
     361     177.2414      43.0721      58.7872
     362    -170.0981      41.0325      79.0934
     363    -168.5616      46.3309      61.9248
     364    -176.4437      67.5571      34.4845
     365    -164.6434      42.8087      85.9102
     366    -173.1577      56.7460      42.1891
     367    -154.8327      29.1089      81.8852
     368    -172.9643      49.6892      77.4454
     369     178.0727      62.3635      99.8932
     370    -155.8793      37.6118      82.2903
     371    -159.6416      64.6364      42.2536
     372    -167.9326      55.7834      41.1588
     373     -74.7879     -81.4441    -179.2100
     374     -75.5173     -54.6795     160.4128
     375    -177.3086      50.3901      55.0030
     376    -167.0434      35.0684      84.5681
     377    -159.7142      31.3697      87.0444
     378     -80.8705     -65.6110     172.0456
     379     -73.0974     -58.1097     141.2046
     380    -169.5430      68.0239      79.5866
     381    -177.4893      58.8374      82.7867
     382    -175.4282      56.0536      88.2357
     383    -172.9355      44.5174     110.5898
     384    -173.3429      46.5516      88.8687
     385    -165.5511      15.5271      65.3272
     386     -72.1921     -37.4555     148.3352
     387     -66.6788     -51.4990     104.3700
     388     -57.3115     -73.5438     161.1167
     389     -88.1223     -48.4820     146.6164
     390     -84.8806     -58.6439     -36.0007
     391     -89.3974     -62.9529     -10.0526
     392     179.4575      48.8263     -83.1112
     393    -169.4729      49.7921    -110.7953
     394    -166.0341      36.6168    -116.7252
     395    -164.4558      44.7047     -97.1054
     396    -170.3259      45.3147     -99.4001
     397    -177.2453      53.3461     -91.9785
     398     177.8203      54.3389     -91.0227
     399     178.8390      54.8566    -103.5736
     400    -174.1182      55.5308     -99.1138
     401    -177.0154      48.7087      84.4665
     402    -168.1292      61.4244      64.2688
     403    -170.0674      36.9209      60.1248
     404    -166.8427      56.4391      87.7961
     405     176.4883      64.8906      73.5498
     406    -170.1351      38.0747      60.2628
     407    -167.4502      40.4979      70.1125
     408    -171.6778      49.3384      96.8971
     409    -168.4705      50.5917      94.0337
     410    -170.9834      54.1635      58.0678
     411    -166.6055      24.2973      83.7220
     412    -171.5096      31.1358      76.9797
     413    -175.0385      54.9491      88.6248
     414    -176.9702      62.0364      82.1890
     415    -170.7647      55.9610      75.5998
     416    -177.2550      74.0939      43.5939
     417    -170.0844      53.3596      75.9315
     418    -179.9743      56.6163      46.3895
     419    -177.5940      54.5481      76.7476
     420    -178.3102      58.5793      84.8911
     421    -166.0046      41.1109    -102.5314
     422    -176.1903      36.9540    -105.9733
     423    -169.9458      61.7110     -92.1397
     424     179.8185      36.6555    -105.5287
     425     179.3585      30.3052      59.3856
     426     179.2909      56.2205      71.5568
     427     -58.8671     -53.2957     134.6583
     428     -61.1717     -44.7394     127.0264
     429     -70.2783     -26.4317     135.6751
     430     -60.6801     -58.0094     142.0818
     431     -69.8626     -57.5907     -44.0659
     432    -165.8836      63.5898    -128.8861
     433    -176.9187      56.6020     125.1116
     434    -171.5184      47.9455      71.1138
     435    -171.2682      58.0676      85.8128
     436    -158.0025      38.0523      90.9590
     437    -168.2333      51.1096      68.8351
     438    -171.6906      50.7482      83.8048
     439     176.0828      66.6513      79.1874
     440    -167.9966      73.3769      60.4908
     441    -160.5175      43.9508      80.4244
     442    -178.4047      58.0559      52.1363
     443     -83.8208     -54.6193     135.2081
     444    -168.4545      44.5437      69.0749
     445    -175.4154      39.9948      81.8025
     446    -173.4561      63.6203      63.6711
     447    -171.4479      66.7763      65.3982
     448    -168.0417      64.6196      32.3067
     449    -155.6186      52.5883      63.6264
     450    -175.3761      80.1384      62.4156
     451    -162.9461      42.3083      87.8399
     452    -166.4986      55.0409      69.7332
     453    -178.8096      48.7756      88.2458
     454    -179.2869      61.5800      73.1590
     455    -162.7272      29.7472      85.5374
     456     -82.2586     -70.2914     166.4571
     457     -56.5192     -69.7548    -175.9142
     458    -163.1185      36.0268      66.5677
     459    -153.8268      44.2884      62.2728
     460    -170.9024      49.7222      71.1806
     461    -175.3846      54.8182      79.0077
     462    -175.5036      59.5335      41.8712
     463    -169.9149      64.0080      59.6454
     464    -178.3351      43.9225      68.7625
     465    -165.1516      44.1278     100.4637
     466    -177.4415      58.3559      73.5217
     467     179.0903      50.1210      87.9484
     468     177.9239      46.2391      54.5868
     469    -174.9733      60.5159      48.8318
     470    -173.9152      49.7730      77.2373
     471    -177.9084      77.3442      52.5456
     472     -82.6822     -64.8676     174.1248
     473     -51.2975     -61.7300     166.4274
     474     -66.6582     -61.0144     151.2666
     475    -105.9097     -38.3919     -38.0334
     476     -74.8769     -76.5883      -4.4274
     477     -68.4758     -59.7296     -31.0998
     478     -64.2304     -62.8076     -31.0954
     479     -66.2581     -52.9604     -34.4246
     480    -178.7776      57.2604     -79.6106
     481    -179.8354      72.2568    -121.6785
     482    -172.3093      57.2043    -119.1148
     483    -172.2910      55.3361    -111.7247
     484    -167.0130      55.8269    -117.9817
     485    -177.8350      61.5906    -120.6094
     486    -170.9927      44.4478    -103.3400
     487     171.9409      58.1545    -142.8033
     488     -74.8242     -54.6043     -17.9392
     489     -77.4729     -57.5489     -46.5815
     490     -67.3893     -69.5232     -21.7939
     491    -173.8669      56.7250    -103.6075
     492    -167.9601      43.8704    -106.8506
     493     -82.4956     -68.0712       7.0834
     494    -174.7120      48.3218     -94.3818
     495     177.6211      61.0416     -97.2961
     496     179.6080      59.0051     -84.8745
     497     178.2944      42.8439    -107.8709
     498    -160.1278      63.0918    -133.0433
     499    -172.4018      43.3139     -67.5045
     500    -171.9361      49.9900     -93.6858
     501    -170.2923      50.3962     -78.8785
     502    -167.7715      46.8746     -93.3669
     503    -178.2680      50.9562     -89.6054
     504     -76.7536     -67.0086     -14.1564
     505     -79.5719     -65.8157      -8.3671
     506    -174.0961      50.4286     -75.4637
     507    -179.3484      68.6328    -102.4844
     508    -167.9218      44.8761     -80.7679
     509     -79.4957     -62.0788     -36.4781
     510     -90.3352     -50.3044     -29.5765
     511     -80.0301     -61.7734      -7.9217
     512     -80.2473     -53.6733     -35.0532
     513    -178.5506      59.5092     -96.6773
     514    -167.9780      51.0210     -89.1402
     515    -165.1770      34.7905    -107.6443
     516    -173.7128      50.1709     -96.6753
     517    -170.0055      38.8184     -78.8510
     518    -164.5455      35.4966     -79.1365
     519    -172.5397      43.1081     -97.8079
     520    -176.6969      63.4290      78.9662
     521    -163.9484      35.5969      68.5261
     522     178.3929      62.4654      67.1319
     523    -174.2655      37.6942      69.2123
     524    -175.8595      68.6119      46.8581
     525    -169.7670      56.0316     -94.3292
     526     -71.2879     -72.8663     -19.9846
     527     -94.9459     -61.9918      21.2244
     528     -76.6515     -77.2163     -10.6158
     529     178.1291      66.6170     -99.3027
     530    -168.5570      49.5896     -82.4361
     531    -178.0439      55.0768    -102.9627
     532     179.3582      58.8162     -91.6915
     533     175.3100      51.3038     -98.1727
     534    -166.7728      51.2541     -91.1537
     535    -175.5248      42.3717     -83.6108
     536    -178.7820      47.9571     -92.7355
     537     177.0873      68.1481    -104.0954
     538    -166.2835      43.9566     -83.7968
     539    -165.8180      35.8745     -79.7087
     540    -176.7772      66.7034     -97.1784
     541     174.0631      60.6058    -133.3335
     542    -173.1194      50.7868     -88.3630
     543     -88.7512     -79.9689       0.7234
     544     -65.4609     -56.1098     -37.3394
     545     -91.0942     -58.9111     -30.1962
     546    -175.2973      50.8340    -107.8023
     547     178.9379      45.3994     -96.9796
     548    -170.0628      46.1155     -82.9462
     549    -172.1762      50.3167     -98.5128
     550    -178.5288      61.3865    -103.6197
     551     178.5721      55.4926    -115.7628
     552    -177.2362      65.3317    -122.4337
     553    -175.3963      43.2212    -106.4548
     554    -170.4279      46.1892     -89.7350
     555    -178.3653      52.5116     -94.9297
     556    -167.0596      55.5469     -86.6586
     557    -177.3874      71.2350     -87.4099
     558     -81.7846     -56.5484     -89.3387
     559     -76.0382     -58.2152     -12.6741
     560     -92.0765     -66.4178     -37.4986
     561     -90.3822     -33.8220     -42.6916
     562    -178.7944      57.6070     -66.5722
     563    -111.6248     -48.2226     -19.2610
     564    -178.2042      55.9091     -83.6670
     565    -167.8757      43.5617    -109.8962
     566    -173.1469      45.6900    -110.9644
     567    -177.6654      63.1296    -110.0417
     568     -97.5236     -69.0217     -32.1075
     569     -74.8100     -56.7257     -42.2011
     570    -172.4073      52.7159     -96.6068
     571    -171.4515      54.7657     -78.6428
     572    -166.4435      58.3035     -95.0809
     573    -178.4255      58.2509    -115.2656
     574    -161.6994      39.3789     -77.0997
     575    -177.0221      45.1561     -89.6846
     576    -175.7117      65.7145    -156.7068
     577    -168.6208      46.8010    -114.2971
     578    -172.6107      48.3612      84.0601
     579    -174.6776      50.5806      68.8369
     580    -169.4224      35.3141      76.3654
     581     179.9394      43.4987      56.6155
     582     178.4717      44.7440      81.6882
     583    -176.2501      68.2948      65.9727
     584    -178.8308      60.8654      50.6029
     585     -61.8118     -75.3167     155.4746
     586    -171.0303      49.4953      76.6809
     587     -87.3922     -71.5865    -179.5357
     588    -179.7401      52.8856      89.6214
     589    -171.3323      62.6954      63.5796
     590    -151.9942      69.5862      57.8845
     591    -175.7527      66.4557      67.1679
     592    -155.4343      30.7786      67.8571
     593    -170.1214      58.7608      88.1861
     594    -170.3656      66.0827      95.3313
     595    -163.9138      42.8786      70.2930
     596     178.4417      47.8184      90.5794
     597    -166.0248      54.0232      85.7676
     598    -158.2092      49.9764      74.6714
     599    -172.2397      66.2629      66.1046
     600    -174.0072      47.4740     -83.0306
     601    -168.6737      43.2349    -101.3147
     602    -174.5515      64.5379    -159.6080
     603     175.7669      60.8101     -96.2685
     604    -172.4355      49.0004     -89.7531
     605    -171.8767      58.8917     -79.2900
     606    -172.3020      41.3692     -95.4885
     607    -152.0788      20.4158     -97.5488
     608     172.3169      62.6780     -88.1306
     609     178.7080      43.1892     -90.4187
     610    -171.4036      46.5161    -111.8326
     611    -173.1814      63.0640    -114.7608
     612    -165.2608      54.3798     -98.6226
     613     -77.3529     -58.5235     149.8280
     614    -167.5431      38.5472      75.5797
     615    -169.4122      44.6114      91.0863
     616    -170.7757      60.4918      72.2949
     617    -170.6483      37.3594      71.7927
     618    -170.5696      44.5524      74.1158
     619     173.1898      52.6663      84.5957
     620    -168.2475      40.8638      99.6753
     621    -165.3431      50.3381      86.7270
     622    -174.7159      65.0490      62.2384
     623    -163.6646      70.9198      44.9654
     624    -161.7789      46.2065      79.3060
     625    -178.0476      78.8244      40.9170
     626     179.6755      59.9368      99.2886
     627    -178.3130      64.2934      61.1624
     628    -177.4600      54.8393      87.3923
     629    -173.2188      60.0113      79.4184
     630    -173.8754      45.7377      76.0966
     631    -167.8715      54.9318      77.4531
     632    -171.8479      51.7718      61.2896
     633    -165.3361      52.6322      69.8043
     634     -90.8414     -77.3985     175.2661
     635    -173.9409      63.7489      51.2429
     636     179.1005      58.5482      82.8595
     637    -179.1278      48.0347      69.4872
     638    -176.6642      48.5135      90.7026
     639    -173.8055      45.9468      74.2930
     640    -170.3930      55.7412      88.2700
     641    -158.5433      53.6088      71.7712
     642     176.1413      63.9713    -105.2020
     643    -172.5262      53.1618     -85.8295
     644     171.8491      60.7937     -87.6120
     645     167.0796      71.3120    -115.5282
     646    -169.1398      38.7531    -101.1558
     647     178.6734      56.8833    -135.6651
     648    -156.3312      14.6167      72.6070
     649    -179.9552      48.3774      80.3689
     650    -177.5776      61.4085      53.5731
     651     175.5620      65.0346      84.3171
     652     167.3548      69.3325      69.6023
     653    -179.1944      54.4177      93.7057
     654    -176.9329      50.3156      52.8206
     655    -168.1498      66.7401      70.4235
     656     -81.1486     -59.7556     149.2604
     657     -76.3124     -58.9158     136.1967
     658     -69.5946     -53.6036     146.2813
     659    -175.7197      52.5963      67.3135
     660     169.6810      56.2297      71.3914
     661     -64.1295     -73.3357     143.8825
     662    -167.6250      74.4236      57.8399
     663    -159.1083      41.1236      76.3542
     664    -163.6867      37.7431      84.6436
     665     178.8376      62.7150      16.2501
     666     -86.9133     -70.9370     159.7010
     667     -68.1477     -72.5169     161.8103
     668     -68.6149     -64.7748     154.4342
     669     -75.3576     -65.3211     164.2809
     670     -74.6307     -62.9195     142.6810
     671     -78.6106     -81.9537       1.5385
     672     -82.4554     -72.0925      -8.9770
     673    -168.5487      46.4787    -105.7792
     674    -167.9859      51.3864     -80.7296
     675    -173.8726      46.0606      77.4124
     676    -164.0611      41.5972      98.2588
     677    -167.4496      39.0044      89.4940
     678    -170.9320      47.3637      57.6370
     679    -174.0901      41.3427      81.1995
     680    -171.2311      49.2033      88.8215
     681    -169.9856      50.4732      74.8290
     682     179.5591      55.3406      71.4935
     683     -73.3560     -68.7639     172.2812
     684    -179.4214      64.9244      86.3371
     685    -171.0428      38.4892      87.5572
     686    -171.8168      46.2974      86.2661
     687     177.8686      63.4564      49.1844
     688     -79.3969     -70.9051     140.8464
     689    -101.2298     -52.1315     162.1072
     690     -66.7469     -51.6460     131.8182
     691     -83.4874     -60.6466     139.1989
     692    -168.4593      41.6294      92.5304
     693     -74.7953     -70.9542    -174.2515
     694     -73.6309     -66.9149     119.7199
     695    -160.1703      58.1606      74.4181
     696     -56.8319     -65.7757     168.9624
     697     -69.3192     -68.7236     137.6397
     698    -173.2234      52.8708      73.1999
     699     173.6832      72.7093      55.7705
     700    -179.2806      65.2497      70.3424
     701    -166.8854      31.5801      75.5116
     702    -177.4475      53.5811      75.7492
     703    -176.1164      54.4192      74.1252
     704     175.4695      61.0580    -118.7519
     705    -176.5738      60.9174     -83.7635
     706    -171.4361      53.3200     -97.1658
     707     159.1021      60.6805    -132.8158
     708    -166.4241      45.8862     -87.8666
     709     176.4695      61.1729     -96.1909
     710    -170.6043      40.9677     -67.9959
     711    -167.0270      44.9325     -87.5896
     712    -173.1718      49.1069     -96.1104
     713    -171.7085      36.6579     -79.3934
     714    -169.1031      58.8659    -120.3449
     715    -169.1915      45.0179    -129.0267
     716     179.6207      51.4620     -92.0266
     717     -60.6654     -53.2432     -41.9590
     718     -55.5954     -61.2901     -17.3879
     719     -73.4562     -59.7270     -15.7382
     720    -170.3325      46.6506     -85.2845
     721    -175.6738      58.2575    -134.0005
     722    -170.4328      53.2847    -102.8951
     723    -175.2500      46.8095    -100.2621
     724     171.3800      56.9777      80.9483
     725    -176.2982      60.9725      81.5846
     726    -169.1922      44.6525      71.1750
     727     179.1898      54.0832      53.2577
     728    -170.7637      43.4375      97.0850
     729    -165.3495      44.4244      88.0536
     730    -170.9032      52.5415      84.4366
     731    -162.0251      23.9836      72.0235
     732     -62.0666     -65.8261     166.4053
     733    -165.7157      42.0381      87.5816
     734    -172.8792      49.5969    -107.9637
     735    -170.5846      44.2162     -75.5253
     736    -170.4969      40.7577     -77.2010
     737     176.3261      41.2996    -105.2127
     738    -169.7354      56.5097     -84.0482
     739     176.3329      68.7335    -111.8342
     740     178.2836      52.5068    -107.8394
     741     -78.2089     -65.5294      26.0933
     742     -82.0278     -71.3576      -1.7499
     743     -64.9566     -51.3933     -18.1698
     744    -175.4360      54.1722     -90.7255
     745     170.6725      66.2494    -112.9391
     746    -160.0918      27.9653     -88.3141
     747    -161.7122      61.2450      32.2759
     748    -156.7633      76.2863     -78.5948
     749    -174.6663      50.7809    -111.5680
     750    -168.6484      48.6559     -93.3293
     751    -170.0278      44.9771     -76.0298
     752    -165.9790      66.9834    -127.1480
     753     -73.1088     -74.9522     -13.0990
     754     -64.0596     -63.1869     -14.6837
     755    -171.0368      56.5557     -89.1019
     756    -175.5791      61.2985    -101.5233
     757    -177.0979      49.9008    -131.6147
     758    -169.2716      53.2083     -87.3150
     759    -172.6495      54.9996    -100.3105
     760    -174.9443      51.5252     -86.1448
     761    -166.8706      40.0831    -102.0786
     762    -175.3221      54.4415     -94.4867
     763     -70.7955     -56.0069     -41.0456
     764    -172.8599      53.3340     -88.7290
     765    -161.4432      19.0366     -81.3410
     766    -175.9660      56.8326     -95.6098
     767    -171.1043      58.1529     -78.7547
     768     177.8625      65.5701    -101.2553
     769    -171.4348      47.5814     -95.3789
     770     -88.2675     -69.7578     -11.3759
     771    -164.9284      62.8323    -153.0483
     772     -92.1882     -59.5334     -21.1894
     773     -71.2734     -65.6111     -14.3074
     774    -170.4973      42.0042    -103.8905
     775    -173.1846      57.8031    -100.6369
     776    -170.9760      44.2509    -106.6324
     777     176.1998      53.6199     -87.6642
     778     179.5829      49.3080     -85.4765
     779     179.3507      50.8544     -97.4418
     780     -90.1248     -59.2826     -26.7106
     781    -176.5937      57.3693    -133.4837
     782    -170.5477      67.5534     -99.4487
     783    -167.1355      54.4227     -99.3961
     784     -92.8772     -67.1569       8.6536
     785     176.0254      66.0357    -104.8462
     786     179.2699      76.3357    -121.7437
     787    -172.7903      47.8324     -81.7209
     788    -170.9899      41.3811     -87.9475
     789    -178.2208      47.5591    -105.3702
     790    -171.6385      47.7978    -110.0291
     791    -175.8116      55.1935     -75.9625
     792    -173.5786      66.5379     -98.2819
     793     -85.5833     -75.7664     -10.9212
     794     -69.9169     -59.0351     -14.8118
     795     178.3897      57.2805    -101.5090
     796    -164.7795      52.5495    -107.4024
     797    -161.7375      35.8872     -91.6001
     798    -165.5400      41.5963     -87.0783
     799    -173.6232      42.8298    -110.5836
     800    -169.2182      65.3486    -116.6620
     801    -173.2981      49.8789     -92.6806
     802    -179.1454      54.8540     -96.4114
     803    -165.5034      44.1609    -109.9983
     804     177.3500      60.4299     -79.2180
     805     177.8709      65.7219     -85.4533
     806    -179.7095      58.2251    -104.6559
     807     170.3715      55.5906    -109.3901
     808    -171.2493      60.1801    -102.3923
     809    -166.9273      57.0300    -127.8574
     810    -175.8835      51.6207     -94.6451
     811    -176.5267      54.5355     -78.6490
     812    -171.3541      40.6991    -120.0943
     813    -171.1453      39.4684    -105.8999
     814    -172.9362      54.2193     -92.4166
     815    -175.4294      48.7585    -103.7602
     816    -172.6651      55.0387     -81.5848
     817    -174.8889      58.9850    -126.1742
     818     178.9309      67.2652     -86.7987
     819    -165.4351      52.1367     -83.9790
     820    -169.2057      51.7587    -102.7950
     821     -69.2168     -56.5865     -30.7509
     822    -173.4959      51.3243     -97.5053
     823    -157.1283      31.3948     -83.6646
     824    -170.8433      40.8438    -110.8390
     825    -168.6106      47.5803      62.9622
     826    -164.3593      56.5767      70.0404
     827     178.2420      59.4256     -93.5643
     828    -168.3235      53.5339     -88.7171
     829    -163.0379      61.6403     -68.1209
     830    -173.9380      59.1894    -110.9636
     831    -168.9234      46.9699    -112.1518
     832     173.7703      73.1783     -93.4327
     833     178.2627      55.9944    -110.7740
     834    -165.6337      41.4392    -117.0500
     835    -172.5127      51.9638     -70.1435
     836    -170.2561      56.3161    -126.8465
     837    -159.3872      52.1423    -120.9661
     838     172.0712      57.2384    -102.5799
     839    -172.8927      67.5576     -75.6464
     840    -169.1245      49.1145     -97.4334
     841    -163.0584      52.3235    -105.2293
     842    -168.2648      47.6846     -73.8132
     843    -166.5717      45.8402     -94.9982
     844    -169.3786      49.0188     -95.2469
     845    -172.9824      46.3052     -86.9151
     846     177.8270      51.3543     -92.9098
     847    -179.8111      47.6809     -94.7036
     848    -178.0887      61.2339     -95.9317
     849    -165.2199      40.1682     -70.4293
     850    -167.3873      39.2527     -88.4405
     851    -178.9403      47.8838     -98.2421
     852    -168.3302      56.1811     -87.7951
     853     179.5881      59.0816    -100.1910
     854    -174.3056      53.3170     -98.9814
     855    -171.2498      50.4979     -87.8030
     856    -178.0458      53.0544     -87.6900
     857    -164.4891      49.8677    -102.7587
     858    -160.9912      33.3431    -106.6847
     859    -153.9601      57.9574      55.5167
     860    -171.0433      51.4685      70.8964
     861    -177.3089      53.5409      84.8910
     862     175.9157      66.9282      87.6025
     863    -166.3712      51.4727      45.7214
     864     177.1071      61.2340      64.4723
     865    -176.0238      59.5779      73.0639
     866    -171.1530      51.3277      56.9404
     867     -68.2673     -57.5302     153.0670
     868     -70.5878     -88.3165    -159.1296
     869    -162.8165      45.3457      59.1320
     870    -176.8090      37.7795     -64.5393
     871    -160.6391      29.3422     -94.0094
     872    -178.3626      53.4502     -80.6490
     873    -102.6289     -52.4050     -39.7842
     874    -175.0472      56.7955    -108.2007
     875    -151.6499      75.2730    -103.7203
     876    -175.3414      45.4783     -79.0440
     877     176.1252      54.2687    -131.1783
     878     179.3003      54.9699    -102.8292
     879    -172.5866      52.0854    -102.6947
     880    -172.2367      51.7909     -83.6308
     881    -172.3787      54.6568     -89.7612
     882    -177.0791      55.9953     -99.9005
     883     -95.9003     -52.4688     -19.3483
     884     -88.1966     -54.7528     -59.0053
     885    -157.2408      58.7547    -117.2194
     886    -171.3131      63.5351    -110.8488
     887    -167.3403      41.1440     -92.8186
     888     179.0107      57.9550     -97.3262
     889    -171.8541      66.2628    -117.0099
     890    -169.4605      46.2851     -86.3124
     891    -179.5045      48.9437     -96.1818
     892    -171.9687      53.6220     -84.7889
     893    -170.7288      43.4675     -79.7257
     894     176.0170      59.1594     -99.3599
     895    -163.3592      39.9167     -94.6784
     896    -174.5801      43.6410    -123.8688
     897    -156.6568      33.6066     -76.3064
     898    -175.5378      48.3386     -90.3331
     899    -167.6838      42.1794    -114.0745
     900    -170.2414      43.3244     -76.9316
     901    -170.1702      55.8317    -104.0555
     902     -83.9221     -71.3124      -7.2389
     903     -90.2874     -57.8996     -38.7756
     904    -170.6002      50.5779     -92.0747
     905     -76.1118     -71.1086     -25.8302
     906     -68.3919     -48.2383     -48.4944
     907    -167.6499      53.1618     -66.2677
     908    -170.5318      43.2947    -104.7867
     909     173.3717      64.7391    -105.7182
     910     -70.0769     -84.4407       0.4319
     911     -77.0494     -64.7966      -7.7378
     912    -172.6638      42.8916     -75.8599
     913     179.6123      67.0411    -120.3703
     914    -179.6427      63.4373    -170.7029
     915    -163.6363      32.5361     -94.6337
     916    -165.2298      49.0926     -96.4964
     917    -172.2121      59.7185    -143.4730
     918    -164.0278      50.9656    -108.1713
     919    -175.7730      60.2771     -92.1084
     920    -173.6772      50.2285     -97.7975
     921    -172.2085      49.6321     -90.5031
     922    -170.0511      51.6048    -123.8828
     923    -166.7743      54.1878     -87.5003
     924    -162.9715      38.1964     -86.6125
     925    -156.6698      23.1493     -74.8908
     926    -167.7072      44.5702    -107.1528
     927    -174.2606      49.9588     -81.3577
     928    -179.3896      54.8455     -98.8423
     929     174.0630      62.8120    -127.1243
     930     177.5776      64.3900     -97.8783
     931    -163.9678      68.3004    -121.4472
     932    -171.3446      49.7811    -135.7015
     933    -179.5280      53.1713    -116.3619
     934    -175.7287      54.4549    -105.4583
     935    -165.9513      66.4322     -95.8147
     936    -174.6468      61.7154    -102.0113
     937     177.9993      68.3771     -91.6642
     938    -170.9195      46.8979     -86.4122
     939     179.6323      60.9670    -110.8423
     940    -179.1029      69.8629     -97.9796
     941    -165.5985      48.3742     -91.5213
     942    -163.5271      59.0691    -100.3430
     943    -161.9475      47.4220     -93.8197
     944     178.4632      63.0889    -103.7227
     945    -171.2617      56.5840     -90.2191
     946     177.4746      59.1561     -81.5306
     947    -170.8364      68.4257    -109.9450
     948    -179.4885      63.4861    -129.6307
     949     176.4496      70.2071    -102.0017
     950    -170.9228      53.4543    -101.8261
     951    -160.1241      41.7857     -83.6400
     952    -173.7075      63.5445    -147.0407
     953    -176.0649      57.1573    -104.3129
     954    -171.1297      54.9634     -98.1465
     955    -152.5471      58.3702    -119.1703
     956     -76.4837     -59.7233     -30.6148
     957    -168.4717      47.3990     -88.7199
     958    -172.3592      69.5310     -94.2230
     959    -176.4800      55.9640     -83.0272
     960    -146.6921      56.3386     -80.8755
     961     173.1564      50.8426    -115.2382
     962    -172.5408      62.4749    -135.9004
     963    -170.0332      49.5513     -99.1817
     964    -165.0483      56.9573    -111.9380
     965    -161.5626      41.4200     -81.1063
     966     177.1551      62.4464    -101.3600
     967     -92.2847     -45.3394     148.1758
     968    -178.7197      51.5720      90.1635
     969    -174.4984      60.4997      78.9555
     970    -157.5632      46.6167      48.6305
     971    -178.8064      48.4039      77.6134
     972    -166.2563      46.0033      77.7242
     973    -157.9589      39.1389      68.0580
     974    -170.9864      42.9106      98.3998
     975    -172.4113      45.1172      88.1474
     976    -177.0238      59.2703      82.5478
     977    -168.5231      44.8801      88.5386
     978    -167.3646      47.5969      60.0714
     979    -167.1407      44.0678     -96.7063
     980    -170.3830      58.0495     -98.2797
     981    -162.5507      49.9562     -93.8734
     982    -172.1342      49.8378    -102.8059
     983    -179.6574      52.3952    -102.9161
     984    -174.3646      57.5791     -88.0405
     985    -164.5341      44.4605     -86.6800
     986    -166.5609      52.2255    -102.3101
     987     172.6288      66.8565     -83.8033
     988    -172.2701      51.8519     -93.7235
     989    -167.2341      43.8516     -95.8350
     990    -177.6335      49.8526     -96.2351
     991    -171.8148      46.4952    -105.1901
     992     177.3867      53.6790     -99.5454
     993     -86.2263     -64.3891     -39.3121
     994     -78.4397     -54.9789     -52.2860
     995    -156.5965      38.7765    -104.7182
     996     -63.3938     -59.4843     -72.4939
     997     -58.1761     -56.5815     -25.2235
     998     -57.3807     -60.6413     -19.8288
     999     -78.2027     -40.3231     -37.8940
    1000     -77.8003     -75.4147      -2.3954
