#Frame        phi:120
       1     -55.3055
       2     -74.7153
       3     -69.3337
       4     -61.4573
       5     -57.9396
       6    -101.1270
       7     -88.3727
       8     -79.0124
       9     -75.6142
      10     -64.0534
      11     -86.4728
      12     -61.8300
      13     -76.0485
      14     -84.8954
      15     -64.3220
      16     -64.8088
      17     -66.4294
      18     -79.6096
      19     -67.3099
      20     -52.6799
      21     -46.3879
      22     -58.7098
      23     -59.8976
      24     -62.3660
      25     -73.0229
      26     -71.1626
      27    -114.6747
      28     -72.4517
      29     -69.1612
      30     -70.2646
      31     -71.0691
      32     -77.7723
      33     -68.6504
      34     -74.3215
      35     -90.6601
      36     -76.4281
      37     -68.9435
      38     -55.9607
      39     -53.0043
      40     -73.7235
      41     -88.4691
      42     -34.0952
      43     -57.8759
      44     -70.9434
      45     -59.3331
      46     -65.8982
      47     -71.6328
      48     -79.0550
      49     -61.7307
      50     -83.9992
      51     -60.5238
      52     -78.6346
      53     -53.3845
      54     -81.1061
      55     -71.4759
      56     -61.1850
      57     -68.7845
      58     -70.7499
      59     -63.4656
      60     -61.4748
      61     -86.4730
      62     -67.0846
      63     -77.9667
      64     -72.2645
      65     -65.7938
      66     -69.3053
      67     -69.6066
      68     -61.8159
      69     -47.6190
      70     -59.2777
      71     -86.8850
      72     -77.9460
      73     -54.5659
      74     -61.4036
      75     -86.1753
      76     -67.6021
      77     -61.4355
      78     -69.6867
      79     -65.7956
      80     -85.1487
      81     -62.6400
      82     -61.6218
      83     -60.1988
      84     -75.2350
      85     -61.8039
      86     -58.7268
      87     -70.4307
      88     -76.1660
      89     -58.2227
      90     -80.3984
      91     -79.8191
      92     -82.0022
      93     -59.7750
      94     -76.4585
      95     -68.0598
      96     -70.6454
      97     -86.9810
      98     -73.1701
      99     -81.0348
     100     -54.4384
     101     -62.4565
     102     -77.2183
     103     -55.2885
     104     -88.8659
     105     -92.8173
     106     -43.7332
     107    -114.8523
     108     -63.4824
     109     -85.8401
     110     -67.4127
     111     -63.7006
     112     -74.3559
     113     -60.6652
     114     -66.5580
     115     -65.6308
     116     -77.9277
     117     -71.8595
     118     -75.6624
     119     -78.8442
     120     -79.4693
     121     -82.2912
     122     -64.3591
     123     -78.9584
     124     -75.9158
     125     -59.1336
     126    -109.9212
     127     -67.2536
     128     -86.4028
     129     -77.0445
     130     -80.4973
     131     -58.7917
     132     -69.1583
     133     -69.1570
     134     -77.0692
     135     -50.9769
     136     -79.8598
     137     -81.9685
     138     -75.3559
     139     -61.7741
     140     -77.9056
     141     -54.2569
     142     -67.6873
     143     -66.6091
     144     -84.8845
     145     -75.9106
     146     -65.2280
     147     -91.2193
     148     -54.5760
     149     -61.2196
     150     -90.1464
     151     -77.2165
     152     -68.0707
     153     -70.8938
     154     -46.7750
     155     -69.2838
     156     -57.6380
     157     -67.3239
     158     -67.8483
     159     -61.8802
     160     -67.0695
     161     -58.9592
     162     -70.8350
     163     -78.4374
     164     -68.9891
     165     -79.5068
     166     -88.5514
     167     -57.8265
     168     -71.8243
     169     -68.0995
     170     -61.9652
     171     -74.4613
     172     -75.0482
     173     -53.4588
     174     -76.1449
     175     -61.4977
     176     -66.9048
     177     -70.8756
     178     -58.6615
     179     -64.8456
     180     -83.0270
     181     -69.4317
     182     -91.0826
     183     -63.0707
     184     -56.6788
     185     -60.4132
     186     -67.0819
     187     -36.3218
     188     -53.1136
     189     -67.7986
     190     -53.0691
     191     -45.7017
     192     -56.2680
     193     -64.9165
     194     -79.0321
     195     -67.0512
     196     -72.7106
     197     -63.4763
     198     -88.4203
     199     -74.7671
     200     -85.0967
     201     -77.1551
     202     -54.9277
     203     -54.1705
     204     -69.2625
     205     -70.8660
     206     -85.0040
     207     -70.8517
     208     -72.8359
     209     -97.6619
     210     -57.7622
     211     -92.1821
     212     -79.3546
     213     -76.0583
     214     -57.6528
     215     -69.6884
     216     -94.1290
     217     -77.3596
     218    -109.5812
     219     -61.6314
     220     -58.0184
     221     -44.0578
     222     -70.0978
     223     -59.9118
     224     -67.7943
     225     -65.7327
     226     -50.3799
     227     -78.6314
     228     -58.7068
     229     -66.2384
     230     -62.8150
     231     -54.7710
     232     -71.2168
     233     -65.2206
     234     -58.3705
     235     -70.8082
     236     -77.3567
     237     -73.3757
     238     -78.5992
     239     -71.1260
     240     -63.7804
     241     -89.3296
     242     -66.4572
     243     -68.2712
     244     -63.8301
     245     -84.0385
     246     -51.7903
     247     -80.5756
     248     -69.3155
     249     -82.7521
     250     -70.7519
     251     -44.5299
     252     -76.4167
     253     -61.1754
     254     -68.7150
     255     -59.9828
     256     -70.7089
     257     -61.5920
     258     -63.7452
     259     -65.2743
     260     -44.9866
     261     -64.0242
     262     -55.7064
     263     -91.0401
     264     -76.8855
     265     -68.9041
     266     -57.5050
     267     -53.4190
     268     -63.0951
     269     -66.9358
     270     -60.4805
     271     -67.1359
     272     -86.5561
     273     -77.0323
     274     -75.6278
     275     -66.0756
     276     -66.2509
     277     -74.4967
     278     -55.6554
     279     -51.3721
     280     -71.1319
     281     -52.5936
     282     -57.1118
     283     -70.1033
     284     -95.0728
     285     -63.9022
     286     -71.2548
     287     -68.9229
     288     -70.0837
     289     -46.2707
     290    -104.9170
     291     -47.1020
     292     -79.9263
     293     -80.1585
     294     -78.3546
     295     -68.7229
     296     -46.9165
     297     -54.9571
     298     -66.5637
     299     -85.2908
     300     -84.6011
     301     -75.2143
     302     -70.9852
     303     -69.4140
     304     -55.6316
     305     -74.7596
     306     -69.2890
     307     -68.4694
     308     -74.6344
     309     -71.8554
     310     -60.1875
     311     -65.6061
     312     -85.5703
     313     -73.4556
     314     -84.5056
     315     -64.3557
     316     -80.3080
     317     -77.1958
     318     -49.9027
     319     -50.6503
     320     -75.3630
     321     -54.2810
     322     -61.3814
     323     -67.6493
     324     -83.8826
     325     -79.4659
     326     -60.2171
     327     -79.1497
     328     -55.9207
     329     -81.5630
     330     -80.5401
     331     -82.6386
     332     -80.6944
     333     -69.9959
     334     -67.3484
     335     -62.1191
     336     -68.5421
     337     -63.7921
     338     -71.9396
     339     -81.0564
     340     -79.1103
     341     -99.4912
     342     -95.9297
     343     -95.7836
     344     -79.3050
     345     -85.9880
     346    -118.7297
     347     -66.5576
     348     -75.3466
     349     -74.0419
     350     -78.7868
     351     -73.8871
     352     -80.7423
     353     -64.9236
     354     -71.1911
     355     -59.1766
     356     -73.6360
     357     -86.0384
     358     -89.9118
     359     -82.2258
     360     -71.6959
     361     -97.7712
     362     -69.9641
     363     -68.0804
     364     -65.5140
     365     -61.7149
     366     -46.0309
     367     -74.8235
     368     -52.6892
     369     -64.8874
     370     -58.3492
     371     -80.2943
     372     -64.5481
     373     -72.9358
     374     -63.4601
     375     -60.9565
     376     -70.5695
     377     -59.6040
     378     -84.7436
     379     -93.4929
     380     -82.3503
     381     -68.2126
     382     -78.9887
     383     -81.8546
     384     -79.3076
     385     -80.4387
     386     -87.8980
     387     -84.3070
     388     -81.1833
     389     -68.7276
     390     -78.7548
     391     -73.3981
     392     -72.2682
     393     -87.9150
     394     -60.4692
     395     -44.6341
     396     -56.3432
     397     -74.3933
     398     -54.5996
     399     -54.3999
     400     -79.0059
     401     -76.3468
     402     -67.9440
     403     -74.6713
     404     -62.5538
     405     -67.4675
     406     -63.4618
     407     -75.9782
     408     -84.0948
     409     -82.5262
     410     -66.2810
     411     -98.2650
     412     -68.0263
     413     -88.0185
     414     -67.1038
     415     -64.8624
     416     -72.2714
     417     -42.8120
     418     -63.6366
     419     -57.4715
     420     -70.1902
     421     -61.0160
     422     -68.8624
     423     -81.8567
     424     -75.5468
     425    -100.3725
     426     -68.0344
     427     -91.2158
     428     -77.1466
     429     -86.8360
     430     -81.6262
     431     -65.0276
     432    -111.6316
     433     -72.7842
     434     -81.0445
     435     -72.2682
     436     -48.1369
     437     -69.8811
     438     -59.3866
     439     -55.0479
     440     -64.4919
     441     -70.6626
     442     -73.0630
     443     -81.2613
     444     -78.3946
     445     -62.8898
     446     -58.5534
     447     -67.1391
     448     -52.8149
     449     -37.1946
     450     -77.5399
     451     -70.8538
     452     -82.5243
     453     -81.9972
     454     -70.0275
     455     -66.2269
     456     -61.1098
     457     -96.1229
     458     -91.4739
     459     -66.8390
     460     -70.7341
     461     -72.4971
     462     -71.1323
     463     -63.8006
     464     -59.0241
     465     -82.7533
     466     -79.2914
     467     -63.8673
     468     -54.6264
     469     -68.3034
     470     -81.0244
     471     -69.2644
     472     -69.3673
     473     -81.5018
     474     -56.7035
     475     -63.8586
     476     -55.6237
     477     -70.5956
     478     -72.1925
     479     -52.8167
     480     -78.3428
     481     -69.0638
     482     -61.7161
     483     -68.9435
     484     -73.0914
     485     -59.7546
     486     -81.4463
     487     -58.6325
     488     -71.4347
     489     -50.2063
     490     -63.9765
     491     -63.5914
     492     -70.3344
     493     -65.9667
     494     -67.8670
     495     -80.2561
     496     -61.0606
     497     -67.3306
     498     -73.2094
     499     -59.3916
     500     -64.5687
     501     -63.2859
     502     -67.4214
     503     -70.9565
     504     -62.9229
     505     -91.6362
     506     -89.0677
     507     -72.9571
     508     -79.7256
     509     -70.5953
     510     -55.6044
     511     -79.0434
     512     -74.7835
     513     -67.4626
     514     -55.5582
     515     -65.9707
     516     -92.0122
     517     -79.6763
     518     -63.2278
     519     -56.0904
     520     -66.2371
     521     -55.6640
     522     -59.9019
     523     -70.6771
     524     -65.3028
     525     -52.2959
     526     -77.9924
     527     -57.4358
     528     -64.5290
     529     -69.0350
     530     -62.6839
     531     -69.0010
     532     -59.1638
     533     -66.3172
     534     -47.7397
     535     -74.2078
     536     -77.7973
     537     -57.7151
     538     -69.3439
     539     -78.6408
     540     -68.1025
     541     -71.2329
     542     -71.5358
     543     -80.3938
     544     -67.8670
     545     -59.3040
     546     -62.0502
     547     -61.6270
     548     -58.0956
     549     -65.6526
     550     -85.0278
     551     -77.3000
     552     -73.3607
     553     -49.4465
     554     -86.0507
     555     -80.7451
     556     -66.4977
     557     -57.8495
     558     -76.5762
     559     -57.8363
     560     -63.7813
     561     -79.9457
     562     -54.3323
     563     -65.7797
     564     -76.2427
     565     -80.4053
     566     -60.4765
     567     -63.6213
     568     -73.8972
     569     -70.5891
     570     -67.0237
     571     -84.9193
     572     -57.0559
     573     -95.5283
     574     -65.4441
     575     -70.0210
     576     -82.2274
     577     -70.2026
     578     -72.4855
     579     -73.2255
     580     -85.5838
     581     -93.8820
     582     -70.2612
     583     -45.7492
     584     -70.8107
     585     -61.7190
     586     -77.6334
     587     -64.6129
     588    -103.0006
     589     -46.9651
     590     -73.5221
     591     -64.3268
     592     -65.5770
     593     -72.3522
     594     -82.2385
     595     -63.9392
     596     -71.4691
     597     -66.1305
     598     -57.1447
     599     -87.2720
     600     -59.5359
     601     -75.1879
     602     -64.7096
     603     -73.6679
     604     -77.7679
     605     -60.2724
     606     -70.0046
     607     -65.4311
     608     -94.7689
     609     -82.9514
     610     -72.3171
     611     -53.3850
     612     -92.0302
     613     -50.0178
     614     -69.1489
     615     -71.1469
     616     -55.5324
     617     -68.8695
     618     -69.2537
     619     -54.1101
     620     -55.3132
     621     -53.4637
     622     -61.3510
     623     -84.1433
     624     -69.4358
     625     -63.3808
     626     -77.4036
     627     -73.0080
     628     -76.9054
     629     -65.8930
     630     -96.7567
     631     -63.5955
     632     -78.8619
     633     -81.0656
     634    -100.6685
     635     -80.1822
     636     -74.4533
     637     -86.8771
     638     -67.6875
     639     -79.8250
     640     -65.3337
     641     -73.7855
     642     -61.3406
     643     -71.2991
     644     -65.8370
     645     -61.3993
     646     -57.3884
     647     -67.1152
     648     -75.8012
     649     -63.1327
     650     -64.9631
     651     -64.5510
     652     -66.4231
     653     -76.9575
     654     -49.1266
     655     -60.1441
     656     -62.4942
     657     -67.2573
     658     -69.4493
     659     -67.8081
     660     -69.8754
     661     -67.4102
     662     -74.1341
     663     -72.5081
     664     -56.7339
     665     -57.9431
     666     -61.2567
     667     -67.6217
     668     -62.3126
     669     -64.2737
     670     -59.3673
     671     -69.1082
     672     -71.5776
     673     -75.4589
     674     -61.7610
     675     -79.7858
     676     -63.0890
     677     -73.0168
     678     -57.7832
     679     -72.1787
     680     -60.8377
     681     -71.4039
     682     -90.4506
     683     -67.3367
     684     -73.2455
     685     -63.8079
     686     -88.4928
     687     -66.5240
     688     -81.1998
     689     -57.4877
     690     -61.7657
     691     -64.0715
     692     -78.0701
     693     -73.0249
     694     -71.7550
     695     -73.1186
     696     -88.1097
     697     -57.2398
     698     -78.2847
     699     -94.7856
     700     -35.3045
     701     -81.9148
     702     -76.0715
     703     -67.0574
     704     -63.6556
     705     -72.8723
     706     -67.2788
     707     -61.9298
     708     -80.0022
     709     -76.6648
     710     -86.7391
     711     -53.8457
     712     -76.3161
     713     -72.4261
     714     -56.8450
     715     -57.0284
     716     -71.9188
     717     -54.3369
     718     -65.8913
     719     -64.0852
     720     -80.8750
     721     -74.8832
     722     -74.6914
     723     -67.4605
     724     -67.4865
     725    -118.5265
     726     -50.0257
     727     -57.2192
     728     -74.3477
     729     -66.0230
     730     -67.9524
     731     -77.0016
     732    -104.3658
     733     -65.8544
     734     -69.3177
     735     -82.1082
     736     -85.8365
     737     -73.2559
     738     -88.6124
     739     -72.9537
     740     -90.2161
     741     -75.3178
     742     -82.7313
     743     -86.8501
     744     -58.5664
     745     -79.1876
     746     -66.1111
     747     -82.0089
     748     -67.1023
     749     -79.9716
     750     -54.2033
     751     -53.0748
     752     -77.0957
     753     -68.2861
     754     -55.8645
     755     -58.4077
     756     -71.2475
     757     -63.3777
     758     -62.7174
     759     -60.5946
     760     -80.1883
     761     -76.4399
     762     -64.8090
     763     -61.4337
     764     -50.1421
     765     -57.6643
     766     -83.0803
     767     -56.8193
     768     -74.3326
     769     -88.1523
     770     -73.9572
     771     -61.7500
     772     -56.8429
     773     -58.6289
     774     -67.9358
     775     -66.3417
     776     -66.1763
     777     -64.4619
     778     -61.9781
     779     -71.6896
     780     -60.3865
     781     -61.5826
     782     -71.3010
     783     -67.1232
     784     -53.1739
     785     -78.5840
     786     -80.6670
     787     -83.9079
     788     -74.4998
     789     -64.2956
     790     -65.2644
     791     -81.8274
     792     -62.3826
     793     -82.9316
     794     -74.3745
     795     -75.1452
     796     -97.7047
     797    -128.9224
     798     -71.5731
     799     -66.8537
     800     -81.8221
     801     -64.0903
     802     -60.9412
     803     -66.9158
     804     -79.1086
     805     -60.4163
     806     -74.4273
     807     -79.1090
     808     -59.0842
     809     -79.1840
     810     -63.0943
     811     -65.8021
     812     -63.7663
     813     -55.1816
     814     -64.6796
     815     -69.6874
     816     -82.0564
     817     -84.7085
     818     -65.2803
     819     -73.6093
     820     -79.6837
     821     -55.2657
     822     -69.8026
     823     -75.6576
     824     -70.8735
     825     -68.3911
     826     -61.4913
     827     -67.9098
     828     -47.6693
     829     -74.6165
     830     -79.6592
     831     -43.4991
     832     -74.1424
     833     -73.3758
     834     -55.9438
     835     -79.4239
     836     -62.4379
     837     -68.3094
     838     -64.7516
     839     -59.8885
     840     -68.7651
     841     -71.2486
     842     -71.0002
     843     -65.3804
     844     -58.2992
     845     -65.8415
     846     -74.9534
     847     -78.6808
     848     -61.4538
     849     -75.1243
     850     -64.1225
     851     -82.6662
     852     -78.7877
     853     -63.6451
     854    -101.1394
     855     -70.8461
     856     -60.0645
     857     -72.1145
     858     -63.6631
     859     -61.2472
     860     -61.4694
     861     -72.0419
     862     -82.8760
     863     -60.9155
     864     -66.1275
     865     -70.4506
     866     -64.9007
     867     -64.2010
     868     -69.3247
     869     -69.6604
     870     -81.2216
     871     -60.3880
     872     -70.8657
     873     -65.9860
     874     -60.7304
     875     -78.9295
     876     -76.3329
     877     -82.5222
     878     -87.9318
     879     -67.7989
     880     -84.8762
     881     -74.4697
     882     -95.1554
     883     -57.6729
     884     -51.2736
     885     -38.0855
     886     -63.5412
     887     -59.7096
     888     -80.6343
     889     -58.4933
     890     -82.1984
     891     -72.4716
     892     -69.3070
     893     -74.2239
     894     -60.2693
     895     -68.1530
     896     -85.3011
     897     -71.9137
     898     -60.6288
     899     -74.3784
     900     -75.5707
     901     -63.6057
     902     -50.3581
     903     -60.3047
     904     -68.9359
     905     -67.7944
     906     -51.5981
     907     -64.9205
     908     -58.9742
     909    -142.6065
     910     -75.3760
     911     -60.4109
     912     -82.4859
     913     -68.0108
     914     -52.5303
     915     -70.3597
     916     -65.6765
     917     -83.7509
     918     -56.3661
     919     -81.7503
     920     -65.0141
     921     -59.8991
     922     -68.3351
     923     -81.0524
     924     -81.9081
     925     -69.7669
     926     -80.8061
     927     -62.2168
     928     -65.6871
     929     -69.2248
     930     -60.8450
     931     -77.3891
     932     -83.9764
     933     -78.9672
     934     -59.8976
     935     -58.7951
     936     -70.9359
     937     -86.5445
     938     -61.2425
     939     -67.4615
     940     -64.7210
     941     -62.7208
     942     -65.2429
     943     -67.7824
     944     -77.2551
     945     -67.8277
     946     -77.5438
     947     -67.7753
     948     -64.4652
     949     -68.6118
     950     -58.0004
     951     -65.4325
     952     -58.5695
     953     -64.2178
     954     -79.0367
     955     -54.0008
     956     -61.5064
     957     -57.7087
     958     -75.7323
     959     -89.2835
     960     -76.5869
     961     -83.1454
     962     -56.1780
     963     -66.3268
     964     -71.5209
     965     -79.2973
     966     -67.4839
     967     -56.0438
     968     -54.9267
     969     -75.0803
     970     -68.2390
     971     -80.8750
     972     -60.9198
     973     -63.6736
     974     -91.0777
     975     -75.6315
     976     -67.2891
     977     -71.5766
     978     -50.1062
     979     -75.7557
     980     -59.7604
     981     -83.9669
     982     -60.4789
     983     -59.8599
     984    -126.4083
     985     -66.8394
     986     -65.4561
     987     -54.5876
     988     -69.6008
     989     -61.0178
     990     -67.3710
     991     -60.2518
     992     -65.8097
     993     -66.0506
     994     -60.7899
     995     -57.9998
     996     -91.6603
     997     -71.6258
     998     -84.9761
     999     -71.6578
    1000     -70.9329
