#Frame     o_angle_m1   o_angle_m2
       1       4.6594       8.7818
       2       3.7336       4.4980
       3       6.9314       3.7557
       4       4.5568      10.2785
       5       9.4809       2.4368
       6       2.5980       4.7925
       7       6.2522       5.6466
       8       6.8522       9.4029
       9       3.0503       4.8141
      10       5.3830       5.9226
      11       8.2458       2.7607
      12       2.5628       4.1458
      13       2.3661       4.3196
      14       4.0449       1.3138
      15       4.6856       3.3134
      16       5.8783       3.9156
      17       4.6063       7.2406
      18       2.7085       1.2106
      19       4.9170       2.8154
      20       5.6004       5.2549
      21       6.6390       1.8663
      22       6.3360       3.6850
      23       6.1704       7.0084
      24       4.6270       5.9859
      25       5.4749       4.3586
      26       4.1878       7.0254
      27       3.1351       4.4800
      28       5.0527       4.5721
      29       5.0040       5.9461
      30       4.8463       1.7978
      31       4.1253       4.0675
      32       3.7382       5.9541
      33       2.0460       4.5992
      34       9.3510       3.9450
      35       5.3504       6.0791
      36       5.6681       5.3082
      37       3.1787       3.6190
      38       1.3036       4.9466
      39       3.9988       2.7812
      40       2.6559       4.4058
      41       3.8719       1.9621
      42       5.3383       3.2155
      43       3.7843       4.4828
      44       4.8511       2.7569
      45       3.8603       6.3256
      46       7.1270       6.2906
      47       5.2321       4.5652
      48       3.9936       5.5429
      49       6.5630       2.4258
      50       2.5714       3.4404
      51       4.6548       3.0692
      52       5.7963       1.4699
      53       5.4913       0.2001
      54       4.7772       3.7955
      55       5.0495       6.8430
      56       6.3751       3.5514
      57       4.8205       4.7757
      58       5.5441       4.9793
      59       2.7020       3.7488
      60       3.8094       5.0787
      61       2.9033       2.1883
      62       6.4441       4.9199
      63       1.9707       7.0760
      64       4.4021       1.0836
      65       4.3945       3.8154
      66       4.4498       6.2262
      67       3.0347       2.2168
      68       4.8005       3.4989
      69       3.4873       5.9506
      70       1.5627       1.5764
      71       6.8580       4.0121
      72       3.8502       5.2864
      73       5.0052       6.8356
      74       3.8100       1.6496
      75       5.4600       3.8890
      76       4.5733       5.0720
      77       4.9164       4.7719
      78       2.4125       5.8848
      79       4.5123       1.7999
      80       1.2078       1.6297
      81       2.5112       4.9961
      82       4.5986       4.0245
      83       0.2744       3.8402
      84       4.2564       2.7994
      85       4.8792       3.8261
      86       0.9588       4.7607
      87       0.6039       5.2316
      88       3.6020       7.9127
      89       6.9737       4.8596
      90       5.8514       3.6399
      91       5.8254       5.2811
      92       2.7066       6.6364
      93       4.3779       5.9597
      94       2.5166       3.5881
      95       3.0138       3.9227
      96       6.0034       2.3416
      97       3.9718       2.7233
      98       7.7699       0.9267
      99       3.3812       2.6689
     100       5.9533       2.6957
     101       4.0323       4.6472
     102       3.2789       5.0545
     103       7.2861       6.9886
     104       3.0793       1.2858
     105       4.8518       4.6846
     106       4.4425       5.2045
     107       7.1295       4.8297
     108       5.8046       5.6161
     109       6.9444       4.6481
     110       5.3946       6.3156
     111       8.7469       5.6826
     112       2.5532       4.4142
     113       3.8602       5.6749
     114       0.6591       5.9561
     115       3.7078       1.6350
     116       3.4197       6.0743
     117       5.9458       2.6297
     118       3.0484       5.8257
     119       4.4796       2.8196
     120       4.1377       5.4289
     121       5.1044       4.5915
     122       2.9297       3.4807
     123       3.8343       1.0856
     124       5.3470       2.6070
     125       3.0483       8.0663
     126       7.3822       5.4134
     127       2.5110       2.6897
     128       5.5537       5.3984
     129       3.2537       6.0827
     130       3.0853       5.2807
     131       6.0199       5.4887
     132       4.6282       4.1306
     133       7.7937       2.4884
     134       3.9423       3.0278
     135       2.0545       4.3453
     136       0.9781       3.9501
     137       2.5169       5.3040
     138       3.2784       5.1370
     139       4.9266       2.8797
     140       2.5224       5.5618
     141       2.6364       3.2035
     142       2.0420       5.1635
     143       4.4560       6.2425
     144       3.5028       6.6676
     145       4.1658       5.2667
     146       5.0264       6.6587
     147       4.4264       9.0911
     148       3.1922       4.8962
     149       1.8685       0.8060
     150       2.3982       4.1720
     151       2.6894       4.1096
     152       6.3053       5.3974
     153       3.8516       5.9071
     154       6.7340       4.6171
     155       3.5544       2.3246
     156       5.5487       6.0988
     157       6.1403       4.8130
     158       6.3889       6.6215
     159       5.1742       4.8938
     160       5.1164       5.8120
     161       6.4581       6.8560
     162       7.0738       6.9497
     163       4.4485       5.0126
     164       5.0551       5.6589
     165       2.8860       4.8466
     166       4.0490       5.2076
     167       3.4942       3.0968
     168       4.4885       1.2712
     169       5.3157       4.9209
     170       3.1384       7.2438
     171       8.0300       2.2829
     172       5.0517       3.6107
     173       2.0005       5.8735
     174       6.8283       4.1084
     175       5.2488       3.8064
     176       1.1799       6.1268
     177       4.2992       6.6129
     178       5.5613       4.1783
     179       5.1761       1.7224
     180       2.6602       0.7531
     181       5.1503       1.4458
     182       1.8076       5.8056
     183       8.9113       4.1580
     184       4.0370       5.7113
     185       5.3594       4.2125
     186       3.2649       0.8811
     187       3.1238       3.8102
     188       2.6002       5.8192
     189       4.0661       5.0046
     190       2.8429       3.3196
     191       4.4331       4.2058
     192       2.1121       6.2072
     193       3.7184       5.9328
     194       5.0359       2.8898
     195       5.2785       3.5698
     196       4.4226       3.8005
     197       5.7196       4.2846
     198       3.5585       2.5345
     199       5.2853       5.7060
     200       6.6239       1.8189
     201       5.6080       4.1697
     202       3.5864       6.4596
     203       3.8242       5.7848
     204       3.5122       3.3675
     205       4.5933       1.6022
     206       4.2958       2.3501
     207       4.7371       1.7708
     208       6.5623       4.9116
     209       4.7056       3.7776
     210       3.3386       6.6793
     211       4.1615       6.6976
     212       4.7262       6.6042
     213       1.9341       5.1663
     214       3.6735       4.5611
     215       3.1163       5.3149
     216       4.3007       5.3668
     217       4.4728       5.6573
     218       5.6796       8.5108
     219       8.6339       6.0982
     220       7.5989       4.9406
     221       4.4064       5.0842
     222       2.3418       2.4581
     223       5.5356       4.8256
     224       4.6781       4.8306
     225       4.5620       5.0248
     226       4.7606       3.8800
     227       6.9910       3.7693
     228       4.6029       5.9769
     229       3.6206       8.4960
     230       3.2316       5.5963
     231       4.5853       4.1859
     232       3.0103       1.5204
     233       2.9309       1.4440
     234       6.2904       3.3659
     235       4.1092       2.6666
     236       3.8896       1.4686
     237       6.2316       3.1713
     238       2.3175       2.8528
     239       2.3058       4.0889
     240       0.7295       6.0044
     241       6.6350       7.1362
     242       6.4585       4.6144
     243       4.0074       3.3137
     244       6.1137       2.6215
     245       3.3094       3.3847
     246       6.6122       7.6875
     247       4.4414       4.2478
     248       6.5004       5.7375
     249       3.4180       5.3397
     250       2.6712       4.6265
     251       6.7333       3.9848
     252       3.1618       1.3593
     253       4.3933       6.0853
     254       2.9375       4.1114
     255       1.5863       0.6435
     256       5.2456       3.7804
     257       5.3928       4.5484
     258       2.8497       4.4996
     259       6.3561       2.3025
     260       7.3239       2.0740
     261       6.1945       1.7560
     262       6.1024       5.6230
     263       9.0396       4.1276
     264       6.8733       5.0337
     265       7.4467       7.1128
     266       2.6138       1.6307
     267       6.4097       0.9534
     268       6.3939       5.4042
     269       7.3787       3.5174
     270       4.2562       5.4342
     271       6.9716       4.1559
     272       7.9112       4.2748
     273       6.1439       1.3132
     274       5.0005       5.3524
     275       6.2518       3.4090
     276       4.7070       2.6691
     277       5.0206       5.5574
     278       4.6876       3.8936
     279       6.6826       4.6252
     280       5.9793       3.0886
     281       2.1003       3.3662
     282       3.9476       4.8415
     283       4.7887       4.8081
     284       5.3989       6.9479
     285       3.4382       4.1186
     286       4.1129       4.9875
     287       4.1941       6.8173
     288       0.9829       4.3867
     289       2.1484       4.6211
     290       1.2600       6.9507
     291       1.4717       3.8046
     292       2.7465       4.8033
     293       3.1403       3.6295
     294       4.5773       3.7409
     295       1.2497       4.5840
     296       2.3390       6.5718
     297       2.3602       3.6377
     298       4.3573       5.0326
     299       2.1412       4.8054
     300       3.2973       2.1500
     301       2.3008       0.3526
     302       5.6230       4.0362
     303       5.2718       0.8444
     304       2.4035       2.7533
     305       3.5708       4.5321
     306       4.2264       5.1295
     307       6.7459       3.3366
     308       6.8106       4.0851
     309       1.7735       7.5059
     310       3.1761       6.4226
     311       4.9655       2.0030
     312       3.4010       6.0859
     313       4.8207       3.2606
     314       2.2484       3.4434
     315       5.6398       6.6596
     316       5.9481       2.1265
     317       3.6654       5.1040
     318       7.1870       4.7997
     319       5.7767       4.8507
     320       5.8813       1.7858
     321       5.6099       4.9185
     322       5.9157       7.3288
     323       4.7424       2.7031
     324       1.2192       1.0972
     325       3.6515       1.9632
     326       5.3108       6.1406
     327       3.9411       3.3382
     328       3.0129       3.6728
     329       5.4894       3.9424
     330       4.7191       5.8012
     331       7.0749       2.7579
     332       2.3748       7.6916
     333       4.6772       3.1094
     334       2.9973       4.5532
     335       2.2706       2.7555
     336       7.3046       4.1418
     337       2.9672       2.9198
     338       3.7933       4.6001
     339       4.0167       6.6322
     340       3.3628       6.0396
     341       3.3792       2.9281
     342       5.7068       5.1867
     343       1.2641       8.7326
     344       4.8626       5.2508
     345       5.6625       6.4060
     346       3.9883       7.8808
     347       3.7660       2.3104
     348       6.1696       4.3485
     349       3.4892       3.0427
     350       3.5144       2.9661
     351       3.3080       3.0733
     352       3.4610       0.4467
     353       3.7295       2.5979
     354       4.7676       6.5819
     355       5.5371       1.0111
     356       3.9771       4.3617
     357       4.7673       6.2358
     358       5.4702       6.4673
     359       3.9148       5.1123
     360       1.9909       4.5616
     361       4.5711       3.2040
     362       4.3032       7.6451
     363       8.1988       6.1189
     364       7.1192       4.4329
     365       5.6506       5.5701
     366       5.4331      10.3592
     367       3.6941       8.5781
     368       3.8934       4.7542
     369       4.7170       8.4993
     370       5.2650       9.7480
     371       3.2617       9.4406
     372       2.2808       7.2411
     373       2.0973       7.6334
     374       3.2563       5.1775
     375       0.9971       4.1785
     376       3.3268       7.1216
     377       4.8412       7.2273
     378       4.6186       3.2017
     379       4.5564       1.3984
     380       2.7237       0.4611
     381       4.9810       6.1224
     382       5.8368       4.9851
     383       4.7022       3.3112
     384       4.3971       6.5437
     385       6.6107       4.4609
     386       3.4752       5.7668
     387       5.0692       7.5837
     388       1.7419       6.9112
     389       2.3164       2.4155
     390       2.4375      10.3697
     391       5.7290       6.8636
     392       1.5253       8.7929
     393       1.3104       7.7908
     394       4.2631       4.8980
     395       3.5692       5.5286
     396       2.7879       7.8191
     397       0.7303       8.7424
     398       1.8084       7.5275
     399       1.2354       3.6004
     400       2.1847       6.3034
     401       5.2557       3.0579
     402       0.7075       4.5724
     403       3.3172       5.8125
     404       0.2557       8.3652
     405       3.9948       7.9858
     406       5.0219       9.6355
     407       2.8013       5.8668
     408       3.4194       7.9580
     409       4.2018       3.4746
     410       7.1327       3.9065
     411       3.8702       0.6412
     412       5.8210       2.6397
     413       4.6162       5.4972
     414       2.6435       5.3017
     415       6.3467       5.4767
     416       2.3179       6.6197
     417       5.8221       4.1397
     418       5.1389       6.4936
     419       1.6732       1.9983
     420       6.2715       3.9900
     421       2.0569       3.1533
     422       2.1428       5.5966
     423       4.1498       3.2070
     424       5.5036       9.2957
     425       3.9778       4.1402
     426       0.5549       6.2724
     427       2.7031       5.7089
     428       5.3536       5.8139
     429       2.8027       4.5852
     430       0.9300       7.2159
     431       2.1321       3.5618
     432       2.9286      11.3940
     433       2.7867       7.5480
     434       4.7802       4.6654
     435       4.8825       4.7792
     436       1.4369       7.3075
     437       4.5659       5.6335
     438       2.0799       3.0509
     439       4.2519       1.6460
     440       6.1443       5.1702
     441       8.0396       6.2074
     442       2.5471       4.6863
     443       4.3060       5.4895
     444       6.5981       4.8154
     445       5.4048       3.9563
     446       3.1622       4.1360
     447       6.2958       4.5347
     448       5.0089       4.7201
     449       4.7002       5.0363
     450       6.4235       1.9319
     451       3.0665       1.8564
     452       6.0667       4.1412
     453       5.2326       3.5024
     454       6.5992       2.1001
     455       7.0453       3.7042
     456       4.4411       2.2796
     457       4.3468       3.9838
     458       5.8090       2.8478
     459       3.9657       6.0517
     460       2.7823       3.8489
     461       4.9439       4.2083
     462       2.0320       2.8663
     463       4.8651       6.2399
     464       1.9766       7.0200
     465       3.1374       7.3472
     466       4.2737       4.9929
     467       3.7701       2.1511
     468       2.6893       2.7897
     469       5.7656       5.4130
     470       4.3634       5.8284
     471       3.2053       3.0222
     472       4.1371       2.5483
     473       5.2270       2.1402
     474       2.3159       1.5916
     475       2.9144       5.2685
     476       5.8449       6.7420
     477       3.6649       4.4176
     478       4.8874       0.9287
     479       3.3136       2.7520
     480       5.8388       2.6774
     481       4.2708       4.2539
     482       5.9950       0.7943
     483       5.1937       5.5946
     484       8.3005       3.8365
     485       4.5612       7.4794
     486       4.1745      11.3276
     487       3.9458       4.8642
     488       4.4130       4.7268
     489       2.6699       4.9405
     490       5.6236       7.2150
     491       0.9195       4.1093
     492       4.6975       7.7724
     493       1.4517       6.1445
     494       0.5936       5.1059
     495       3.7681       4.8862
     496       5.6669       6.4125
     497       5.9111       5.3808
     498       3.0495       5.4955
     499       6.3464       5.9792
     500       6.2510       2.3894
     501       5.9932       3.9040
     502       2.0295       1.5483
     503       9.2119       4.3709
     504       4.0341       6.1394
     505       0.9038       5.3788
     506       4.1251       7.7755
     507       1.7633       3.9971
     508       5.3580       6.6409
     509       2.9768       5.7021
     510       2.9870       6.5872
     511       3.6016       2.7990
     512       3.8231       5.7278
     513       2.6257       6.2399
     514       1.5581       6.7151
     515       3.3892       2.6211
     516       4.8209       5.7081
     517       1.3471       9.4514
     518       3.3864       2.8560
     519       0.3690       5.9236
     520       4.0743       4.0010
     521       0.3660       7.5583
     522       2.9989       5.6803
     523       3.2922       4.2037
     524       5.9098       5.1920
     525       3.1397       5.2631
     526       0.8628       4.3124
     527       3.9034       1.2405
     528       1.7917       3.0826
     529       2.9509       5.0086
     530       3.2199       6.2354
     531       2.7149       3.2753
     532       1.5964       3.5072
     533       3.0892       3.5580
     534       3.9549       0.6656
     535       2.7032       4.8938
     536       4.9980       3.0593
     537       4.4087       0.6187
     538       3.4424       4.5460
     539       1.3872       3.6566
     540       2.9618       8.2349
     541       2.4598       2.3924
     542       5.7259       6.6404
     543       2.1426       5.6372
     544       3.0361       7.4193
     545       4.2204       8.1445
     546       6.4129       5.0162
     547       2.2941       3.7314
     548       2.8388       7.2481
     549       3.2340       3.6653
     550       7.3247       4.3564
     551       3.6249       6.8017
     552       2.2471       3.7816
     553       6.3215       1.7765
     554       2.5512       6.2095
     555       2.2367       3.1710
     556       2.5128       9.9691
     557       5.1207       4.3256
     558       6.4428       5.4739
     559       9.6193       3.9759
     560       4.9230       4.4045
     561       4.6460       4.0455
     562       3.1792       6.3992
     563       1.8357       3.5571
     564       4.7094       6.3348
     565       4.0410       9.0856
     566       7.2402       7.6115
     567       2.2241       9.0552
     568       1.6575       9.2826
     569       2.5278       6.9542
     570       5.8709       8.3409
     571       4.2566       8.1226
     572       5.0225       4.7727
     573       5.8313       5.5972
     574       8.5655       5.5334
     575       0.7499       6.6086
     576       2.5297       5.4824
     577       1.1701       6.5241
     578       5.2109       6.6127
     579       3.1940       5.6475
     580       5.5696       4.8211
     581       0.9049       5.1866
     582       2.2508       7.2837
     583       3.4324       5.8445
     584       3.8466       3.8870
     585       6.4551       1.0674
     586       7.7961       3.0221
     587       3.0271       7.1513
     588       1.4837       5.2728
     589       6.3468       4.3495
     590       4.8019       7.7668
     591       0.9197       6.1335
     592       5.5033       5.0240
     593       5.6333       3.6338
     594       4.0386       7.8904
     595       3.1391       6.3410
     596       3.7959       3.9057
     597       0.8094       5.4177
     598       2.1596       6.4911
     599       3.4833       2.7137
     600       2.7220       2.7557
     601       5.4559       2.0343
     602       2.6224       0.4542
     603       4.4372       7.2526
     604       2.7224       6.1012
     605       5.5558       3.6022
     606       2.8082       3.9339
     607       1.9265       1.7096
     608       0.8371       4.6665
     609       3.2077       6.3065
     610       2.3678       4.3905
     611       2.3489       0.9678
     612       3.2995       4.4415
     613       5.9245       7.2346
     614       6.8056       6.7273
     615       4.6520       2.6657
     616       3.7672       5.8327
     617       2.1196       4.0121
     618       3.2267       4.9031
     619       4.5629       4.5789
     620       7.3660       2.2348
     621       6.2145       4.7914
     622       2.4615       3.5901
     623       3.3862       6.5913
     624       2.7526       6.1989
     625       4.5892       4.9534
     626       1.7758       1.8037
     627       3.9629       2.4229
     628       1.0651       2.6624
     629       4.0694       2.7956
     630       4.2841       3.1183
     631       3.6031       8.1912
     632       4.5088      10.1172
     633       7.4423       7.6100
     634       3.3106       2.5089
     635       4.4656       5.3490
     636       3.4784       3.9866
     637       4.0446       3.2883
     638       4.2462       1.6215
     639       2.7110       5.8934
     640       4.5265       4.6364
     641       3.1771       5.4697
     642       3.4502       2.5421
     643       2.9776       2.0932
     644       7.1487       3.4487
     645       3.6563       3.6858
     646       2.7405       5.7326
     647       4.5398       4.3959
     648       2.6214       3.7540
     649       3.8523       3.7984
     650       4.8970       3.5275
     651       3.7239       1.6777
     652       4.4216       1.7618
     653       5.8500       2.2600
     654       5.4263       6.3001
     655       3.5866       7.8907
     656       6.5904       3.5566
     657       0.5312       5.0985
     658       5.1120       3.9648
     659       2.0714       5.5752
     660       1.8584       3.2687
     661       3.7654       5.1083
     662       5.6860       3.0840
     663      10.9799       1.9894
     664       8.9922       6.3509
     665       3.7644       1.7193
     666       7.3098       2.9328
     667       6.9407       2.5475
     668       4.7353       1.6209
     669       5.3531       1.1669
     670       4.0984       2.1932
     671       5.1925       7.1530
     672       4.3320       3.1300
     673       3.2661       4.1405
     674       5.7230       7.2425
     675       3.9455       4.6148
     676       7.1928       5.1785
     677       5.0337       3.4948
     678       5.2375       5.8495
     679       6.3121       4.9516
     680       6.5612       6.7596
     681       3.7468       6.9961
     682       7.7589       0.0773
     683       5.2738       8.4897
     684       5.5267       7.1532
     685       4.2949       4.2857
     686       6.7737       8.2957
     687       1.5111       4.2097
     688      11.5477       9.4232
     689       1.8244       1.0430
     690       3.7766       3.6285
     691       4.0991       3.9566
     692       4.4017       1.6339
     693       1.0022       3.4581
     694       5.1547       2.7634
     695       6.2794       2.1703
     696       3.5734       4.4038
     697       4.4250       6.9964
     698       6.3000       2.4507
     699       6.6785       7.1829
     700       6.4051       3.0465
     701       6.4888       1.8302
     702       6.7892       1.7284
     703      10.2559       4.7573
     704       7.4122       4.6011
     705       3.8426       3.9191
     706       5.4018       4.5764
     707       2.2649       3.6548
     708       6.2776       4.2044
     709       5.3321       1.0313
     710       6.5486       3.0185
     711       3.0952       4.3249
     712       4.1781       6.2977
     713       5.7848       4.4710
     714       7.8358       5.2760
     715       4.5034       4.8931
     716       5.8136       4.6744
     717       3.6315       5.1921
     718       4.0936       2.0444
     719       4.1258       3.4367
     720       3.3091       7.6708
     721       5.5095       8.2944
     722       7.5522       6.1037
     723       4.3744       4.4416
     724       4.3525       6.6924
     725       6.5240       9.1715
     726       4.8157       6.3503
     727       5.5653       4.3677
     728       6.1516       8.1539
     729       1.9202       3.5658
     730       5.4408       4.4900
     731       3.2622      10.0351
     732       6.9465       9.2053
     733       3.4451       7.2123
     734       3.0695       7.7710
     735       2.3193       4.8306
     736       5.5360       9.8254
     737       2.0271       5.4461
     738       4.1359       3.3995
     739       5.5619       4.6152
     740       5.1305       6.1686
     741       4.9050       6.4831
     742       4.6201       3.6615
     743       6.4082       5.8184
     744       4.7442       4.6601
     745       6.6062       6.7734
     746       2.5180       4.7688
     747       4.9577       9.0802
     748       6.6763       3.8390
     749       4.7996       4.0866
     750       5.7483       2.4045
     751       2.7421       4.7939
     752       5.8359       2.8038
     753       6.5847       1.7648
     754       5.7616       4.0463
     755       3.9710       5.3954
     756       5.3879       2.0392
     757       5.2637       6.3044
     758       2.0164       6.0575
     759       3.9436       2.0340
     760       6.2029       2.8566
     761       6.7117       5.3963
     762       6.0155       1.9451
     763       4.3194       4.1752
     764       6.0664       0.9189
     765       5.5765       5.9725
     766       5.7124       0.8366
     767       4.1316       3.8443
     768       5.7897       3.1794
     769       3.5143       4.5881
     770       4.8496       2.6330
     771       4.9728       1.2880
     772       3.9568       5.4379
     773       4.9082       2.9814
     774       2.2201       5.9639
     775       2.4807       4.4066
     776       2.2517       5.2065
     777       4.5954       6.0877
     778       7.0446       1.7724
     779       3.7912       4.3070
     780       5.0472       5.2635
     781       5.0002       4.4994
     782       4.6594       6.4472
     783       2.7887       2.0627
     784       3.6457       4.3299
     785       4.7119       5.7110
     786       0.3570       5.5250
     787       3.4889       4.1016
     788       5.2331       4.5959
     789       6.5432       7.0787
     790      11.9904       1.4773
     791       4.8787       3.9878
     792       5.8396       3.0010
     793       3.8598       4.7104
     794       2.2106       4.1380
     795       5.8608       4.7096
     796       1.5029       1.7123
     797       1.7160       5.1033
     798       1.9444       3.6584
     799       1.3577       4.1238
     800       4.9255       4.4903
     801       3.6481       2.4893
     802       2.3021       6.2616
     803       4.5209       1.8463
     804       2.2949       4.8444
     805       2.5701       4.5667
     806       1.8637       2.6329
     807       4.8720       2.4452
     808       3.2527       7.8700
     809       2.2379       7.2384
     810       7.0699       3.7971
     811       2.2872       6.7061
     812       3.1225       4.9856
     813       5.3651       8.7025
     814       5.3290       4.7470
     815       3.1138       4.3124
     816       0.9538       6.0088
     817       6.3894       7.8748
     818       4.3779       6.5192
     819       3.1437       3.0398
     820       4.8364       3.8500
     821       3.2498       6.0025
     822       7.4877       7.5017
     823       3.8808       4.3667
     824       2.8324       2.2683
     825       6.6730       6.7396
     826       3.3401       5.6028
     827       6.0807       5.9934
     828       3.0889       5.7039
     829       4.9484       5.3305
     830       6.6252       7.2519
     831       5.2179       5.6582
     832       3.1814       4.4941
     833       5.1676       1.7752
     834       1.4841       5.7158
     835       5.2110       2.5982
     836       1.0391       4.8133
     837       1.4960       4.6538
     838       1.0044       2.0682
     839       0.6067       3.0608
     840       3.1100       3.9723
     841       1.8541       1.1928
     842       4.9010       4.7526
     843       4.2159       3.1612
     844       3.5647       2.7582
     845       4.7221       2.5302
     846       4.0739       5.8899
     847       4.0903       4.6200
     848       4.9453       4.8205
     849       2.4789       5.2803
     850       5.9680       5.4359
     851       3.9402       5.5539
     852       1.3639       4.8029
     853       1.7244       6.9348
     854       3.1061       2.5946
     855       4.6548       4.0365
     856       2.9863       4.5197
     857       4.3404       2.4854
     858       5.0593       4.1661
     859       3.0248       3.3205
     860       2.8038       2.4968
     861       3.6961       4.4121
     862       1.9462       5.7199
     863       2.2454       7.0119
     864       5.5360       4.7437
     865       6.5608       7.8354
     866       4.2679       7.1014
     867       4.3588      10.0550
     868       1.9503       4.5839
     869       1.7516       5.0692
     870       2.4972       3.4289
     871       5.3390       5.4395
     872       8.7093       3.6820
     873       4.3806       5.8913
     874       7.3190       5.9189
     875       3.6532       5.3961
     876       2.8065       4.2200
     877       0.9801       6.0938
     878       3.4561       4.6891
     879       6.8918       3.8142
     880       3.1262       5.0861
     881       5.6000       2.5861
     882       2.2109       5.6098
     883       2.6642       5.8683
     884       3.0749       2.8213
     885       6.1588       3.5166
     886       6.7527       4.9140
     887       4.3002       6.9539
     888       3.2414       6.4388
     889       4.9242       2.0981
     890       4.8410       4.4245
     891       3.0006       5.4030
     892       1.9401       3.3515
     893       4.0987       3.8501
     894       6.7032       3.5828
     895       4.6324       4.3245
     896       3.7390       7.9090
     897       3.3267       6.4972
     898       2.7345       5.9535
     899       2.5632       5.4060
     900       3.9910       3.3541
     901       2.9023       5.0923
     902       4.8903       5.3690
     903       1.6214       4.1840
     904       1.8273       3.8974
     905       3.2430       1.3333
     906       4.8879       3.8425
     907       5.1598       0.8301
     908       0.6103       6.2824
     909       1.5214       9.3282
     910       2.7831       4.7293
     911       4.0557       3.7124
     912       1.5562       3.7780
     913       6.0171       5.0791
     914       1.2501       4.4298
     915       3.1258       5.6765
     916       1.8724       5.4087
     917       4.0738       3.8928
     918       2.5279       5.8608
     919       2.1605       5.8408
     920       4.5629       6.6327
     921       2.1877       5.6798
     922       2.4220       6.2555
     923       3.9593       4.4942
     924       2.6667       4.2728
     925       2.2694       3.4865
     926       5.4703       7.0975
     927       7.7184       9.2505
     928       4.4451       5.6428
     929       3.8735       2.9242
     930       2.2507       3.9360
     931       5.7028       2.7619
     932       2.2899       3.1868
     933       3.2086       5.1165
     934       6.2294       2.9580
     935       5.0707       6.3381
     936       5.5512       5.2696
     937       6.1514       5.9968
     938       3.0579       6.2123
     939       9.1582       0.8319
     940       4.4521       0.8858
     941       3.8469       2.4424
     942       5.9209       3.6091
     943       6.1800       3.6156
     944       5.5719       2.1881
     945       5.8112       3.2926
     946       3.5718       0.7148
     947       6.8092       6.1834
     948       3.1789       3.5046
     949       3.9668       5.2196
     950       4.5445       3.9599
     951       4.0917       2.5569
     952       2.0166       2.2531
     953       1.9522       1.1682
     954       2.3571       2.2024
     955       3.2199       5.1382
     956       3.4767       4.3990
     957       5.2585       6.2034
     958       2.3906       4.0442
     959       1.8710       3.6613
     960       5.8305       5.1194
     961       4.2487       3.0804
     962       6.2679       4.1967
     963       5.4562       4.4456
     964       3.5789       3.6528
     965       2.7862       5.6700
     966       2.9749       4.2831
     967       2.1922       7.2855
     968       6.4469       8.8885
     969       6.3486       5.1647
     970       4.5599       5.5832
     971       4.0199       5.4583
     972       0.9407       4.7741
     973       2.9092       4.8931
     974       1.2149       5.4159
     975       2.2557       6.0403
     976       3.2465       4.2720
     977       4.9936       4.7349
     978       7.0912       4.0333
     979       4.3770       4.9672
     980       0.8862       6.0691
     981       0.7932       5.0007
     982       2.5765       3.3545
     983       7.4362       3.8213
     984       4.2628       4.5626
     985       2.2591       4.6198
     986       6.0025       6.5545
     987       2.9094       7.4789
     988       2.3092       3.9670
     989       5.4224       4.7430
     990       3.4364       7.4956
     991       2.8590       7.0011
     992       5.7079       5.7270
     993       3.4612       6.3855
     994       3.3960       3.6275
     995       4.2084       4.1991
     996       5.4799       4.6944
     997       4.4785       3.0230
     998       4.6028       5.3613
     999       4.1552       6.6540
    1000       3.5998       5.6729
