#Frame    RMS_H9M2_D2
       1       2.0487
       2       2.2740
       3       1.8721
       4       2.0004
       5       2.2965
       6       2.4014
       7       2.0435
       8       1.7862
       9       1.6591
      10       2.3059
      11       2.2253
      12       2.0622
      13       1.8083
      14       2.0821
      15       2.0744
      16       2.3668
      17       2.0876
      18       2.9011
      19       1.9942
      20       1.5669
      21       2.1816
      22       1.7906
      23       2.6463
      24       2.3517
      25       2.8845
      26       2.2133
      27       2.4431
      28       2.6570
      29       2.8384
      30       2.5696
      31       2.2967
      32       2.8706
      33       2.5410
      34       3.4892
      35       2.7669
      36       2.4798
      37       2.8111
      38       2.2189
      39       2.4586
      40       1.8940
      41       2.1706
      42       3.4232
      43       2.5209
      44       2.9858
      45       2.9394
      46       2.3597
      47       2.7165
      48       2.5451
      49       2.1752
      50       2.2481
      51       2.2103
      52       2.5275
      53       2.7327
      54       2.1195
      55       2.5467
      56       3.0277
      57       2.5784
      58       2.2815
      59       2.8962
      60       2.7101
      61       2.5849
      62       2.8930
      63       2.5475
      64       3.1077
      65       3.4286
      66       2.8579
      67       2.8792
      68       2.7585
      69       2.5245
      70       2.4799
      71       3.0793
      72       2.2820
      73       2.7801
      74       2.7334
      75       3.3181
      76       2.3471
      77       2.1460
      78       2.2812
      79       2.7788
      80       2.3472
      81       2.3452
      82       2.1931
      83       2.5201
      84       2.8125
      85       3.3219
      86       2.5716
      87       2.0878
      88       2.8044
      89       2.7545
      90       2.6784
      91       2.9571
      92       2.8582
      93       2.8720
      94       2.8353
      95       2.6451
      96       2.7054
      97       2.4930
      98       2.7798
      99       2.8360
     100       3.1469
     101       2.8111
     102       2.6608
     103       2.8522
     104       2.4377
     105       2.8941
     106       2.5392
     107       2.7132
     108       2.4619
     109       2.4099
     110       2.7618
     111       3.0484
     112       2.3145
     113       2.3465
     114       2.4092
     115       2.6362
     116       2.3520
     117       1.6854
     118       2.7697
     119       2.5541
     120       2.6396
     121       2.3803
     122       2.8657
     123       2.4595
     124       2.8693
     125       2.1219
     126       2.7488
     127       2.3601
     128       2.1483
     129       2.1666
     130       2.3078
     131       2.2060
     132       2.1953
     133       2.2736
     134       2.2478
     135       1.9075
     136       2.4981
     137       1.9452
     138       2.2691
     139       2.6369
     140       2.3991
     141       2.3497
     142       2.5690
     143       2.2606
     144       2.0627
     145       2.1216
     146       1.9897
     147       1.9085
     148       2.5394
     149       2.6176
     150       2.0707
     151       2.0844
     152       2.1603
     153       2.4118
     154       2.2561
     155       2.6866
     156       2.6661
     157       2.7154
     158       2.3789
     159       2.6705
     160       2.4661
     161       2.6396
     162       1.9865
     163       2.1961
     164       2.1450
     165       2.4488
     166       2.1823
     167       2.2672
     168       2.5096
     169       3.1362
     170       2.4711
     171       2.8494
     172       3.0824
     173       2.5340
     174       2.8030
     175       2.6254
     176       2.1542
     177       2.2969
     178       2.5503
     179       2.5067
     180       2.2890
     181       3.1222
     182       2.2981
     183       3.2840
     184       2.6159
     185       2.4530
     186       2.2403
     187       2.8878
     188       2.3190
     189       2.8560
     190       2.8057
     191       2.9442
     192       2.2804
     193       2.2624
     194       3.0357
     195       2.9937
     196       3.0101
     197       2.4877
     198       3.0917
     199       2.9503
     200       2.8278
     201       2.6241
     202       3.0615
     203       3.2977
     204       2.7744
     205       2.3271
     206       2.4334
     207       2.0865
     208       2.5778
     209       2.3422
     210       2.2244
     211       2.2738
     212       2.2906
     213       2.1753
     214       1.9222
     215       2.0853
     216       1.6678
     217       2.0660
     218       2.7275
     219       2.3111
     220       3.2068
     221       1.7454
     222       2.5453
     223       2.2715
     224       2.0295
     225       2.4738
     226       2.1092
     227       2.5216
     228       2.2121
     229       2.3510
     230       2.3018
     231       1.6991
     232       2.2854
     233       2.2028
     234       2.3826
     235       1.7655
     236       1.9202
     237       2.4041
     238       2.1734
     239       2.0019
     240       2.3455
     241       2.5038
     242       2.4364
     243       1.9129
     244       2.6119
     245       2.2641
     246       2.4994
     247       2.5243
     248       2.9435
     249       2.1720
     250       2.2645
     251       2.3987
     252       1.9999
     253       2.0534
     254       2.2887
     255       2.3726
     256       2.7622
     257       3.1421
     258       2.5076
     259       2.6281
     260       2.6488
     261       2.8380
     262       2.5153
     263       2.4630
     264       2.7051
     265       2.6702
     266       2.4099
     267       3.0193
     268       2.7922
     269       2.4263
     270       2.3057
     271       2.3267
     272       2.2990
     273       2.8714
     274       2.3225
     275       2.6266
     276       2.2313
     277       2.5379
     278       2.4583
     279       2.4296
     280       2.5849
     281       2.6087
     282       3.0554
     283       2.6493
     284       2.5386
     285       3.3407
     286       3.0116
     287       2.7488
     288       3.0158
     289       3.3484
     290       3.2574
     291       3.4779
     292       3.0347
     293       3.3370
     294       3.6264
     295       3.2436
     296       2.6624
     297       2.8330
     298       2.9563
     299       2.5565
     300       2.8579
     301       3.3494
     302       2.6194
     303       2.9245
     304       2.6559
     305       2.6363
     306       2.7341
     307       2.3797
     308       2.3842
     309       3.6457
     310       3.3737
     311       3.7751
     312       2.9796
     313       3.2925
     314       2.7517
     315       2.1931
     316       2.6543
     317       2.4069
     318       2.8285
     319       2.2268
     320       2.6005
     321       2.7290
     322       3.0593
     323       2.3487
     324       2.7817
     325       3.2278
     326       2.9510
     327       2.8796
     328       2.9865
     329       2.7290
     330       3.0452
     331       3.0742
     332       3.3111
     333       3.7046
     334       2.9612
     335       2.8239
     336       3.3198
     337       2.8477
     338       2.1946
     339       2.0784
     340       2.8301
     341       2.4671
     342       2.4556
     343       2.1796
     344       2.1917
     345       3.4988
     346       2.9928
     347       2.6099
     348       3.5674
     349       2.9053
     350       2.8976
     351       2.1576
     352       2.5945
     353       2.0404
     354       2.3637
     355       2.4589
     356       2.7766
     357       2.8129
     358       2.5169
     359       2.3976
     360       2.3193
     361       2.3848
     362       2.0402
     363       2.2133
     364       3.1048
     365       2.6869
     366       2.1731
     367       1.9723
     368       1.9079
     369       1.9611
     370       2.0571
     371       2.5377
     372       2.0870
     373       1.9713
     374       2.3019
     375       2.6665
     376       2.5657
     377       2.3819
     378       2.4700
     379       2.3066
     380       2.2707
     381       2.6315
     382       2.5976
     383       3.3044
     384       3.1898
     385       3.2451
     386       2.8839
     387       1.9605
     388       2.8383
     389       2.5511
     390       2.5823
     391       2.3634
     392       2.4722
     393       2.7064
     394       2.7051
     395       2.4971
     396       2.6468
     397       2.4890
     398       2.6038
     399       2.4347
     400       3.0555
     401       2.3968
     402       2.4243
     403       2.4180
     404       2.6616
     405       2.7172
     406       3.0365
     407       2.6140
     408       2.5521
     409       3.1075
     410       2.8307
     411       2.8540
     412       3.2228
     413       2.5866
     414       2.6456
     415       2.3261
     416       2.4909
     417       2.4213
     418       2.4385
     419       2.4743
     420       2.4364
     421       2.4254
     422       2.4245
     423       2.4777
     424       2.2628
     425       3.3793
     426       3.0119
     427       3.1205
     428       3.0150
     429       2.4521
     430       2.8691
     431       2.7790
     432       2.5523
     433       2.1462
     434       2.1214
     435       2.1559
     436       2.5049
     437       1.9313
     438       1.9809
     439       2.6670
     440       2.4871
     441       2.5767
     442       1.9459
     443       2.0686
     444       3.2444
     445       2.5555
     446       2.6352
     447       2.8496
     448       2.2102
     449       2.5914
     450       2.7583
     451       2.6135
     452       2.8737
     453       2.5742
     454       3.1100
     455       2.4204
     456       3.1779
     457       3.8940
     458       3.1655
     459       2.7866
     460       2.2682
     461       2.0654
     462       2.7714
     463       2.2833
     464       2.4979
     465       2.3700
     466       2.2110
     467       2.4893
     468       2.3386
     469       2.1732
     470       2.4678
     471       1.9749
     472       2.8415
     473       2.0576
     474       2.3230
     475       2.4761
     476       2.3643
     477       2.5304
     478       2.6267
     479       1.9314
     480       2.0527
     481       2.6574
     482       1.9720
     483       2.5990
     484       2.5224
     485       2.4638
     486       2.3942
     487       2.2977
     488       1.9148
     489       2.2370
     490       1.8881
     491       2.6910
     492       2.1043
     493       2.5353
     494       2.7333
     495       2.2254
     496       2.0715
     497       1.9266
     498       2.4620
     499       2.2387
     500       1.8806
     501       2.5323
     502       2.2214
     503       1.9221
     504       2.2963
     505       2.4471
     506       2.1770
     507       2.2247
     508       2.0299
     509       2.4467
     510       3.0029
     511       2.6269
     512       2.6196
     513       2.1930
     514       2.7985
     515       2.5103
     516       2.4492
     517       2.3197
     518       2.3367
     519       2.9289
     520       2.2383
     521       2.7694
     522       2.1804
     523       2.4698
     524       1.8674
     525       2.5155
     526       3.6827
     527       3.2383
     528       2.6418
     529       2.4304
     530       2.3845
     531       2.6655
     532       1.8677
     533       2.1207
     534       2.2660
     535       2.2505
     536       2.3327
     537       2.8417
     538       2.4281
     539       2.7179
     540       2.6978
     541       2.8661
     542       1.6335
     543       2.3844
     544       2.2277
     545       2.3701
     546       1.6500
     547       3.0639
     548       2.0682
     549       2.3155
     550       1.9966
     551       3.2260
     552       3.0381
     553       3.5610
     554       3.2412
     555       2.9455
     556       2.0606
     557       2.1682
     558       2.1771
     559       3.1815
     560       2.7100
     561       1.8979
     562       2.6897
     563       2.5921
     564       2.9525
     565       2.6781
     566       2.1062
     567       3.0542
     568       2.8930
     569       2.0442
     570       1.6703
     571       1.9259
     572       2.0699
     573       1.9833
     574       2.1899
     575       2.3068
     576       2.0969
     577       2.3469
     578       2.6429
     579       2.2034
     580       2.5731
     581       3.6416
     582       2.4017
     583       2.3728
     584       2.2634
     585       2.4195
     586       2.5896
     587       2.1211
     588       3.0307
     589       2.3166
     590       2.3346
     591       2.6696
     592       2.7430
     593       2.1281
     594       2.8418
     595       2.7446
     596       2.9057
     597       2.8272
     598       2.3266
     599       2.1081
     600       2.5110
     601       2.5971
     602       2.7072
     603       2.0303
     604       1.9917
     605       2.3894
     606       2.2980
     607       2.7334
     608       2.4595
     609       2.7456
     610       2.7723
     611       2.8043
     612       3.0661
     613       2.7895
     614       2.4678
     615       2.5962
     616       2.7571
     617       2.1837
     618       2.4012
     619       2.1418
     620       2.9474
     621       2.5537
     622       2.0391
     623       1.6692
     624       2.5351
     625       2.4558
     626       2.4486
     627       2.4652
     628       2.7591
     629       2.5560
     630       2.8072
     631       2.6251
     632       2.1063
     633       2.7295
     634       2.3216
     635       2.0567
     636       2.0564
     637       2.2416
     638       2.1371
     639       2.3080
     640       2.1956
     641       2.4333
     642       2.3389
     643       2.3025
     644       2.6771
     645       2.4306
     646       2.8656
     647       2.1366
     648       3.7344
     649       2.4620
     650       2.3364
     651       2.3486
     652       2.2930
     653       2.4939
     654       2.1762
     655       2.8431
     656       2.6592
     657       3.0445
     658       2.2677
     659       2.4532
     660       2.4381
     661       2.6726
     662       2.4749
     663       3.0112
     664       3.6403
     665       2.7079
     666       3.8329
     667       3.0917
     668       2.1376
     669       2.4655
     670       2.2499
     671       2.9878
     672       2.3652
     673       2.7727
     674       2.6055
     675       2.5914
     676       2.8357
     677       2.2342
     678       2.2686
     679       2.2861
     680       2.4551
     681       3.2550
     682       2.5176
     683       2.6216
     684       2.8623
     685       3.0374
     686       2.7546
     687       3.3219
     688       3.1853
     689       2.6234
     690       2.5575
     691       2.3195
     692       2.3692
     693       3.2096
     694       3.0584
     695       2.7251
     696       2.3892
     697       2.4562
     698       2.6916
     699       2.8674
     700       3.0114
     701       3.0358
     702       2.8481
     703       3.6358
     704       3.1055
     705       3.0561
     706       3.4872
     707       3.0148
     708       2.2661
     709       2.7817
     710       2.3396
     711       2.7391
     712       2.7696
     713       2.1715
     714       2.4839
     715       2.3744
     716       2.6493
     717       2.7279
     718       2.0160
     719       2.3539
     720       3.1209
     721       3.0233
     722       2.5553
     723       3.0675
     724       2.2214
     725       2.5807
     726       2.6079
     727       2.7119
     728       2.7005
     729       2.7007
     730       2.2859
     731       2.3633
     732       2.7507
     733       2.2585
     734       2.4681
     735       2.7802
     736       2.7925
     737       2.4122
     738       2.6898
     739       2.3096
     740       2.2504
     741       2.3407
     742       2.0564
     743       2.2840
     744       2.4388
     745       2.0189
     746       2.4422
     747       2.3208
     748       2.5255
     749       1.9306
     750       2.4273
     751       1.9935
     752       2.0268
     753       2.4898
     754       2.7360
     755       2.3946
     756       2.1941
     757       2.7654
     758       2.1166
     759       2.5685
     760       1.9635
     761       1.7749
     762       2.2524
     763       1.8522
     764       2.2728
     765       2.7132
     766       2.8969
     767       2.3137
     768       2.3926
     769       1.6645
     770       2.4285
     771       2.5659
     772       1.9228
     773       2.3162
     774       1.9517
     775       2.5116
     776       2.7342
     777       2.4171
     778       2.4312
     779       2.5339
     780       2.3014
     781       2.1302
     782       2.4119
     783       2.1015
     784       2.3113
     785       1.6906
     786       2.5589
     787       2.0809
     788       2.6963
     789       2.7654
     790       2.7202
     791       2.5652
     792       2.6124
     793       2.5926
     794       2.0720
     795       2.0023
     796       3.2235
     797       2.7970
     798       2.3216
     799       1.9718
     800       2.7826
     801       2.2529
     802       1.9998
     803       2.6246
     804       2.5560
     805       1.9674
     806       2.4354
     807       2.1006
     808       2.1162
     809       2.1769
     810       2.2717
     811       2.6733
     812       2.2401
     813       2.0585
     814       1.5672
     815       2.3698
     816       2.4231
     817       2.4778
     818       2.3173
     819       2.0710
     820       2.0760
     821       2.6447
     822       3.0440
     823       2.5883
     824       2.2817
     825       2.5120
     826       2.5769
     827       2.7109
     828       2.3712
     829       2.3636
     830       2.5128
     831       2.3615
     832       2.1291
     833       2.2102
     834       2.2537
     835       2.6017
     836       2.1039
     837       1.9493
     838       2.3503
     839       2.4511
     840       2.4476
     841       2.9479
     842       3.1729
     843       2.9739
     844       2.5717
     845       2.1729
     846       2.6094
     847       2.7101
     848       2.4000
     849       2.1470
     850       2.3067
     851       2.4158
     852       2.4365
     853       2.5574
     854       2.1944
     855       2.4081
     856       2.2305
     857       2.4956
     858       2.2521
     859       2.3926
     860       2.0446
     861       2.1611
     862       2.0951
     863       1.9766
     864       2.5955
     865       2.5768
     866       2.8849
     867       2.9372
     868       2.7839
     869       2.8025
     870       2.4976
     871       2.0347
     872       1.9103
     873       2.2608
     874       1.5602
     875       2.6148
     876       2.0315
     877       2.9757
     878       1.9469
     879       2.1682
     880       2.1228
     881       2.7686
     882       2.3031
     883       2.4737
     884       2.0483
     885       2.2824
     886       2.9299
     887       2.6472
     888       2.2136
     889       2.4318
     890       2.2000
     891       2.2352
     892       2.1194
     893       1.9140
     894       2.6842
     895       2.3186
     896       2.2040
     897       2.4203
     898       2.3734
     899       2.0841
     900       3.7272
     901       1.7122
     902       2.3169
     903       2.4356
     904       3.0277
     905       2.3690
     906       2.1440
     907       2.4797
     908       2.3490
     909       2.1111
     910       2.0754
     911       2.3457
     912       2.2034
     913       1.7975
     914       2.2969
     915       2.1127
     916       2.6123
     917       2.1531
     918       2.5958
     919       1.7900
     920       2.3321
     921       1.8959
     922       2.0452
     923       2.1037
     924       1.6697
     925       2.5152
     926       2.1784
     927       2.3214
     928       1.9540
     929       2.4666
     930       1.9744
     931       2.6015
     932       2.3552
     933       2.1331
     934       2.0394
     935       1.7844
     936       2.4448
     937       2.2537
     938       2.1960
     939       3.2733
     940       2.3425
     941       2.6562
     942       2.2119
     943       2.1354
     944       2.0825
     945       2.2664
     946       2.3272
     947       2.4997
     948       2.3249
     949       2.2711
     950       2.9127
     951       2.5613
     952       2.2572
     953       2.5991
     954       2.4221
     955       2.4392
     956       2.2479
     957       2.1433
     958       2.6384
     959       2.3821
     960       2.6253
     961       2.4818
     962       2.0927
     963       2.4910
     964       2.5869
     965       2.3532
     966       2.1747
     967       2.2290
     968       2.5077
     969       2.2704
     970       2.7623
     971       2.3973
     972       2.1848
     973       2.4962
     974       2.3412
     975       2.2040
     976       2.2926
     977       2.5659
     978       2.4181
     979       2.0582
     980       1.9542
     981       2.4901
     982       2.4316
     983       2.2167
     984       2.4465
     985       2.2515
     986       2.3122
     987       2.1618
     988       2.5297
     989       2.3102
     990       1.7444
     991       2.4783
     992       2.9133
     993       2.5550
     994       2.7771
     995       2.4520
     996       2.5217
     997       2.5866
     998       2.6095
     999       2.6592
    1000       2.4277
