Using WEST data from '/ix/lchong/dty7/d1d2/1a43/3d_oamax_1_2_ss_v00/west.h5'
# successful (recycled) segments
# column 0:    iteration
# column 1:    seg_id
# column 2:    weight
# column>2:    final progress coordinate value
     303          40     7.4607632061081e-14            50.789           35.6065            50.789
     304          41      9.278065200501e-12           51.6136           33.4871           51.6136
     308          39     3.6242442189457e-14           50.3219             34.85           50.3219
     313          33       3.03399306181e-11           50.5767            36.943           50.5767
     314          36     2.4144645019557e-11           50.2177           32.2281           50.2177
     317          41     1.3104870109536e-11           50.2037           29.6912           50.2037
     318          42     1.4613910423258e-11           50.2919           33.7179           50.2919
     322          40     3.7726007843057e-13           50.6797           34.9073           50.6797
     322          41     3.7726007843057e-13           50.4402            40.924           50.4402
     322          43     3.7726007843057e-13           50.8714           33.5005           50.8714
     323          40     9.4315019607644e-14           52.0507            40.646           52.0507
     323          43     9.4315019607644e-14           52.1731           36.7534           52.1731
     324          42     2.3578754901911e-14           51.5689           37.3337           51.5689
     324          43     2.3578754901911e-14           52.1782           36.0783           52.1782
     326          37     1.6318981271254e-12           52.6402           32.1596           52.6402
     327          38     4.0797453178134e-13           50.1958            36.888           50.1958
     327          39     4.0797453178134e-13           51.9066           38.3868           51.9066
     329          32     1.3637999467288e-11           50.4105           34.3999           50.4105
     330          39     2.7275998934576e-11           51.1291           35.8785           51.1291
     330          40     4.6410787170581e-12           51.5002           33.5381           51.5002
     331          39     9.2821574341162e-12            51.335           38.3404            51.335
     333          41     1.1106279662937e-11           50.7144           37.8035           50.7144
     335          34     2.3019529783526e-11            50.374           31.7282            50.374
     335          43     1.2331890955461e-12           52.9079           33.1546           52.9079
     336          39     3.0829727388652e-13           50.0355           31.5002           50.0355
     339          39     4.8171449044768e-15            50.659           34.8356            50.659
     340          32     1.2042862261192e-15           51.6248           33.6571           51.6248
     340          35     1.2042862261192e-15            50.003           33.3873            50.003
     347          29     1.1298058653059e-11           50.1524           34.5946           50.1524
     361          34     3.1778253692026e-12           50.0533           34.4508           50.0533
     370          40     6.8235872116038e-12           50.4448           33.1218           50.4448
     370          43     6.8235872116038e-12           51.4579           36.9715           51.4579
     371          39     6.8235872116038e-12           50.3459           38.0717           50.3459
     371          42     1.7058968029009e-12           50.7931           31.2365           50.7931
     373          39     1.0661855018131e-13           51.0017            33.885           51.0017
     374          39     2.6654637545327e-14           52.0224           33.0468           52.0224
     377          36     1.2636272614081e-13           50.6398           32.4408           50.6398
     378          40     1.5795340767601e-14           51.8289           35.6874           51.8289
     379          33     2.3693011151402e-14           50.9649           32.6552           50.9649
     379          36     3.9488351919003e-15           50.1108           35.2988           50.1108
     380          32     3.1590681535203e-14           53.9698           31.9927           53.9698
     380          36     1.1846505575701e-14            51.318           32.0184            51.318
     382          36     7.4040659848131e-16           51.8906           34.1457           51.8906
     382          39     7.4040659848131e-16           50.4878           31.5326           50.4878
     383          33     2.3034871952752e-15           52.7353           33.9656           52.7353
     383          35     2.3034871952752e-15           50.0895           32.5322           50.0895
     383          36     9.8720879797508e-16           50.9578           31.8554           50.9578
     383          38     9.8720879797508e-16           51.0445            37.687           51.0445
     383          39     9.8720879797508e-16           50.4338           33.6826           50.4338
     385          42     6.1700549873443e-17           51.6042            32.563           51.6042
     387          32     6.1700549873443e-17           51.1117           34.9488           51.1117
     387          36     4.6275412405082e-17           50.7254           29.1407           50.7254
     388          39     1.5425137468361e-17           50.4883           33.2075           50.4883
     389          40     3.8562843670902e-18           50.1203           32.3601           50.1203
     389          50     3.8562843670902e-18            53.432            37.566            53.432
     390          37     9.6407109177254e-19           52.3293           37.1508           52.3293
     390          39     9.6407109177254e-19           52.2087           39.7535           52.2087
     390          45     9.6407109177254e-19           51.3956           36.5961           51.3956
     390          46     9.6407109177254e-19           50.9574           37.4906           50.9574
     391          40     2.4101777294314e-19           50.9807           35.5167           50.9807
     391          42     2.4101777294314e-19           52.7438            41.157           52.7438
     392          38     9.6407109177254e-19           51.8639           37.3969           51.8639
     393          38     6.4271406118169e-19           50.5154           30.9345           50.5154
     393          40     2.4101777294314e-19           52.1135           40.6499           52.1135
     393          41     2.4101777294314e-19           52.7692           36.2515           52.7692
     393          42     2.4101777294314e-19           51.1456           35.7454           51.1456
     394          41     6.0254443235784e-20           50.6561           37.6013           50.6561
     394          42     6.0254443235784e-20           50.8092           36.8328           50.8092
     395          40     3.2135703059085e-19           50.0175           33.7764           50.0175
     397          43     2.1462564447507e-13           51.9419           35.3736           51.9419
     399          42     1.3414102779692e-14           52.2825           35.5596           52.2825
     403          39     9.4951303561109e-13           50.1229           35.5945           50.1229
     412          41     3.7992220752356e-14           50.0066           33.1512           50.0066
     414          40     3.3229972337925e-12           50.2589           37.0971           50.2589
     417          36      1.329198893517e-11            50.369           37.9985            50.369
     417          38     4.9844958506888e-12           50.0708           36.2074           50.0708
     420          37     9.0551886919538e-12           51.5442           36.8139           51.5442
     424          24     6.8345466104323e-13           50.3611           35.5028           50.3611
     430          42     3.9472329735442e-14           50.2318            34.736           50.2318
     435          37     2.0234162948622e-12           51.1684           38.8766           51.1684
     435          42     1.3355600457118e-13           50.1847           34.9593           50.1847
     436          38     3.3389001142794e-14           50.6153           36.2804           50.6153
     437          33     1.3355600457118e-13           50.3841           35.1809           50.3841
     440          35      5.342240182847e-13           50.7853           34.4045           50.7853
     446          35     5.8696676314525e-14           52.5353            39.908           52.5353
     452          33     2.9685001768047e-12           50.3299           36.8457           50.3299
     456          36     6.6828607209545e-13           50.0069             36.57           50.0069
     458          40      3.479393437202e-13           50.4504           34.9188           50.4504
     460          37      3.479393437202e-13           50.4864           38.3799           50.4864
     461          32      3.479393437202e-13           51.6877           31.8356           51.6877
     465          46     4.2512080870747e-13            51.522           36.0745            51.522
     468          46     5.2400425470603e-13           50.1248           35.4996           50.1248
     470          42     1.5800837425887e-12           50.3269           37.5069           50.3269
     471          39     4.0143415935446e-13           51.2595           35.7358           51.2595
     472          33     1.0025741835918e-12           51.7817            32.612           51.7817
     474          26     6.4422224218517e-12           50.0017           35.9698           50.0017
     475          33     1.7382618891388e-12           52.2899           34.9896           52.2899
     476          38     9.7352803733874e-13           50.7788           33.4514           50.7788
     478          34     6.0845502333671e-14           52.1823           35.8536           52.1823
     479          35     1.5211375583418e-14           50.9771           35.3124           50.9771
     481          33     9.5071097396361e-16           50.6172           35.4758           50.6172
     484          25     2.9193583303891e-13           50.7386           34.3751           50.7386
     495          31     1.1165388202219e-12           50.3079           31.8027           50.3079
     497          34     1.3280000424638e-12           51.7021            39.363           51.7021
     501          38     2.2620455133195e-13           51.0367           32.9008           51.0367
     505          36     1.1511062013512e-12           50.0991           35.9016           50.0991
     508          38     1.2550459872345e-13           51.6369           35.8511           51.6369
     508          39     1.2550459872345e-13           50.8246            40.538           50.8246
     510          29     1.4970422330519e-12           50.1463           33.6521           50.1463
     511          36     2.8013210922037e-13           50.8372           32.7082           50.8372
     511          37     2.8013210922037e-13           50.1324           33.1112           50.1324
     516          34     2.9062461143785e-12           51.2299           37.6032           51.2299
     516          39     3.0988968709508e-12           51.6594           36.3841           51.6594
     516          41     1.7659240302234e-14           50.0261           36.3904           50.0261
     519          37     7.5374929029221e-13           50.1332           38.6212           50.1332
     519          39     7.8023815074556e-13           51.1566           33.2836           51.1566
     519          41     3.3111075566689e-15           50.8687           35.9233           50.8687
     525          43     1.8045873366865e-13           51.1748             38.28           51.1748
     527          38     6.3799023327508e-13           50.7389           35.8098           50.7389
     527          42      1.127867085429e-14           50.5455           37.1832           50.5455
     528          38     4.7549198197404e-13           50.4382           40.5288           50.4382
     532          40     2.5427099119181e-14           50.2532           35.2076           50.2532
     535          38     3.5814146111866e-13            52.929           36.6877            52.929
     537          38     3.1654541610658e-13           50.5963           37.4068           50.5963
     538          42     8.5921678467035e-15           50.7331           37.3718           50.7331
     542          28     5.1823067424497e-13           50.5115           36.6213           50.5115
     546          35     8.3535629875363e-16           51.1372            38.835           51.1372
     547          39     5.6089894585023e-14           53.1891           39.3504           53.1891
     548          28     5.6089894585023e-14            53.684           37.9036            53.684
     550          37     7.0112368231278e-15           50.2972           36.1833           50.2972
     551          40      1.752809205782e-15           50.6392           35.5379           50.6392
     553          42     1.0955057536137e-16           50.3421           36.7142           50.3421
     554          36     2.7387643840343e-17            50.293           39.6881            50.293
     555          38     6.8469109600858e-18           50.0108           39.6901           50.0108
     557          52      3.753324732923e-14           50.0049           34.0869           50.0049
     558          38     1.0698298375134e-19            50.426           38.1727            50.426
     559          41     5.2335161638252e-14            50.557           37.0877            50.557
     559          42     5.2335161638252e-14           50.0419            37.163           50.0419
     560          36     4.2146267059486e-13           50.5891           36.6536           50.5891
     561          40     3.2709476023908e-15           50.2486           37.6236           50.2486
     561          41     3.2709476023908e-15           50.5157           34.9452           50.5157
     561          43     3.2709476023908e-15           50.0527           38.4636           50.0527
     562          36     8.1773690059769e-16            50.143           38.1712            50.143
     562          39     8.1773690059769e-16           50.4435           35.7536           50.4435
     571          42     5.2579541949541e-14            51.398           38.6558            51.398
     575          36     2.0538883574039e-16            50.431           42.0124            50.431
     575          39     2.0538883574039e-16           50.6643            44.753           50.6643
     576          32      2.030377479871e-13           50.7823           38.8158           50.7823
     576          36     5.1347208935098e-17           50.2005           41.0593           50.2005
     577          41      1.336301191371e-13           51.7761           38.7024           51.7761
     578          32     3.3407529784276e-14           50.9149           41.1688           50.9149
     579          37      8.351882446069e-15           50.5131           39.5793           50.5131
     580          33     2.0879706115172e-15           50.9048           40.4907           50.9048
     580          34     2.0879706115172e-15           51.8382           41.1881           51.8382
     581          28     3.3680253735522e-14           50.8587           40.4496           50.8587
     581          30     2.5328371289453e-14           51.6823           37.0165           51.6823
     581          32     2.5328371289453e-14            51.199           38.0184            51.199
     581          34     2.5328371289453e-14           51.5787           37.2441           51.5787
     582          29     7.8322209933484e-14           51.0829           39.9628           51.0829
     582          35     6.3320928223632e-15           51.0305           37.4326           51.0305
     583          28     1.5830232055908e-15           50.6932           38.0302           50.6932
     583          30     1.5830232055908e-15           50.0852           38.1266           50.0852
     584          34      3.957558013977e-16           50.7181           39.5436           50.7181
     584          41      3.957558013977e-16           52.7945           40.1404           52.7945
     584          43      3.957558013977e-16           50.1978           35.0872           50.1978
     585          32     9.8938950349424e-17           50.3669           33.1999           50.3669
     585          33     9.8938950349424e-17           50.7753            37.925           50.7753
     585          40     9.8938950349424e-17           50.5876           36.1908           50.5876
     585          43     9.8938950349424e-17            52.478           37.9563            52.478
     586          29     2.4734737587356e-17           51.4609           35.8716           51.4609
     587          29      6.183684396839e-18           50.7888           39.1223           50.7888
     613          39     1.3988429430259e-14           50.7652           32.8233           50.7652
     624          39     5.6866746869555e-15           50.3631           35.2382           50.3631
     627          33     4.7388955724629e-16           50.3709           35.6836           50.3709
     629          39     3.2371597553121e-15           51.1841           34.2942           51.1841
     631          34     2.0022005247873e-14           51.1052             36.68           51.1052
     669          38     2.3956774798514e-16           50.9974           31.0097           50.9974
     670          39     3.5777136349685e-15            50.172           34.7273            50.172
     736          34     2.2587567521516e-17           50.2423           34.9098           50.2423
     737          37     2.8234459401896e-18           52.2348           37.9625           52.2348
     737          39     2.8234459401896e-18           50.1368           36.6032           50.1368
     740          37     3.7645945869194e-18            50.932           33.7667            50.932
     742          36     2.3528716168246e-19           51.9145           35.5476           51.9145
     744          32     1.4705447605154e-20           54.5378            35.397           54.5378
     745          31     4.4116342815462e-20           51.5922           37.9826           51.5922
     745          32     3.6763619012885e-21           52.5342           37.2058           52.5342
     745          34     3.6763619012885e-21           50.2592           36.5396           50.2592
     745          35     3.6763619012885e-21           51.6152           36.1886           51.6152
     746          34     9.1909047532212e-22           50.3966           36.6536           50.3966
     746          35     9.1909047532212e-22           51.1685           35.9401           51.1685
     747          32     2.2977261883053e-22           50.7016           35.9506           50.7016
     749          32     1.4360788676908e-23           50.6191           37.4009           50.6191
     750          38      3.590197169227e-24           51.9012           36.9973           51.9012
     750          39      3.590197169227e-24           51.0158           37.2839           51.0158
     751          36     8.9754929230676e-25           51.6679           33.6395           51.6679
     751          38     8.9754929230676e-25           50.3306           36.4728           50.3306
     751          39     8.9754929230676e-25           51.4822           35.7243           51.4822
     752          37     2.2438732307669e-25           51.0163           36.1771           51.0163
     752          39     2.2438732307669e-25            50.196           40.1502            50.196
     753          33     5.6096830769172e-26           50.9548           36.1383           50.9548
     754          30     2.8048415384586e-26           55.8661           38.9512           55.8661
     755          41     1.4024207692293e-26           50.6908           36.0635           50.6908
     756          28     7.0121038461466e-27           51.3441           29.6627           51.3441
     756          29     7.0121038461466e-27           51.1324           34.4799           51.1324
     759          38     2.1912824519208e-28           50.2404           34.0865           50.2404
     761          33     2.1912824519208e-28           50.0048           32.9415           50.0048
     763          38     1.9478066239296e-28           50.4591           32.9209           50.4591
     763          39     1.9478066239296e-28           50.7403           34.5436           50.7403
     765          34      1.217379139956e-29           50.9633           36.2439           50.9633
     767          28      1.521723924945e-30           51.2107            34.954           51.2107
     815          32     8.4431097227996e-21           51.4717           35.2605           51.4717
     818          38     4.2215548613998e-21           50.1591           33.5617           50.1591
     824          28     2.4735673016014e-23           50.5913           35.7382           50.5913
     829          39      9.853557726376e-18           52.0526           36.9528           52.0526
     830          38      2.463389431594e-18           50.8515           40.4803           50.8515
     856          42     6.8797601320383e-20           50.1833           37.9989           50.1833
     858          32      4.299850082524e-21           51.2541            38.339           51.2541
     861          32     2.0379820706621e-17           51.8581           37.0021           51.8581
     862          32     1.6796289384859e-23           50.6245            39.433           50.6245
     863          35     4.1990723462148e-24           50.6244           38.8894           50.6244
     865          36     2.6244202163842e-25           50.7404           35.9347           50.7404
     865          39     2.6244202163842e-25           50.7563           36.3221           50.7563
     866          40     6.5610505409606e-26           50.8464           38.1192           50.8464
     866          41     6.5610505409606e-26           50.6377           35.5432           50.6377
     866          43     6.5610505409606e-26           50.9685           37.5135           50.9685
     869          43     1.0251641470251e-27           51.1769           36.9454           51.1769
     871          38     6.4072759189069e-29           52.7042           43.2426           52.7042
     872          36     1.6018189797267e-29           52.5813           41.4141           52.5813
     872          39     1.6018189797267e-29           50.3795           41.5144           50.3795
     875          40      5.005684311646e-31           51.0115           37.5181           51.0115
     922          43     1.3713756503524e-18           51.3679           35.0751           51.3679
     923          39     1.3713756503524e-18           51.3802           30.4259           51.3802
     924          41     8.5710978147026e-20           50.1689           34.3229           50.1689
     930          43     4.1851063548352e-23           51.0202           37.2135           51.0202
     943          38     3.5693312990818e-22           50.7823           34.7333           50.7823
     943          40     3.5693312990818e-22           51.3106            33.079           51.3106
     945          37     4.4616641238523e-23           50.8083           34.5621           50.8083
     945          38     4.4616641238523e-23           50.2621            35.746           50.2621
     945          39     4.4616641238523e-23           50.5975           36.1588           50.5975
     947          41     1.3942700387038e-24           50.3345           34.7053           50.3345
     947          42     1.3942700387038e-24           50.6096           34.8542           50.6096
     952          34     5.4463673386869e-27           51.8139           32.6994           51.8139
     958          39     2.8473155268883e-21           50.6478            31.404           50.6478
     959          39     7.1182888172207e-22            51.444           37.0853            51.444
     967          38     1.0861646754792e-26           50.8403           38.4429           50.8403
     976          42     3.0937307651183e-30           50.4795           35.9489           50.4795
     977          33     7.7343269127957e-31           50.2349           40.6096           50.2349
     977          34     7.7343269127957e-31           51.2342           44.8111           51.2342
     978          32     1.9335817281989e-31           50.7536           38.1834           50.7536
     978          34     1.9335817281989e-31           51.4294           39.5708           51.4294
     979          37     4.8339543204973e-32           51.4982           40.0145           51.4982
     981          35     3.0212214503108e-33           51.0206           38.1276           51.0206
     983          36     1.8882634064443e-34           54.3244           41.0814           54.3244
     983          37     1.8882634064443e-34           52.4809           39.8228           52.4809
     983          39     1.8882634064443e-34           51.7684           40.4107           51.7684
     984          36     9.4413170322213e-35           50.0768           37.6319           50.0768
     986          35     4.9419862690943e-20           50.5515           42.1669           50.5515
     986          36     5.9008231451383e-36           52.6995           37.1814           52.6995
     987          32     3.2946575127295e-20           50.2213           42.7699           50.2213
     987          37     1.4752057862846e-36            50.861           39.4071            50.861
     987          38     1.4752057862846e-36           51.9288           36.3787           51.9288
     988          32     8.2366437818238e-21           50.6817            40.484           50.6817
     988          34     8.2366437818238e-21           50.4808           38.8952           50.4808
     989          37     2.0591609454559e-21           53.3033           43.8739           53.3033
     989          38     2.0591609454559e-21           50.3512           41.9095           50.3512
     989          39     2.0591609454559e-21           51.0901           39.6314           51.0901
     990          33     5.1479023636399e-22           50.6486           39.9759           50.6486
     993          37     9.0088291363698e-22           50.3837           41.0304           50.3837
     995          34     5.6305182102311e-23           50.9837           37.3955           50.9837
     996          34     5.6305182102311e-23           51.6225           37.9117           51.6225
     996          38     1.4076295525578e-23           50.3709            40.509           50.3709
     996          45     1.4076295525578e-23            52.489           37.9662            52.489
