Using WEST data from '/ix/lchong/dty7/d1d2/2kod/post-ls6-h2p/wt_oamin_rev_1d_ss_v02/west.h5'
# successful (recycled) segments
# column 0:    iteration
# column 1:    seg_id
# column 2:    weight
# column>2:    final progress coordinate value
     135         113     2.1462661260994e-06                -1
     149           0     1.9084146899786e-06                -1
     151         115     2.1204607666429e-07                -1
     161           2     3.9896520290701e-07                -1
     163           1      4.581328173575e-07                -1
     163         116     3.7215968894827e-07                -1
     163         119     4.5010685525248e-07                -1
     165         109     1.9948260145351e-07                -1
     165         111     1.8175713755565e-07                -1
     169         117     2.0525691018422e-07                -1
     169         121     1.9278122296382e-07                -1
     169         122     1.9278122296382e-07                -1
     170           0     2.0525691018422e-07                -1
     170         115     1.1859488162363e-06                -1
     173         120     1.2852081530921e-07                -1
     180         109     1.3105550330255e-07                -1
     182           3     1.3105550330255e-07                -1
     204           2     3.7207826996968e-08                -1
     214         109     7.4437859185828e-11                -1
     216         112     1.3681426186629e-09                -1
     218         115     1.7101782733286e-10                -1
     219           3     5.1003811787225e-09                -1
     238           0     2.0143158633579e-09                -1
     244         111     1.1803275113782e-10                -1
     250         122     8.9453342624075e-11                -1
     254           2     3.4603010230637e-10                -1
     258           1     1.4153852359446e-10                -1
     269           3     9.6580312606212e-11                -1
     286           2     1.0999929806409e-11                -1
     288           3     1.4705727772281e-11                -1
     292           0     1.0240284447318e-11                -1
     292         113     3.2000888897869e-13                -1
     293           0     1.0999929806409e-11                -1
     294           3     3.6666432688031e-12                -1
     298         109     1.9333870375796e-13                -1
     306         109     1.0311397533758e-12                -1
     321           1     4.3546766600548e-13                -1
     334           0     3.7915502030248e-13                -1
     341           3     1.7322014961263e-13                -1
     341         109     5.8568750574974e-14                -1
     343           1     1.7073404750033e-13                -1
     345         114     2.7843805551975e-14                -1
     353           0     1.4390607972819e-14                -1
     362           3     8.4970021964347e-14                -1
     368         117     3.5043528828169e-15                -1
     371         116     3.1059295216835e-15                -1
     372           3     2.3860900843235e-14                -1
     385           1     8.0333707719121e-15                -1
     385         110     5.9171771265839e-16                -1
     387         119     6.2606392191682e-16                -1
     393         119     7.2806705533674e-16                -1
     394         119     9.0898964364068e-16                -1
     401         114     3.6706601248152e-08                -1
     422         114     4.8013753774628e-07                -1
     422         116      1.119400514185e-05                -1
     427         111     2.7921030058883e-06                -1
     431           2     6.0797179887429e-07                -1
     478         117     3.9436313172848e-09                -1
