3.044339942932128906e+01 1.032579994201660156e+01 6.909802727585672977e-41
2.884379959106445312e+01 9.400500297546386719e+00 1.992366156577024911e-41
3.038599967956542969e+01 9.345899581909179688e+00 8.575245952435718066e-41
2.727260017395019531e+01 8.023900032043457031e+00 1.019542723688807156e-40
2.967869949340820312e+01 1.063039970397949219e+01 1.228616454566069863e-40
3.077770042419433594e+01 1.047029972076416016e+01 7.738390509540937311e-41
2.728339958190917969e+01 1.129409980773925781e+01 3.859844735498718649e-12
2.826679992675781250e+01 1.140120029449462891e+01 6.541110535163152662e-12
3.171199989318847656e+01 1.096059989929199219e+01 1.423579109907581662e-41
2.641860008239746094e+01 1.166149997711181641e+01 3.163564896158099771e-12
2.811800003051757812e+01 9.657799720764160156e+00 1.944869395739678986e-12
2.843180084228515625e+01 1.072249984741210938e+01 1.944869395739678986e-12
2.800869941711425781e+01 1.125010013580322266e+01 5.787347597679959321e-12
2.795109939575195312e+01 1.092049980163574219e+01 8.128178983829101312e-14
3.336700057983398438e+01 1.229090023040771484e+01 6.070869067870132696e-12
3.134930038452148438e+01 1.295860004425048828e+01 1.819436528521789498e-12
2.970599937438964844e+01 1.164099979400634766e+01 3.638873057043578996e-12
3.260229873657226562e+01 1.297309970855712891e+01 1.819436528521789498e-12
3.223730087280273438e+01 1.240620040893554688e+01 4.262560790446734416e-12
3.073290061950683594e+01 1.234759998321533203e+01 3.049904079288623393e-12
2.881850051879882812e+01 1.229249954223632812e+01 2.131280395223367208e-12
3.207830047607421875e+01 1.269480037689208984e+01 4.053326684710922834e-13
3.232379913330078125e+01 1.281350040435791016e+01 4.053326684710922834e-13
3.337379837036132812e+01 1.211550045013427734e+01 4.053326684710922834e-13
3.663309860229492188e+01 1.417860031127929688e+01 4.222594946622848511e-02
3.212609863281250000e+01 1.292269992828369141e+01 4.222835600376129150e-02
3.526630020141601562e+01 1.415970039367675781e+01 1.575284749269485474e-01
3.407009887695312500e+01 1.387950038909912109e+01 2.328508496284484863e-01
3.390319824218750000e+01 1.431529998779296875e+01 2.909005284309387207e-01
3.523189926147460938e+01 1.469750022888183594e+01 2.342634350061416626e-01
2.489669990539550781e+01 1.140209960937500000e+01 1.354696469070418643e-14
2.424790000915527344e+01 1.156029987335205078e+01 1.354696469070418643e-14
2.977400016784667969e+01 1.065250015258789062e+01 1.354696469070418643e-14
0.000000000000000000e+00 0.000000000000000000e+00 1.895956822231477497e-42
3.054630088806152344e+01 9.126000404357910156e+00 1.895956822231477497e-42
3.307870101928710938e+01 9.799200057983398438e+00 1.895956822231477497e-42
0.000000000000000000e+00 0.000000000000000000e+00 8.017379400371282827e-07
0.000000000000000000e+00 0.000000000000000000e+00 8.017379400371282827e-07
0.000000000000000000e+00 0.000000000000000000e+00 8.017379400371282827e-07
0.000000000000000000e+00 0.000000000000000000e+00 1.126653674868305366e-12
0.000000000000000000e+00 0.000000000000000000e+00 1.126653674868305366e-12
0.000000000000000000e+00 0.000000000000000000e+00 1.126653674868305366e-12
0.000000000000000000e+00 0.000000000000000000e+00 0.000000000000000000e+00
0.000000000000000000e+00 0.000000000000000000e+00 0.000000000000000000e+00
0.000000000000000000e+00 0.000000000000000000e+00 0.000000000000000000e+00
0.000000000000000000e+00 0.000000000000000000e+00 0.000000000000000000e+00
0.000000000000000000e+00 0.000000000000000000e+00 0.000000000000000000e+00
0.000000000000000000e+00 0.000000000000000000e+00 0.000000000000000000e+00
0.000000000000000000e+00 0.000000000000000000e+00 0.000000000000000000e+00
0.000000000000000000e+00 0.000000000000000000e+00 0.000000000000000000e+00
0.000000000000000000e+00 0.000000000000000000e+00 0.000000000000000000e+00
0.000000000000000000e+00 0.000000000000000000e+00 0.000000000000000000e+00
0.000000000000000000e+00 0.000000000000000000e+00 0.000000000000000000e+00
0.000000000000000000e+00 0.000000000000000000e+00 0.000000000000000000e+00
2.362339973449707031e+01 7.565199851989746094e+00 0.000000000000000000e+00
0.000000000000000000e+00 0.000000000000000000e+00 0.000000000000000000e+00
2.390270042419433594e+01 7.632699966430664062e+00 0.000000000000000000e+00
0.000000000000000000e+00 0.000000000000000000e+00 0.000000000000000000e+00
0.000000000000000000e+00 0.000000000000000000e+00 0.000000000000000000e+00
1.742210006713867188e+01 7.561999797821044922e+00 0.000000000000000000e+00
0.000000000000000000e+00 0.000000000000000000e+00 1.030276669925535255e-40
0.000000000000000000e+00 0.000000000000000000e+00 3.939610502602790713e-41
0.000000000000000000e+00 0.000000000000000000e+00 4.920099038090865218e-41
0.000000000000000000e+00 0.000000000000000000e+00 3.905278690226832695e-41
0.000000000000000000e+00 0.000000000000000000e+00 4.619940907032489401e-41
0.000000000000000000e+00 0.000000000000000000e+00 3.905278690226832695e-41
0.000000000000000000e+00 0.000000000000000000e+00 3.505348108508529903e-41
0.000000000000000000e+00 0.000000000000000000e+00 2.081768998600948241e-41
0.000000000000000000e+00 0.000000000000000000e+00 2.081768998600948241e-41
0.000000000000000000e+00 0.000000000000000000e+00 2.572363590961066697e-41
0.000000000000000000e+00 0.000000000000000000e+00 2.095922113090628893e-41
0.000000000000000000e+00 0.000000000000000000e+00 2.095922113090628893e-41
0.000000000000000000e+00 0.000000000000000000e+00 0.000000000000000000e+00
0.000000000000000000e+00 0.000000000000000000e+00 0.000000000000000000e+00
1.657990074157714844e+01 5.463200092315673828e+00 0.000000000000000000e+00
0.000000000000000000e+00 0.000000000000000000e+00 0.000000000000000000e+00
1.735160064697265625e+01 5.846600055694580078e+00 0.000000000000000000e+00
1.561979961395263672e+01 5.800700187683105469e+00 0.000000000000000000e+00
2.946769905090332031e+01 9.315799713134765625e+00 2.799794331720984508e-42
2.534560012817382812e+01 8.165599822998046875e+00 2.799794331720984508e-42
2.437089920043945312e+01 9.437500000000000000e+00 2.799794331720984508e-42
2.635169982910156250e+01 9.539600372314453125e+00 2.382207389352189021e-42
0.000000000000000000e+00 0.000000000000000000e+00 2.382207389352189021e-42
2.497890090942382812e+01 8.957500457763671875e+00 2.382207389352189021e-42
0.000000000000000000e+00 0.000000000000000000e+00 0.000000000000000000e+00
0.000000000000000000e+00 0.000000000000000000e+00 0.000000000000000000e+00
0.000000000000000000e+00 0.000000000000000000e+00 0.000000000000000000e+00
0.000000000000000000e+00 0.000000000000000000e+00 0.000000000000000000e+00
0.000000000000000000e+00 0.000000000000000000e+00 0.000000000000000000e+00
0.000000000000000000e+00 0.000000000000000000e+00 0.000000000000000000e+00
0.000000000000000000e+00 0.000000000000000000e+00 0.000000000000000000e+00
0.000000000000000000e+00 0.000000000000000000e+00 0.000000000000000000e+00
0.000000000000000000e+00 0.000000000000000000e+00 0.000000000000000000e+00
0.000000000000000000e+00 0.000000000000000000e+00 0.000000000000000000e+00
1.477550029754638672e+01 5.054299831390380859e+00 0.000000000000000000e+00
0.000000000000000000e+00 0.000000000000000000e+00 0.000000000000000000e+00
0.000000000000000000e+00 0.000000000000000000e+00 0.000000000000000000e+00
1.370699977874755859e+01 5.275899887084960938e+00 0.000000000000000000e+00
0.000000000000000000e+00 0.000000000000000000e+00 0.000000000000000000e+00
0.000000000000000000e+00 0.000000000000000000e+00 0.000000000000000000e+00
0.000000000000000000e+00 0.000000000000000000e+00 0.000000000000000000e+00
1.325339984893798828e+01 5.452799797058105469e+00 0.000000000000000000e+00
0.000000000000000000e+00 0.000000000000000000e+00 0.000000000000000000e+00
0.000000000000000000e+00 0.000000000000000000e+00 0.000000000000000000e+00
0.000000000000000000e+00 0.000000000000000000e+00 0.000000000000000000e+00
0.000000000000000000e+00 0.000000000000000000e+00 0.000000000000000000e+00
0.000000000000000000e+00 0.000000000000000000e+00 0.000000000000000000e+00
0.000000000000000000e+00 0.000000000000000000e+00 0.000000000000000000e+00
0.000000000000000000e+00 0.000000000000000000e+00 0.000000000000000000e+00
0.000000000000000000e+00 0.000000000000000000e+00 0.000000000000000000e+00
0.000000000000000000e+00 0.000000000000000000e+00 0.000000000000000000e+00
0.000000000000000000e+00 0.000000000000000000e+00 0.000000000000000000e+00
0.000000000000000000e+00 0.000000000000000000e+00 0.000000000000000000e+00
0.000000000000000000e+00 0.000000000000000000e+00 0.000000000000000000e+00
0.000000000000000000e+00 0.000000000000000000e+00 0.000000000000000000e+00
0.000000000000000000e+00 0.000000000000000000e+00 0.000000000000000000e+00
0.000000000000000000e+00 0.000000000000000000e+00 0.000000000000000000e+00
