1.001046981811523438e+02 0.000000000000000000e+00
9.864980316162109375e+01 0.000000000000000000e+00
9.964900207519531250e+01 0.000000000000000000e+00
1.009380035400390625e+02 0.000000000000000000e+00
9.772920227050781250e+01 0.000000000000000000e+00
3.525540161132812500e+01 6.539743363437400090e-23
3.411560058593750000e+01 6.539743363437400090e-23
3.535329818725585938e+01 6.539743363437400090e-23
3.375849914550781250e+01 6.539743363437400090e-23
3.301330184936523438e+01 6.539743363437400090e-23
3.617269897460937500e+01 1.089957248275857488e-22
3.426860046386718750e+01 1.089957248275857488e-22
3.470080184936523438e+01 2.179914496551714975e-22
3.667119979858398438e+01 1.089957248275857488e-22
3.237210083007812500e+01 1.089957248275857488e-22
3.431829833984375000e+01 2.915073941774408831e-21
3.558909988403320312e+01 1.983124725020753062e-21
3.562570190429687500e+01 2.172330577135537421e-21
3.135400009155273438e+01 2.192287925000513106e-21
3.608990097045898438e+01 2.253637423029384974e-21
3.550120162963867188e+01 5.596210058767597576e-22
3.846300125122070312e+01 3.847646472239159551e-22
4.121120071411132812e+01 2.798105029383798788e-22
3.984260177612304688e+01 7.659708628112375196e-22
3.928649902343750000e+01 7.077797366549298792e-22
4.238470077514648438e+01 1.030336949042975903e-03
4.458499908447265625e+01 1.030336949042975903e-03
4.593539810180664062e+01 1.030336949042975903e-03
4.514229965209960938e+01 1.030337065458297729e-03
4.400870132446289062e+01 1.030336949042975903e-03
4.745190048217773438e+01 5.453624203801155090e-02
5.030519866943359375e+01 3.686816990375518799e-02
5.048640060424804688e+01 3.528211265802383423e-02
5.134370040893554688e+01 6.191597878932952881e-02
5.031790161132812500e+01 3.686816990375518799e-02
5.061640167236328125e+01 7.498752325773239136e-02
4.812239837646484375e+01 7.779809832572937012e-02
5.016139984130859375e+01 7.645378261804580688e-02
5.331000137329101562e+01 5.287489667534828186e-02
5.201399993896484375e+01 6.250559538602828979e-02
5.685649871826171875e+01 4.839804396033287048e-02
4.642800140380859375e+01 2.726812101900577545e-02
4.810160064697265625e+01 3.293471038341522217e-02
4.557450103759765625e+01 2.083519659936428070e-02
4.997980117797851562e+01 2.083519659936428070e-02
5.600920104980468750e+01 2.384354919195175171e-02
5.202180099487304688e+01 1.209951099008321762e-02
5.038159942626953125e+01 1.209951099008321762e-02
6.076940155029296875e+01 2.738901227712631226e-02
6.345709991455078125e+01 1.748966425657272339e-02
6.205770111083984375e+01 9.333083406090736389e-03
6.134769821166992188e+01 9.333083406090736389e-03
6.058010101318359375e+01 1.123810000717639923e-02
5.987969970703125000e+01 1.056394074112176895e-02
6.135020065307617188e+01 1.843971014022827148e-02
6.735399627685546875e+01 8.924356661736965179e-03
6.589779663085937500e+01 9.806200861930847168e-03
6.479799652099609375e+01 1.184834819287061691e-02
6.029550170898437500e+01 1.426314469426870346e-02
6.723870086669921875e+01 8.924356661736965179e-03
6.340570068359375000e+01 8.925089612603187561e-03
6.731469726562500000e+01 6.646040827035903931e-03
6.615319824218750000e+01 1.232643052935600281e-02
6.323600006103515625e+01 6.449691485613584518e-03
6.078430175781250000e+01 1.015838887542486191e-02
6.493620300292968750e+01 1.706237671896815300e-03
7.148819732666015625e+01 1.706237671896815300e-03
6.754000091552734375e+01 1.706237671896815300e-03
7.054460144042968750e+01 1.706237671896815300e-03
6.916870117187500000e+01 1.706237671896815300e-03
7.158090209960937500e+01 3.861833062768728348e-24
7.275749969482421875e+01 7.640237773923092929e-24
7.704720306396484375e+01 3.861833062768728348e-24
7.423940277099609375e+01 3.861833062768728348e-24
7.493379974365234375e+01 3.820118886961546465e-24
8.131690216064453125e+01 7.880397010186767321e-24
7.501229858398437500e+01 3.624095235053629852e-24
8.228220367431640625e+01 3.624095235053629852e-24
7.782230377197265625e+01 4.259570814724373343e-24
7.477339935302734375e+01 3.624095235053629852e-24
8.419539642333984375e+01 2.506840449117339829e-23
8.460910034179687500e+01 1.576079402037353464e-23
7.534510040283203125e+01 1.671667255644793907e-23
8.164459991455078125e+01 2.013090041956792877e-23
8.323750305175781250e+01 2.523634982245133082e-23
7.643599700927734375e+01 3.852204226559600678e-24
7.673799896240234375e+01 3.852204226559600678e-24
7.629789733886718750e+01 3.852204226559600678e-24
7.939849853515625000e+01 3.852204226559600678e-24
7.941179656982421875e+01 3.852204226559600678e-24
8.876329803466796875e+01 0.000000000000000000e+00
9.521510314941406250e+01 0.000000000000000000e+00
9.335299682617187500e+01 0.000000000000000000e+00
8.668029785156250000e+01 0.000000000000000000e+00
8.640709686279296875e+01 0.000000000000000000e+00
9.383820343017578125e+01 0.000000000000000000e+00
9.235610198974609375e+01 0.000000000000000000e+00
9.538189697265625000e+01 0.000000000000000000e+00
9.148380279541015625e+01 0.000000000000000000e+00
9.596900177001953125e+01 0.000000000000000000e+00
9.973850250244140625e+01 0.000000000000000000e+00
1.010513992309570312e+02 0.000000000000000000e+00
1.004935989379882812e+02 0.000000000000000000e+00
9.468190002441406250e+01 0.000000000000000000e+00
8.869719696044921875e+01 0.000000000000000000e+00
9.581739807128906250e+01 0.000000000000000000e+00
9.223049926757812500e+01 0.000000000000000000e+00
9.497940063476562500e+01 0.000000000000000000e+00
9.574469757080078125e+01 0.000000000000000000e+00
9.649369812011718750e+01 0.000000000000000000e+00
6.821379852294921875e+01 3.170813200995326042e-03
6.532369995117187500e+01 3.170813200995326042e-03
6.938169860839843750e+01 3.170813200995326042e-03
7.169120025634765625e+01 3.170813200995326042e-03
7.180130004882812500e+01 3.170813200995326042e-03
4.868420028686523438e+01 2.872109147733503676e-11
4.092359924316406250e+01 2.872109147733503676e-11
4.648960113525390625e+01 2.872109147733503676e-11
4.644210052490234375e+01 2.872109147733503676e-11
4.522050094604492188e+01 2.872109147733503676e-11
