Using WEST data from '/ix/lchong/dty7/d1d2/2kod/o_angle/4d_oamax_1_2_c2_ss_v02/west.h5'
# successful (recycled) segments
# column 0:    iteration
# column 1:    seg_id
# column 2:    weight
# column>2:    final progress coordinate value
     144           2      9.688590724723e-15           55.3078           40.6329           55.3078           75.5043
     150          35     2.8084846644245e-16           56.0476           43.0965           56.0476           77.9217
     219           6     5.5592756133073e-11           55.6245           55.6245           43.2068           77.3001
     235           5      1.014057306992e-14            55.614            55.614           43.8127           75.9167
     235          33     2.9069642800438e-12           56.4961           56.4961           43.0813           75.3466
     236          39       2.53514326748e-15           55.0755           55.0755           39.5862           73.0217
     237           4       1.26757163374e-15           55.3103           55.3103           43.6416           76.6813
     254          35     4.6188163286034e-20           55.5996           55.5996           42.3884          74.89211
     257          36     7.2169005134428e-22           55.3317           55.3317           46.3106            74.222
     259           5     4.5105628209018e-23           55.6223           55.6223            43.794           72.0743
     259          37     4.5105628209018e-23           55.7563           55.7563           45.1239           74.8177
     259          38     4.5105628209018e-23           55.2362           55.2362           43.7543           78.2578
     263          36     1.7619386019148e-25           55.5091           55.5091           42.8911           72.6283
     263          38     1.7619386019148e-25           55.4349           55.4349           42.0288           73.8469
     263          39     1.7619386019148e-25           56.5562           56.5562            47.254           73.6123
     266           5     1.4682821682623e-26           55.0959           55.0959           40.7307           72.4154
     280           5     9.9823436032187e-34           55.4075           55.4075           44.7072           73.9767
     287          35     1.2185478031273e-37           55.0924           55.0924           40.5557           72.3577
     288          35     6.0927390156364e-38           55.0395           55.0395           43.6485           72.5861
     292          39     4.7599523559659e-40           55.3651           55.3651           42.7386           72.6675
     308          10     3.3330863607736e-27           57.3825           57.3825           38.2581            73.053
     310          11     1.2499073852901e-28           56.1968           56.1968           38.1035           73.7126
     311           9     3.1247684632252e-29           55.0324           55.0324           39.5116           73.5568
     582          35     6.3033957160052e-15           55.9488           55.9488           37.2667           72.1876
     612           9     2.7840157289277e-18           55.0487           55.0487           39.1222           72.0997
     625          35     5.7391466864042e-19           55.6741           55.6741            37.896           72.8219
     698           6      0.0022632869883856           55.2754           55.2754           35.1582            77.825
     729          26      1.189731358723e-10           55.7119           55.7119           34.0001           72.1112
