#Frame    helix_angle
       1      79.5056
       2      86.6910
       3      82.4096
       4      83.9056
       5      84.3085
       6      84.3314
       7      82.3751
       8      83.0532
       9      80.1931
      10      82.6404
      11      82.9874
      12      80.9684
      13      85.1570
      14      82.5182
      15      84.2642
      16      84.3409
      17      80.7918
      18      81.0431
      19      81.2109
      20      82.2948
      21      82.4775
      22      84.4077
      23      82.6254
      24      81.6975
      25      79.8493
      26      85.5910
      27      83.1123
      28      82.5463
      29      81.7600
      30      80.7148
      31      76.3642
      32      79.7454
      33      82.5146
      34      83.2695
      35      80.7667
      36      82.9631
      37      82.2255
      38      81.1537
      39      81.4910
      40      80.3595
      41      84.9316
      42      81.3121
      43      79.6816
      44      79.4815
      45      75.4046
      46      80.3035
      47      85.1900
      48      80.1379
      49      82.1280
      50      81.2774
      51      81.3730
      52      76.2936
      53      83.3679
      54      79.7076
      55      81.0824
      56      82.5503
      57      82.6141
      58      82.5300
      59      81.2067
      60      80.7624
      61      82.2579
      62      79.6970
      63      81.8057
      64      84.2785
      65      79.7099
      66      78.4420
      67      84.0477
      68      79.1821
      69      78.2992
      70      83.8476
      71      85.0259
      72      85.3976
      73      83.8743
      74      85.0784
      75      85.0432
      76      84.5434
      77      84.4731
      78      84.1585
      79      79.7811
      80      81.8667
      81      83.7036
      82      86.4671
      83      83.6467
      84      83.0749
      85      81.0426
      86      81.7790
      87      84.8336
      88      83.3311
      89      84.3297
      90      81.5719
      91      80.6190
      92      81.7314
      93      81.1129
      94      86.6277
      95      83.8756
      96      83.2450
      97      85.1115
      98      78.9691
      99      83.2546
     100      82.4223
     101      79.4672
     102      74.9198
     103      81.3194
     104      83.2725
     105      85.7581
     106      86.9162
     107      81.7177
     108      83.4034
     109      86.9461
     110      85.7833
     111      82.1924
     112      81.5180
     113      81.2351
     114      81.9559
     115      79.4499
     116      85.6902
     117      84.2343
     118      82.5141
     119      84.2418
     120      85.2476
     121      81.5816
     122      83.6515
     123      81.6258
     124      81.5025
     125      81.3877
     126      82.4462
     127      81.4387
     128      81.5157
     129      80.5513
     130      82.5922
     131      81.6363
     132      81.4085
     133      81.7022
     134      79.7856
     135      81.1404
     136      79.0993
     137      80.4904
     138      78.7639
     139      83.2089
     140      87.6925
     141      84.1802
     142      85.1444
     143      82.7096
     144      82.0016
     145      85.9842
     146      86.6678
     147      85.3012
     148      83.5297
     149      84.7512
     150      83.8218
     151      83.6238
     152      79.3964
     153      77.6193
     154      82.2615
     155      82.8658
     156      80.4131
     157      83.2869
     158      80.9990
     159      83.3310
     160      83.0332
     161      81.1384
     162      79.4762
     163      82.7353
     164      82.2720
     165      81.4056
     166      84.6399
     167      83.4633
     168      84.1275
     169      81.5658
     170      82.7290
     171      83.4544
     172      85.0512
     173      82.5617
     174      85.8171
     175      83.5627
     176      81.5154
     177      83.9678
     178      83.3791
     179      83.6420
     180      80.4420
     181      81.9186
     182      84.2983
     183      82.0027
     184      84.0348
     185      83.0445
     186      82.6622
     187      79.7958
     188      86.2339
     189      79.8760
     190      81.5716
     191      80.9026
     192      81.3077
     193      84.3281
     194      84.9766
     195      84.2701
     196      79.2828
     197      81.2577
     198      82.4264
     199      82.9965
     200      81.3464
     201      82.6268
     202      84.4250
     203      80.0441
     204      86.5969
     205      81.1311
     206      81.6552
     207      80.9418
     208      80.1454
     209      82.2777
     210      79.5978
     211      81.2333
     212      81.7805
     213      83.6196
     214      80.0982
     215      83.6539
     216      79.6919
     217      80.1727
     218      79.7401
     219      81.8320
     220      79.6287
     221      78.8078
     222      78.7194
     223      83.2665
     224      83.8894
     225      82.4045
     226      82.0654
     227      83.2302
     228      82.8538
     229      84.5953
     230      84.7214
     231      85.5529
     232      84.0914
     233      79.2640
     234      84.0439
     235      83.3367
     236      84.1978
     237      81.6430
     238      79.9784
     239      79.8037
     240      84.8419
     241      80.4279
     242      84.7872
     243      79.6922
     244      82.8941
     245      78.7005
     246      80.5664
     247      78.9980
     248      82.2725
     249      82.1954
     250      81.5590
     251      81.3082
     252      83.8064
     253      82.9864
     254      79.7265
     255      81.2957
     256      83.5250
     257      81.0929
     258      81.5875
     259      84.7287
     260      81.9270
     261      80.0456
     262      82.2925
     263      82.9408
     264      79.3907
     265      84.4033
     266      81.9034
     267      81.6387
     268      83.2653
     269      79.7209
     270      81.8390
     271      80.2893
     272      82.0925
     273      81.7075
     274      79.3093
     275      81.9462
     276      84.5947
     277      81.6149
     278      81.1214
     279      83.1880
     280      83.8751
     281      87.9371
     282      88.0235
     283      77.2270
     284      86.0426
     285      87.6366
     286      83.2239
     287      82.7696
     288      82.7302
     289      80.6663
     290      83.3910
     291      82.0603
     292      84.7543
     293      79.4585
     294      83.8087
     295      82.6778
     296      85.1283
     297      84.4516
     298      85.2560
     299      85.1500
     300      83.7786
     301      85.8284
     302      86.0445
     303      85.7432
     304      82.5684
     305      84.3237
     306      81.6901
     307      87.0887
     308      84.1535
     309      82.5682
     310      87.2277
     311      85.3278
     312      83.7730
     313      82.4521
     314      86.4440
     315      86.0370
     316      84.4246
     317      83.9226
     318      81.5363
     319      84.4244
     320      82.6727
     321      84.5263
     322      83.9692
     323      84.6683
     324      80.4171
     325      85.0204
     326      84.8163
     327      82.6110
     328      82.1217
     329      80.9835
     330      83.7091
     331      78.9137
     332      82.6443
     333      75.3852
     334      81.5209
     335      82.9547
     336      79.3858
     337      84.7700
     338      83.0924
     339      78.4981
     340      84.9372
     341      81.2946
     342      83.2654
     343      79.6748
     344      79.6752
     345      82.9159
     346      82.2237
     347      80.1100
     348      79.7372
     349      83.0310
     350      79.7929
     351      82.4230
     352      85.9533
     353      83.9558
     354      88.9395
     355      83.3828
     356      85.7506
     357      85.7799
     358      85.3351
     359      84.0809
     360      85.4699
     361      81.9797
     362      79.6812
     363      87.0463
     364      84.5510
     365      83.7736
     366      83.9463
     367      82.8715
     368      84.9690
     369      81.5614
     370      82.1643
     371      82.4428
     372      82.5549
     373      85.0104
     374      81.7990
     375      81.9691
     376      83.7337
     377      79.6136
     378      80.4597
     379      85.4266
     380      83.7777
     381      81.5918
     382      82.0301
     383      85.7410
     384      82.1459
     385      79.2915
     386      85.8488
     387      83.6479
     388      84.2460
     389      80.9978
     390      80.5728
     391      82.4863
     392      83.7964
     393      82.9523
     394      80.8079
     395      82.5452
     396      81.9556
     397      85.3915
     398      82.3448
     399      84.0294
     400      81.4997
     401      81.5153
     402      83.7078
     403      80.6371
     404      78.3619
     405      82.5263
     406      80.2192
     407      80.6222
     408      79.9292
     409      78.0845
     410      80.4728
     411      78.3447
     412      78.2982
     413      85.7470
     414      82.5366
     415      81.2953
     416      81.7474
     417      78.7627
     418      82.3166
     419      79.9784
     420      84.4209
     421      79.7611
     422      85.0526
     423      80.9571
     424      82.8162
     425      84.8224
     426      82.1529
     427      83.3992
     428      83.1138
     429      81.9057
     430      83.5203
     431      77.2756
     432      79.9655
     433      79.4635
     434      82.3039
     435      81.7158
     436      84.8559
     437      84.1998
     438      83.2839
     439      86.5423
     440      83.1962
     441      81.7859
     442      85.5916
     443      82.8068
     444      81.4575
     445      81.0235
     446      80.4893
     447      81.3372
     448      82.8151
     449      81.1753
     450      81.6877
     451      82.9338
     452      80.7132
     453      80.3276
     454      83.8798
     455      83.6885
     456      85.0852
     457      84.3217
     458      78.3877
     459      81.1507
     460      82.7749
     461      79.2128
     462      84.3425
     463      82.6205
     464      85.6887
     465      84.9043
     466      86.0594
     467      81.4026
     468      81.8568
     469      86.2167
     470      81.3815
     471      82.7758
     472      81.8281
     473      87.8117
     474      86.3193
     475      81.4324
     476      83.4691
     477      85.0915
     478      80.6488
     479      81.8462
     480      83.3411
     481      84.2029
     482      85.2187
     483      80.1675
     484      83.1425
     485      81.2707
     486      82.4182
     487      80.5303
     488      82.3581
     489      81.0607
     490      83.2818
     491      79.7135
     492      79.6726
     493      76.7555
     494      82.2106
     495      77.1388
     496      79.5827
     497      76.3372
     498      78.8807
     499      79.6223
     500      78.2961
     501      82.0175
     502      84.7589
     503      80.0546
     504      85.0594
     505      84.3669
     506      83.7595
     507      82.4949
     508      85.6533
     509      79.1004
     510      81.9393
     511      81.5322
     512      80.0603
     513      80.4026
     514      78.4576
     515      84.3213
     516      85.8710
     517      82.0314
     518      83.3191
     519      82.2897
     520      81.4457
     521      81.8716
     522      83.4412
     523      80.7056
     524      84.0800
     525      80.5497
     526      79.7520
     527      79.5893
     528      79.6519
     529      79.2768
     530      79.6554
     531      81.2319
     532      81.6041
     533      81.8617
     534      83.6221
     535      80.2692
     536      82.6099
     537      80.2101
     538      80.2008
     539      81.5240
     540      81.6160
     541      79.4937
     542      80.7161
     543      79.7241
     544      80.5814
     545      78.9544
     546      81.6011
     547      81.6619
     548      86.0152
     549      81.6863
     550      85.0230
     551      84.1037
     552      80.6542
     553      82.7908
     554      82.2410
     555      86.1017
     556      84.1360
     557      82.6533
     558      80.0981
     559      81.8221
     560      81.2829
     561      83.4323
     562      80.8332
     563      83.4852
     564      83.8737
     565      82.3704
     566      81.2490
     567      85.2807
     568      81.7477
     569      79.8621
     570      83.6365
     571      87.0136
     572      82.5190
     573      81.4847
     574      85.6745
     575      83.8929
     576      83.5491
     577      81.0950
     578      82.3233
     579      85.6013
     580      85.5558
     581      82.6336
     582      81.6760
     583      79.0270
     584      84.8808
     585      86.9013
     586      77.3929
     587      82.3468
     588      81.6386
     589      80.9120
     590      82.5676
     591      85.7465
     592      85.0587
     593      82.6270
     594      83.9122
     595      83.2176
     596      83.4494
     597      82.6251
     598      85.1085
     599      79.8140
     600      83.8564
     601      80.8864
     602      83.2382
     603      83.2757
     604      82.8723
     605      77.7693
     606      79.0079
     607      82.0294
     608      82.9407
     609      81.1864
     610      84.2058
     611      83.3000
     612      83.5739
     613      82.3875
     614      79.8785
     615      79.3644
     616      77.7314
     617      79.7350
     618      84.1390
     619      79.0517
     620      82.9268
     621      82.4062
     622      81.1320
     623      79.5710
     624      86.8762
     625      85.8801
     626      79.4169
     627      82.0821
     628      81.7551
     629      82.5527
     630      81.6485
     631      83.3991
     632      83.6828
     633      82.8824
     634      83.1391
     635      85.2311
     636      82.9502
     637      83.3055
     638      86.1533
     639      83.6109
     640      79.7034
     641      83.9137
     642      80.7121
     643      84.3584
     644      83.6245
     645      82.5506
     646      79.6845
     647      83.3749
     648      82.4576
     649      81.9201
     650      80.9254
     651      84.0012
     652      84.6883
     653      81.1141
     654      84.5957
     655      80.0151
     656      82.0009
     657      78.1870
     658      80.4348
     659      81.3311
     660      77.1746
     661      81.0734
     662      83.3554
     663      83.2879
     664      82.3550
     665      81.0735
     666      81.7737
     667      82.5014
     668      81.6434
     669      81.3806
     670      84.7052
     671      84.3056
     672      82.3115
     673      80.1915
     674      84.0381
     675      85.7309
     676      82.0199
     677      81.5543
     678      83.2417
     679      77.8788
     680      81.3250
     681      83.9792
     682      80.4490
     683      86.5959
     684      82.0128
     685      80.5958
     686      80.5126
     687      84.5545
     688      75.7134
     689      84.2184
     690      81.0046
     691      79.1036
     692      79.7283
     693      85.4316
     694      84.4413
     695      81.7110
     696      82.8142
     697      80.4161
     698      85.2313
     699      81.6459
     700      83.1483
     701      81.6276
     702      81.9047
     703      84.5981
     704      81.1920
     705      80.0309
     706      79.2515
     707      86.0522
     708      81.1676
     709      81.2024
     710      79.2710
     711      78.2496
     712      81.8268
     713      79.9144
     714      84.9106
     715      79.3673
     716      85.2046
     717      82.3096
     718      82.5767
     719      78.8213
     720      80.4835
     721      78.8877
     722      79.8345
     723      80.6350
     724      82.5242
     725      79.7795
     726      82.3056
     727      81.2745
     728      84.3102
     729      81.3294
     730      82.6968
     731      84.6534
     732      80.1148
     733      81.1942
     734      78.2524
     735      82.4693
     736      80.3260
     737      80.7279
     738      80.1943
     739      81.0816
     740      77.0012
     741      78.3241
     742      81.1570
     743      78.5076
     744      81.9641
     745      82.6650
     746      82.7108
     747      81.4022
     748      81.2292
     749      83.5238
     750      80.1792
     751      79.3608
     752      78.0128
     753      80.7573
     754      80.6503
     755      77.9046
     756      80.3314
     757      82.5336
     758      80.7984
     759      83.3358
     760      81.6100
     761      82.3621
     762      80.5732
     763      80.0464
     764      82.6350
     765      81.5209
     766      82.3798
     767      83.5568
     768      81.2492
     769      81.6078
     770      81.1784
     771      78.7718
     772      79.3175
     773      79.0699
     774      80.6081
     775      78.3559
     776      79.4151
     777      84.9260
     778      82.9824
     779      78.5070
     780      84.3408
     781      81.9057
     782      81.7038
     783      86.1703
     784      78.2692
     785      82.6747
     786      84.8888
     787      85.3102
     788      80.9191
     789      79.2455
     790      83.5828
     791      84.5582
     792      79.8884
     793      83.3453
     794      82.6370
     795      83.5551
     796      85.9900
     797      83.3510
     798      85.6337
     799      82.8938
     800      84.3156
     801      82.7702
     802      83.9774
     803      85.5147
     804      84.0402
     805      85.4921
     806      81.4907
     807      84.1192
     808      78.5036
     809      82.3944
     810      84.9096
     811      80.7637
     812      79.6877
     813      79.5576
     814      78.5947
     815      82.7360
     816      81.5551
     817      80.7963
     818      84.3574
     819      84.8067
     820      81.8388
     821      83.8812
     822      82.3423
     823      83.9108
     824      83.4166
     825      78.5161
     826      82.9766
     827      81.6797
     828      79.5865
     829      83.9179
     830      82.5302
     831      83.3543
     832      81.1389
     833      84.4050
     834      81.7768
     835      80.7937
     836      82.0333
     837      81.2851
     838      83.4152
     839      81.5390
     840      82.6511
     841      81.0701
     842      81.3927
     843      82.4450
     844      80.0933
     845      80.0746
     846      82.5525
     847      80.9622
     848      83.3632
     849      85.1951
     850      83.7967
     851      84.2619
     852      81.4224
     853      81.4817
     854      81.1453
     855      81.9184
     856      82.9368
     857      81.2886
     858      82.6583
     859      81.1563
     860      82.5590
     861      81.1117
     862      79.1521
     863      78.9721
     864      84.5603
     865      83.4258
     866      81.6226
     867      79.0392
     868      83.8373
     869      80.4784
     870      80.9780
     871      81.1300
     872      77.1482
     873      81.1380
     874      80.4502
     875      80.7694
     876      82.8487
     877      81.9993
     878      82.7046
     879      81.2604
     880      82.2953
     881      85.2349
     882      80.8815
     883      81.1975
     884      78.3252
     885      81.4243
     886      78.8101
     887      78.4688
     888      78.9978
     889      80.6992
     890      78.1986
     891      83.8251
     892      82.2434
     893      82.4051
     894      80.6255
     895      84.1805
     896      85.6086
     897      77.4418
     898      81.9526
     899      78.3314
     900      81.4521
     901      82.3449
     902      84.2081
     903      83.7524
     904      80.8586
     905      81.1540
     906      81.9959
     907      82.9280
     908      82.4279
     909      88.6380
     910      83.9721
     911      84.2762
     912      80.1084
     913      80.5643
     914      79.4398
     915      82.7707
     916      79.4192
     917      80.2289
     918      78.6653
     919      87.2895
     920      80.3963
     921      85.4597
     922      79.6735
     923      78.4559
     924      80.3161
     925      81.2350
     926      80.5856
     927      80.6392
     928      78.7445
     929      82.9343
     930      85.0747
     931      80.9381
     932      81.7230
     933      76.9898
     934      82.0977
     935      83.0160
     936      79.8412
     937      78.2011
     938      81.8244
     939      82.0186
     940      79.5914
     941      80.3270
     942      82.9309
     943      80.0485
     944      82.8695
     945      80.8528
     946      81.3380
     947      79.2518
     948      78.9148
     949      78.4753
     950      81.1677
     951      80.3830
     952      79.3155
     953      81.9653
     954      78.8602
     955      81.3436
     956      76.7088
     957      78.9530
     958      81.1292
     959      84.7116
     960      81.9025
     961      82.5194
     962      81.2829
     963      84.8205
     964      81.8429
     965      82.4185
     966      82.1918
     967      79.3014
     968      83.8541
     969      82.1813
     970      79.1116
     971      82.1268
     972      83.0407
     973      80.4992
     974      79.6917
     975      79.5783
     976      86.4598
     977      81.9999
     978      86.7258
     979      79.9541
     980      82.3454
     981      81.1571
     982      82.1760
     983      80.0464
     984      80.6920
     985      82.9262
     986      83.8616
     987      82.4180
     988      81.0560
     989      84.0343
     990      86.9317
     991      82.4399
     992      83.7045
     993      84.1465
     994      84.4770
     995      82.5964
     996      83.4668
     997      84.2012
     998      81.8760
     999      83.4856
    1000      83.8814
