#Frame       C45-C133
       1       1.9983
       2       1.9524
       3       2.0666
       4       2.0318
       5       2.0029
       6       2.0388
       7       2.0717
       8       2.0365
       9       2.0493
      10       2.0646
      11       2.0569
      12       2.0683
      13       2.0652
      14       1.9857
      15       2.0762
      16       1.9928
      17       2.1319
      18       2.0215
      19       1.9573
      20       2.0436
      21       2.0964
      22       2.0585
      23       2.0998
      24       2.0271
      25       1.9936
      26       2.0511
      27       2.0022
      28       1.9934
      29       2.0089
      30       1.9790
      31       2.0177
      32       2.0832
      33       2.0163
      34       1.9976
      35       1.9865
      36       1.9184
      37       2.0547
      38       2.1061
      39       2.0230
      40       2.0972
      41       2.0413
      42       1.9658
      43       2.0962
      44       2.0482
      45       2.0254
      46       2.0874
      47       1.9562
      48       2.0759
      49       2.0220
      50       2.0113
      51       1.9896
      52       2.0875
      53       2.0431
      54       2.0568
      55       2.0693
      56       2.0756
      57       2.0649
      58       2.1526
      59       2.0319
      60       2.1068
      61       2.0321
      62       2.0161
      63       2.0183
      64       2.0663
      65       2.0075
      66       2.0312
      67       1.9624
      68       2.0429
      69       1.9958
      70       2.0275
      71       2.1170
      72       2.0785
      73       2.0470
      74       1.9750
      75       2.0744
      76       1.9761
      77       2.0736
      78       2.0814
      79       2.0203
      80       2.0310
      81       2.0310
      82       2.0097
      83       2.0253
      84       2.0277
      85       2.0186
      86       2.1767
      87       1.9746
      88       2.0297
      89       2.0091
      90       2.0185
      91       1.9865
      92       2.0985
      93       2.0792
      94       2.0396
      95       2.0459
      96       2.0141
      97       2.0555
      98       2.0119
      99       2.0749
     100       2.0404
     101       2.0064
     102       2.0371
     103       1.9669
     104       1.9829
     105       1.9938
     106       2.0269
     107       2.0516
     108       1.9685
     109       2.0201
     110       2.0003
     111       2.0354
     112       2.0134
     113       1.9929
     114       2.0694
     115       2.0508
     116       2.0172
     117       2.1027
     118       1.9864
     119       2.0836
     120       2.0321
     121       2.0283
     122       1.9293
     123       1.9758
     124       1.9575
     125       1.9958
     126       2.0183
     127       2.0327
     128       1.9122
     129       2.0812
     130       2.0442
     131       1.9492
     132       2.0157
     133       2.0581
     134       2.0875
     135       2.0683
     136       2.0279
     137       2.0098
     138       2.0331
     139       2.0696
     140       1.9807
     141       1.9905
     142       2.0676
     143       2.0677
     144       1.9898
     145       2.0403
     146       1.9945
     147       2.0154
     148       2.0430
     149       2.0473
     150       1.9857
     151       2.0491
     152       2.0069
     153       2.0229
     154       2.1250
     155       2.0403
     156       1.9912
     157       2.0694
     158       2.0338
     159       1.9973
     160       1.9225
     161       2.0167
     162       2.0983
     163       2.0715
     164       2.0507
     165       2.0954
     166       2.0293
     167       1.9849
     168       2.0754
     169       2.0226
     170       2.0540
     171       2.0544
     172       2.0188
     173       2.0371
     174       2.0331
     175       2.1079
     176       2.0395
     177       2.0426
     178       2.0879
     179       2.0020
     180       2.0430
     181       2.0941
     182       2.0820
     183       2.0055
     184       2.0259
     185       2.1355
     186       2.0192
     187       2.0844
     188       2.0349
     189       2.0615
     190       2.0297
     191       2.0313
     192       2.1213
     193       2.0330
     194       2.0595
     195       2.1133
     196       2.0214
     197       2.0758
     198       2.0123
     199       1.9932
     200       1.9778
     201       2.0557
     202       2.0100
     203       1.9948
     204       2.0071
     205       1.9524
     206       2.1210
     207       2.1375
     208       2.0663
     209       2.0706
     210       1.9889
     211       2.0585
     212       2.0831
     213       2.0158
     214       2.0438
     215       2.0286
     216       2.0040
     217       2.0695
     218       1.9966
     219       2.0388
     220       2.0247
     221       1.9357
     222       2.0630
     223       2.0039
     224       2.0942
     225       1.9956
     226       2.0517
     227       2.0727
     228       2.0588
     229       2.0129
     230       2.0514
     231       2.0251
     232       2.0158
     233       2.0621
     234       2.0702
     235       2.0028
     236       2.0598
     237       2.0031
     238       2.0119
     239       2.0148
     240       2.0122
     241       2.0731
     242       2.1082
     243       2.1077
     244       2.0697
     245       2.0499
     246       2.0261
     247       2.0677
     248       1.9900
     249       2.0226
     250       2.0983
     251       2.0266
     252       2.0740
     253       2.0524
     254       2.0577
     255       1.9973
     256       2.0445
     257       1.9786
     258       2.0044
     259       1.9992
     260       2.0454
     261       2.1051
     262       2.0340
     263       1.9819
     264       2.0090
     265       2.0869
     266       2.0017
     267       2.0838
     268       1.9832
     269       2.0641
     270       2.0654
     271       2.0363
     272       2.1617
     273       2.0315
     274       2.1874
     275       1.8901
     276       2.0288
     277       2.0709
     278       2.0778
     279       2.0813
     280       2.0429
     281       2.0368
     282       1.9701
     283       2.0250
     284       2.0346
     285       2.0824
     286       2.0411
     287       2.0196
     288       2.0228
     289       2.0587
     290       2.0396
     291       2.0603
     292       2.1007
     293       2.0226
     294       2.0449
     295       2.0014
     296       2.0382
     297       2.0085
     298       2.0517
     299       2.0755
     300       2.0946
     301       1.9975
     302       2.0311
     303       1.9938
     304       2.0574
     305       2.0546
     306       2.0096
     307       2.0136
     308       2.0905
     309       2.0459
     310       1.9525
     311       2.0617
     312       1.9759
     313       2.0545
     314       2.0485
     315       2.0044
     316       2.0256
     317       2.0711
     318       1.9943
     319       2.0810
     320       2.0577
     321       2.0765
     322       2.0913
     323       2.0435
     324       2.0344
     325       2.0683
     326       2.1093
     327       2.0539
     328       2.0575
     329       2.0131
     330       2.0111
     331       2.1017
     332       2.1017
     333       2.0328
     334       2.0242
     335       1.9844
     336       1.9903
     337       1.9911
     338       2.0612
     339       2.0474
     340       2.0623
     341       1.9808
     342       1.9728
     343       1.9729
     344       2.0855
     345       2.0198
     346       1.9599
     347       2.0392
     348       2.0559
     349       2.0015
     350       1.9919
     351       2.0992
     352       2.0291
     353       2.0403
     354       2.0386
     355       2.0374
     356       1.9748
     357       2.0981
     358       2.0222
     359       2.0275
     360       1.9944
     361       2.0333
     362       2.0806
     363       1.9978
     364       2.0469
     365       2.0099
     366       1.9434
     367       2.0544
     368       1.9969
     369       2.0872
     370       2.0194
     371       2.0909
     372       2.0333
     373       2.1071
     374       2.0576
     375       1.9932
     376       1.9866
     377       2.1020
     378       2.0801
     379       1.9545
     380       1.9472
     381       2.0832
     382       2.0786
     383       2.0549
     384       2.0044
     385       2.0572
     386       2.0648
     387       2.0528
     388       2.0429
     389       2.0574
     390       2.0500
     391       1.9959
     392       2.0142
     393       2.0923
     394       2.0431
     395       2.0886
     396       2.0298
     397       2.0072
     398       2.0448
     399       2.0615
     400       2.0027
     401       2.0250
     402       2.0139
     403       2.0659
     404       2.0504
     405       2.0340
     406       1.9538
     407       2.0239
     408       1.9863
     409       2.0117
     410       2.0118
     411       1.9905
     412       2.0073
     413       1.9690
     414       2.0005
     415       2.0154
     416       2.0366
     417       2.0010
     418       2.1312
     419       2.0154
     420       2.0603
     421       2.0041
     422       2.0652
     423       1.9896
     424       2.0613
     425       2.0484
     426       2.0928
     427       2.0491
     428       2.0572
     429       2.0405
     430       2.0916
     431       1.9951
     432       1.9718
     433       2.0255
     434       2.0642
     435       2.0106
     436       2.0740
     437       2.0954
     438       2.0741
     439       2.0342
     440       2.0682
     441       2.0178
     442       2.0016
     443       2.0539
     444       2.0152
     445       1.9691
     446       2.0730
     447       2.0239
     448       2.0675
     449       2.0468
     450       2.0180
     451       2.0228
     452       1.9959
     453       2.0187
     454       2.0768
     455       1.9890
     456       1.9876
     457       2.0389
     458       2.0524
     459       2.0551
     460       2.0181
     461       2.0337
     462       2.0800
     463       2.0695
     464       2.0244
     465       2.0669
     466       2.0081
     467       2.0418
     468       2.0090
     469       2.0422
     470       2.0198
     471       2.0108
     472       2.0596
     473       2.0438
     474       1.9388
     475       2.0573
     476       2.0480
     477       2.0527
     478       2.0366
     479       2.0055
     480       2.0541
     481       2.0779
     482       2.0680
     483       2.0857
     484       2.0088
     485       2.0280
     486       2.0810
     487       2.0308
     488       2.0650
     489       1.9821
     490       2.0009
     491       2.0461
     492       2.0695
     493       2.0376
     494       2.0828
     495       2.0207
     496       2.0264
     497       2.0016
     498       1.9964
     499       1.9487
     500       2.0682
     501       2.0447
     502       1.9749
     503       2.0409
     504       1.9923
     505       2.0050
     506       2.0322
     507       2.0202
     508       2.0573
     509       1.9943
     510       1.9140
     511       2.0184
     512       2.0935
     513       2.0434
     514       2.0806
     515       1.9966
     516       2.0711
     517       1.9830
     518       2.0294
     519       2.0211
     520       2.0011
     521       2.0553
     522       2.0731
     523       2.0530
     524       2.0673
     525       2.0028
     526       2.0320
     527       2.0006
     528       2.0656
     529       2.0364
     530       2.0359
     531       2.0241
     532       2.0316
     533       2.0811
     534       2.0183
     535       2.0454
     536       2.0782
     537       2.0786
     538       2.0719
     539       2.0237
     540       2.0416
     541       2.0271
     542       2.0951
     543       2.0185
     544       2.0987
     545       2.0862
     546       2.0358
     547       2.0224
     548       2.0694
     549       1.9886
     550       2.0387
     551       2.0560
     552       1.9756
     553       2.0642
     554       2.0170
     555       2.0280
     556       2.0467
     557       2.0589
     558       1.9639
     559       2.0979
     560       2.0442
     561       2.0550
     562       2.0303
     563       2.0393
     564       2.0233
     565       2.0327
     566       1.9592
     567       2.0462
     568       2.0504
     569       2.0150
     570       2.0430
     571       2.0240
     572       1.9790
     573       2.0110
     574       2.0814
     575       2.0383
     576       1.9779
     577       2.1117
     578       2.0825
     579       2.0342
     580       2.0385
     581       2.0072
     582       2.0339
     583       2.0348
     584       2.0314
     585       1.9604
     586       2.0080
     587       2.0306
     588       1.9848
     589       2.0482
     590       2.0877
     591       2.0848
     592       2.0449
     593       2.0101
     594       2.0271
     595       2.0188
     596       2.0690
     597       2.0510
     598       2.0348
     599       1.9711
     600       1.9983
     601       2.0648
     602       2.1357
     603       2.0266
     604       2.0193
     605       2.0001
     606       1.9647
     607       2.0850
     608       2.0360
     609       2.0380
     610       2.0721
     611       2.0544
     612       1.9838
     613       2.0390
     614       1.9709
     615       2.0684
     616       1.9459
     617       2.0207
     618       2.0138
     619       2.0403
     620       2.1186
     621       2.0343
     622       2.0102
     623       2.1252
     624       2.0191
     625       1.9959
     626       2.0243
     627       2.1238
     628       2.0263
     629       2.0695
     630       2.0511
     631       2.0221
     632       2.0176
     633       2.0244
     634       1.9804
     635       2.0468
     636       2.0255
     637       2.0832
     638       2.0625
     639       2.0453
     640       2.0484
     641       2.0908
     642       2.0769
     643       2.0889
     644       2.0178
     645       2.0112
     646       2.0391
     647       2.0166
     648       1.9603
     649       2.1027
     650       2.0869
     651       2.0718
     652       1.9735
     653       2.0032
     654       2.0015
     655       2.0399
     656       2.0290
     657       2.0873
     658       2.0231
     659       1.9722
     660       2.0581
     661       2.0760
     662       2.0552
     663       1.9906
     664       2.0182
     665       2.1108
     666       2.0497
     667       2.0170
     668       2.0405
     669       1.9823
     670       2.0097
     671       1.9792
     672       2.0661
     673       2.0949
     674       2.0587
     675       2.0134
     676       2.0167
     677       2.1066
     678       1.9653
     679       1.9572
     680       2.0299
     681       2.0057
     682       2.0549
     683       2.0115
     684       1.9932
     685       2.0022
     686       2.0305
     687       2.0629
     688       1.9545
     689       2.0456
     690       2.0482
     691       2.0314
     692       2.0028
     693       1.9509
     694       2.0524
     695       2.0626
     696       2.0379
     697       2.0263
     698       2.0571
     699       1.9503
     700       2.0597
     701       2.0395
     702       2.1287
     703       2.0043
     704       2.1547
     705       2.0596
     706       1.9558
     707       2.0407
     708       1.9971
     709       2.0510
     710       2.0435
     711       2.0081
     712       1.9744
     713       2.0718
     714       2.0370
     715       2.0493
     716       2.0786
     717       2.0003
     718       2.0280
     719       1.9892
     720       2.0404
     721       2.0821
     722       2.0181
     723       1.9645
     724       2.0633
     725       2.0798
     726       2.0194
     727       1.9755
     728       2.0750
     729       2.0170
     730       2.0889
     731       2.0349
     732       1.9708
     733       2.0308
     734       2.0220
     735       2.0165
     736       1.9970
     737       2.0112
     738       2.0018
     739       1.9726
     740       2.0373
     741       1.9823
     742       2.0289
     743       2.0170
     744       2.0379
     745       2.0319
     746       2.0357
     747       2.0578
     748       2.0419
     749       2.0712
     750       2.0553
     751       2.0228
     752       2.0159
     753       1.9755
     754       2.0314
     755       1.9501
     756       2.0731
     757       2.0223
     758       2.0437
     759       2.0061
     760       1.9926
     761       2.0853
     762       2.0157
     763       2.0350
     764       2.0645
     765       1.9959
     766       2.0653
     767       2.0491
     768       2.0716
     769       2.0508
     770       2.0459
     771       2.0553
     772       2.0128
     773       2.0081
     774       1.9767
     775       2.0872
     776       2.0029
     777       2.0159
     778       2.0648
     779       2.0224
     780       2.0282
     781       2.0257
     782       2.1224
     783       2.0806
     784       2.0039
     785       1.9719
     786       2.0287
     787       1.9118
     788       2.0412
     789       1.9966
     790       2.0165
     791       1.9372
     792       2.1084
     793       2.0305
     794       2.0529
     795       1.9738
     796       2.0102
     797       2.0818
     798       1.9780
     799       1.9831
     800       2.0435
     801       1.9601
     802       2.0524
     803       2.0692
     804       1.9790
     805       2.0050
     806       2.0081
     807       2.1020
     808       2.0605
     809       2.0954
     810       2.0564
     811       2.0811
     812       1.9893
     813       2.0460
     814       2.0480
     815       2.0083
     816       2.0538
     817       2.0723
     818       1.9943
     819       2.1030
     820       2.0480
     821       2.0659
     822       2.0272
     823       2.0062
     824       2.0888
     825       2.0514
     826       2.1100
     827       2.0745
     828       1.9844
     829       2.0254
     830       2.0806
     831       2.0690
     832       2.0493
     833       2.0019
     834       2.0120
     835       1.9937
     836       2.0836
     837       2.0589
     838       2.0142
     839       2.0058
     840       2.0224
     841       2.0405
     842       2.0361
     843       1.9692
     844       1.9898
     845       1.9581
     846       2.0235
     847       1.9848
     848       2.0018
     849       2.0904
     850       2.0385
     851       2.0344
     852       2.0145
     853       2.0302
     854       2.0922
     855       2.0283
     856       2.0436
     857       2.0513
     858       2.0030
     859       2.0516
     860       2.0251
     861       2.0655
     862       1.9321
     863       2.0365
     864       2.0111
     865       2.0908
     866       2.0405
     867       2.0107
     868       2.0576
     869       1.9472
     870       2.0562
     871       2.0023
     872       2.0444
     873       2.0453
     874       2.0339
     875       2.0149
     876       2.0362
     877       2.0823
     878       2.0675
     879       2.0353
     880       2.0816
     881       2.0423
     882       2.0602
     883       2.0571
     884       1.9670
     885       2.0247
     886       2.0843
     887       2.0108
     888       2.0593
     889       2.0241
     890       2.1540
     891       2.0379
     892       2.0138
     893       2.1009
     894       2.0520
     895       2.0036
     896       1.9912
     897       2.0930
     898       2.0616
     899       2.0453
     900       2.0463
     901       2.0498
     902       1.9955
     903       2.0445
     904       2.0465
     905       2.0319
     906       2.0432
     907       2.0501
     908       2.0675
     909       2.0321
     910       2.0692
     911       1.9942
     912       2.0148
     913       1.9944
     914       2.0065
     915       1.9921
     916       2.1421
     917       2.0286
     918       2.0080
     919       1.9964
     920       1.9711
     921       2.0699
     922       1.9561
     923       2.0830
     924       2.0360
     925       2.0192
     926       1.9582
     927       2.0424
     928       2.1010
     929       2.0319
     930       2.0184
     931       2.0047
     932       2.0417
     933       1.9876
     934       2.1109
     935       2.0614
     936       2.0515
     937       2.0189
     938       2.0352
     939       2.0712
     940       1.9954
     941       1.9813
     942       2.0725
     943       2.0541
     944       2.0714
     945       2.0176
     946       2.0043
     947       2.0258
     948       1.9730
     949       2.0221
     950       1.9453
     951       2.0225
     952       2.0336
     953       1.9952
     954       1.9972
     955       2.0672
     956       2.0168
     957       2.1047
     958       2.1108
     959       2.0344
     960       2.0671
     961       2.0180
     962       2.0355
     963       2.0748
     964       2.0419
     965       1.9910
     966       2.0421
     967       2.0028
     968       1.9828
     969       2.0220
     970       1.9806
     971       2.0798
     972       1.9827
     973       2.0116
     974       2.0734
     975       1.9254
     976       2.0284
     977       1.9895
     978       2.1040
     979       1.9449
     980       1.9827
     981       2.0595
     982       1.9786
     983       1.9766
     984       2.0692
     985       1.9968
     986       1.9637
     987       2.0459
     988       2.0810
     989       1.9637
     990       2.0362
     991       2.0522
     992       2.0338
     993       2.0026
     994       2.0420
     995       2.0778
     996       2.0297
     997       2.0228
     998       1.9641
     999       2.0684
    1000       1.9653
