#Frame   M1-E175-Oe_M2-W184-He1
       1                 8.9239
       2                 8.7921
       3                 8.5271
       4                 9.0433
       5                 7.8901
       6                 8.7210
       7                 9.4125
       8                 9.0445
       9                 8.0586
      10                 7.9363
      11                 7.8346
      12                 7.9632
      13                 8.1405
      14                 7.6002
      15                 8.2194
      16                 8.4569
      17                 7.8097
      18                 7.0048
      19                 8.1718
      20                 7.9115
      21                 8.4228
      22                 7.6952
      23                 8.1073
      24                 8.1683
      25                 8.5576
      26                 7.9031
      27                 8.4560
      28                 9.0235
      29                 8.2635
      30                 7.1862
      31                 7.4894
      32                 8.3591
      33                 6.8897
      34                 8.1639
      35                 8.5223
      36                 7.4466
      37                 8.3028
      38                 8.8497
      39                 8.4547
      40                 7.6280
      41                 8.2224
      42                 8.6541
      43                 7.4948
      44                 8.3155
      45                 9.1932
      46                 7.8270
      47                 8.2499
      48                 7.8995
      49                 6.8787
      50                 7.8371
      51                 8.0859
      52                 8.0041
      53                 7.8348
      54                 9.9403
      55                 8.8392
      56                 9.2869
      57                 7.5197
      58                 8.6453
      59                 8.8286
      60                 8.3328
      61                 7.6979
      62                 7.1339
      63                 8.0599
      64                 9.1064
      65                 7.3179
      66                 7.3577
      67                 8.4610
      68                 7.7124
      69                 8.8846
      70                 9.0672
      71                 8.4022
      72                 8.8167
      73                 8.6079
      74                 8.7277
      75                 9.0329
      76                 8.1930
      77                 8.8519
      78                 8.4298
      79                 8.3777
      80                 9.1201
      81                 7.8411
      82                 8.4370
      83                 8.3543
      84                 7.4835
      85                 8.6374
      86                 8.7030
      87                 9.5119
      88                 7.9045
      89                 8.9725
      90                 7.8779
      91                 8.7959
      92                 9.1043
      93                 8.4648
      94                 8.7959
      95                 8.0456
      96                 8.3919
      97                 9.1228
      98                 7.8639
      99                 8.2853
     100                 8.4195
     101                 8.7391
     102                 8.6940
     103                 8.4318
     104                 7.9023
     105                 8.7118
     106                 8.9056
     107                 8.8633
     108                 7.6646
     109                 9.5645
     110                 7.4914
     111                 8.3052
     112                 7.8197
     113                 8.1149
     114                 8.6194
     115                 7.1934
     116                 9.3429
     117                 8.7048
     118                 8.3529
     119                 8.3041
     120                 8.0937
     121                 8.0342
     122                 7.7551
     123                 8.1219
     124                 8.2092
     125                 8.0521
     126                 8.4670
     127                 9.2159
     128                 8.0433
     129                 6.9396
     130                 7.6279
     131                 8.4551
     132                 7.7088
     133                 7.8176
     134                 7.9877
     135                 8.6942
     136                 7.7129
     137                 9.0128
     138                 8.2964
     139                 7.5518
     140                 7.9622
     141                 8.5049
     142                 9.1244
     143                 8.7411
     144                 7.7685
     145                 8.3157
     146                 8.3150
     147                 7.9615
     148                 8.7591
     149                 7.5712
     150                 8.9376
     151                 8.4684
     152                 8.0701
     153                 8.4683
     154                 9.1342
     155                 8.2716
     156                 8.0267
     157                 7.1777
     158                 7.2941
     159                 8.3486
     160                 9.2402
     161                 8.8965
     162                 7.9008
     163                 9.2887
     164                 8.4966
     165                 7.8092
     166                 9.1356
     167                 8.6627
     168                 7.9373
     169                 8.9593
     170                 7.9380
     171                 8.1941
     172                 7.8990
     173                 7.9042
     174                 8.3666
     175                 8.9804
     176                 7.3972
     177                 9.1708
     178                 7.8526
     179                 8.6311
     180                 7.8018
     181                 7.9215
     182                 9.2642
     183                 8.4889
     184                 8.3967
     185                 8.5814
     186                 8.0592
     187                 8.8834
     188                 8.3766
     189                 7.9355
     190                 7.7917
     191                 7.9413
     192                 7.8409
     193                 8.7081
     194                 8.0967
     195                 8.1572
     196                 7.9378
     197                 8.0876
     198                 8.2721
     199                 7.4654
     200                 8.2389
     201                 7.8602
     202                 7.7461
     203                 8.6516
     204                 7.6707
     205                 8.4957
     206                 7.6749
     207                 8.1156
     208                 7.8842
     209                 7.9479
     210                 9.0225
     211                 9.2631
     212                 8.4602
     213                 8.3183
     214                 8.6728
     215                 8.2046
     216                 8.6002
     217                 8.5328
     218                 8.1904
     219                 8.0688
     220                 6.7271
     221                 8.9127
     222                 8.1653
     223                 8.8340
     224                 8.6669
     225                 8.3098
     226                 7.8770
     227                 8.3976
     228                 8.6451
     229                 8.7332
     230                 8.2156
     231                10.5718
     232                 8.5592
     233                 8.0549
     234                 9.2607
     235                 8.1125
     236                 7.7271
     237                 9.4879
     238                 8.3201
     239                 9.4060
     240                 8.9020
     241                 9.1743
     242                 8.7038
     243                 8.5738
     244                 7.8088
     245                 8.3482
     246                 7.4657
     247                 7.2258
     248                 7.7929
     249                 8.1389
     250                 8.3512
     251                 7.6000
     252                 8.7381
     253                 8.9112
     254                 8.0653
     255                 7.3448
     256                 9.0118
     257                 8.5869
     258                 8.2707
     259                 8.7448
     260                 8.2053
     261                 8.3795
     262                 7.8052
     263                 8.1929
     264                 7.8025
     265                 8.5780
     266                 9.1350
     267                 8.6440
     268                 9.0895
     269                 8.2131
     270                 8.5423
     271                 8.6194
     272                 8.2458
     273                 8.6626
     274                 8.3764
     275                 9.7192
     276                 8.2528
     277                 8.0854
     278                 8.6862
     279                 9.3048
     280                 9.2834
     281                 8.4976
     282                 8.6371
     283                 8.1219
     284                 8.9417
     285                 8.4091
     286                 8.8968
     287                 7.6138
     288                 9.0644
     289                 8.1535
     290                 9.3249
     291                 8.8367
     292                 8.8621
     293                 8.1105
     294                 8.5106
     295                 8.2023
     296                 8.1584
     297                 7.6532
     298                 8.2834
     299                 9.2838
     300                 8.2175
     301                 8.1476
     302                 8.1197
     303                 8.7415
     304                 8.0328
     305                 8.0929
     306                 7.9548
     307                 8.4316
     308                 7.6464
     309                 8.4144
     310                 8.3959
     311                 7.8161
     312                 7.9910
     313                 7.7540
     314                 8.7855
     315                 7.5891
     316                 8.3883
     317                 7.4383
     318                 8.3796
     319                 8.2608
     320                 9.4516
     321                 8.3487
     322                 8.6614
     323                 8.4429
     324                 7.8732
     325                 8.6179
     326                 8.6619
     327                 8.8627
     328                 8.2599
     329                 9.0368
     330                 8.2831
     331                 8.1149
     332                 8.4637
     333                 8.3797
     334                 8.2776
     335                 9.2345
     336                 7.7879
     337                 8.4101
     338                 7.5071
     339                 8.3186
     340                 8.3498
     341                 7.5219
     342                 8.5524
     343                 8.1327
     344                 8.4903
     345                 8.7679
     346                 8.7581
     347                 8.6165
     348                 7.8321
     349                 9.2267
     350                 8.8754
     351                 8.6671
     352                 8.2405
     353                 7.9756
     354                 8.5879
     355                 7.2317
     356                 8.5811
     357                 8.8196
     358                 8.3434
     359                 9.2359
     360                 8.3094
     361                 9.1488
     362                 9.3847
     363                 8.8414
     364                 8.4192
     365                 8.5398
     366                 9.2001
     367                 8.1427
     368                 7.9193
     369                 8.0529
     370                 7.1721
     371                 8.0917
     372                 8.1006
     373                 9.0081
     374                 8.0487
     375                 8.4785
     376                 7.6364
     377                 8.1676
     378                 8.6553
     379                 7.6967
     380                 7.8851
     381                 9.2894
     382                 9.0643
     383                 9.3156
     384                 8.6673
     385                 7.7373
     386                 8.2232
     387                 8.6260
     388                 7.9595
     389                 8.0845
     390                 8.4142
     391                 8.8144
     392                 8.6466
     393                 9.0366
     394                 9.2532
     395                 8.1201
     396                 8.1427
     397                 8.1021
     398                 8.4189
     399                 8.5456
     400                 8.2839
     401                 8.6968
     402                 8.5917
     403                 8.2152
     404                 8.2264
     405                 7.8641
     406                 8.3787
     407                 8.1212
     408                 7.0327
     409                 7.7546
     410                 7.5673
     411                 7.9610
     412                 8.2419
     413                 7.4818
     414                 7.9257
     415                 7.7299
     416                 7.8504
     417                 8.8654
     418                 8.2633
     419                 7.8613
     420                 9.2390
     421                 8.0575
     422                 9.2186
     423                 7.1070
     424                 9.1102
     425                 9.0920
     426                 7.8440
     427                 8.0558
     428                 9.6940
     429                 8.8216
     430                 9.1264
     431                 6.9975
     432                 8.4898
     433                 7.5749
     434                 8.3541
     435                 7.7783
     436                 8.0431
     437                 8.3329
     438                 7.9510
     439                 8.7957
     440                 9.2570
     441                 8.3902
     442                 8.3136
     443                 7.8305
     444                 7.8673
     445                 7.9987
     446                 8.5030
     447                 7.3365
     448                 7.6708
     449                 7.6616
     450                 8.0518
     451                 8.1908
     452                 8.2928
     453                 8.3922
     454                 7.9895
     455                 8.4182
     456                 8.8887
     457                 7.6937
     458                 8.7149
     459                 9.0565
     460                 8.6283
     461                 7.0976
     462                 7.9146
     463                 7.1093
     464                 8.6096
     465                 8.2309
     466                 8.6731
     467                 8.2965
     468                 8.2791
     469                 7.6874
     470                 9.0068
     471                 8.2358
     472                 8.6735
     473                 8.4091
     474                 8.8147
     475                 8.6816
     476                 9.5484
     477                 9.2275
     478                 7.9631
     479                 7.4595
     480                 7.9252
     481                 8.5090
     482                 8.9281
     483                 7.9575
     484                 8.6551
     485                 7.9428
     486                 7.8060
     487                 9.0075
     488                 8.8212
     489                 8.4737
     490                 7.8919
     491                 8.3223
     492                 7.5718
     493                 7.8154
     494                 8.2639
     495                 7.6658
     496                 7.8450
     497                 9.1252
     498                 8.5899
     499                 8.1153
     500                 8.6728
     501                 8.7803
     502                 8.1306
     503                 8.2961
     504                 8.5830
     505                 7.6002
     506                 7.9946
     507                 8.8138
     508                 7.8738
     509                 8.5861
     510                 8.3618
     511                 7.6888
     512                 8.0975
     513                 7.6061
     514                 8.2468
     515                 8.4229
     516                 8.2249
     517                 8.3503
     518                 8.6467
     519                 8.5511
     520                 8.2405
     521                 8.2859
     522                 8.5148
     523                 8.1664
     524                 9.4144
     525                 7.5234
     526                 7.9782
     527                 7.0883
     528                 8.1182
     529                 8.0438
     530                 7.7767
     531                 7.6749
     532                 8.0085
     533                 8.5879
     534                 7.7404
     535                 8.1718
     536                 7.9530
     537                 8.0971
     538                 8.3704
     539                 7.3504
     540                 8.0145
     541                 8.1000
     542                 7.9318
     543                 8.3639
     544                 7.8252
     545                 8.0999
     546                 9.1647
     547                 8.1174
     548                 8.0006
     549                 8.2291
     550                 8.7445
     551                 8.8990
     552                 7.7265
     553                 8.2760
     554                 9.0196
     555                 8.9092
     556                 7.9101
     557                 8.2044
     558                 8.0940
     559                 7.7700
     560                 7.2995
     561                 9.2698
     562                 8.2742
     563                 8.4346
     564                 8.8354
     565                 8.4307
     566                 8.3653
     567                 7.7786
     568                 8.2264
     569                 7.4034
     570                 8.1615
     571                 7.9693
     572                 7.3550
     573                 8.3363
     574                 8.4916
     575                 8.6944
     576                 9.0845
     577                 8.0832
     578                 8.0904
     579                 8.7492
     580                 7.6373
     581                 7.4346
     582                 7.4373
     583                 7.8270
     584                 7.5221
     585                 8.0822
     586                 7.0649
     587                 7.5828
     588                 8.5138
     589                 7.4251
     590                 7.8194
     591                 8.4816
     592                 8.9720
     593                 8.2846
     594                 8.2552
     595                 9.0490
     596                 9.7681
     597                 8.3975
     598                 8.2065
     599                 7.8525
     600                 7.6990
     601                 7.7802
     602                 7.6248
     603                 8.6664
     604                 8.7340
     605                 8.1521
     606                 8.2505
     607                 8.0962
     608                 8.7019
     609                 8.4985
     610                 8.7847
     611                 8.7156
     612                 8.5054
     613                 7.7501
     614                 7.4962
     615                 7.5940
     616                 8.8441
     617                 7.4671
     618                 7.9058
     619                 8.1892
     620                 7.9476
     621                 8.4302
     622                 7.8407
     623                 9.1739
     624                 8.2214
     625                 8.7747
     626                 8.1428
     627                 8.8153
     628                 7.8072
     629                 8.6020
     630                 7.5675
     631                 7.5401
     632                 8.6392
     633                 8.4681
     634                 7.6212
     635                 8.3204
     636                 8.7495
     637                 8.4082
     638                 9.2864
     639                 8.6138
     640                 7.7769
     641                 8.5385
     642                 7.0227
     643                 8.6786
     644                 8.9390
     645                 9.1437
     646                 7.3655
     647                 8.6193
     648                 8.0202
     649                 8.6069
     650                 8.5134
     651                 8.6880
     652                 8.3907
     653                 8.5063
     654                 8.3958
     655                 8.9030
     656                 8.2987
     657                 8.5420
     658                 7.9623
     659                 8.8038
     660                 7.0784
     661                 8.0427
     662                 8.2835
     663                 8.3366
     664                 7.7528
     665                 8.4825
     666                 8.8048
     667                 7.5376
     668                 8.2301
     669                 8.3492
     670                 8.1811
     671                 8.4261
     672                 8.2645
     673                 8.1833
     674                 7.7925
     675                 8.2331
     676                 8.6933
     677                 8.6821
     678                 8.3325
     679                 7.8816
     680                 8.1783
     681                 8.1641
     682                 8.1272
     683                 7.8274
     684                 6.7689
     685                 8.0895
     686                 8.6451
     687                 8.5367
     688                 6.9000
     689                 8.0600
     690                 7.9804
     691                 8.2308
     692                 8.3022
     693                 8.6607
     694                 7.6986
     695                 7.6809
     696                10.0898
     697                 8.2956
     698                 8.3817
     699                 8.0282
     700                 7.5996
     701                 8.3909
     702                 8.1214
     703                 8.7712
     704                 8.3134
     705                 8.5489
     706                 9.0283
     707                 8.2356
     708                 7.7776
     709                 7.6045
     710                 8.4685
     711                 8.0128
     712                 8.3204
     713                 7.6508
     714                 7.1903
     715                 8.0244
     716                 8.5506
     717                 7.4682
     718                 9.0278
     719                 7.9193
     720                 7.9586
     721                 7.9346
     722                 7.6209
     723                 7.4150
     724                 8.4901
     725                 7.3036
     726                 8.3150
     727                 8.7493
     728                 7.3931
     729                 7.7447
     730                 7.4243
     731                 7.4233
     732                 9.3485
     733                 8.4395
     734                 8.2480
     735                 8.4414
     736                 9.0381
     737                 7.3449
     738                 7.6026
     739                 7.2750
     740                 7.8658
     741                 8.1491
     742                 8.1634
     743                 9.1666
     744                 8.9975
     745                 7.8103
     746                 7.2478
     747                 8.0537
     748                 8.0919
     749                 7.7140
     750                 7.8964
     751                 8.9736
     752                 8.6678
     753                 7.2418
     754                 7.9606
     755                 7.9359
     756                 8.8540
     757                 8.4991
     758                 7.5065
     759                 9.4862
     760                 7.9491
     761                 8.5929
     762                 8.6740
     763                 8.5467
     764                 8.7777
     765                 8.4803
     766                 9.1582
     767                 8.3725
     768                 8.4364
     769                 8.1741
     770                 7.7980
     771                 8.3965
     772                 8.4470
     773                 7.4374
     774                 8.8022
     775                 8.5551
     776                 8.1973
     777                 8.2954
     778                 9.2258
     779                 8.3102
     780                 9.3695
     781                 7.9093
     782                 8.0258
     783                 8.4251
     784                 8.0656
     785                 8.4987
     786                 8.7726
     787                 9.2242
     788                 7.3923
     789                 7.9878
     790                 8.0168
     791                 8.5792
     792                 8.6219
     793                 8.3079
     794                 8.1884
     795                 9.0665
     796                 8.5270
     797                 8.7553
     798                 7.8122
     799                 8.9617
     800                 9.1421
     801                 8.2765
     802                 8.8783
     803                 8.2515
     804                 7.4268
     805                 8.7560
     806                 7.1189
     807                 8.6236
     808                 8.7017
     809                 8.9739
     810                 8.1212
     811                 8.8573
     812                 9.4109
     813                 8.0670
     814                 8.2048
     815                 7.9781
     816                 7.9281
     817                 9.1285
     818                 8.5675
     819                 9.3912
     820                 8.0902
     821                10.2618
     822                 8.8542
     823                 8.5318
     824                 7.7918
     825                 8.3704
     826                 9.6998
     827                 8.0557
     828                 8.4319
     829                 7.9696
     830                 8.1633
     831                 6.8874
     832                 8.2649
     833                 8.5274
     834                 8.0750
     835                 7.9118
     836                 8.4570
     837                 7.7480
     838                 8.9855
     839                 8.5560
     840                 8.3368
     841                 8.3003
     842                 8.2745
     843                 8.3709
     844                 8.3178
     845                 8.1307
     846                 8.4154
     847                 8.9327
     848                 9.0296
     849                 8.1780
     850                 8.5587
     851                 7.4738
     852                 8.1205
     853                 7.4931
     854                 7.6121
     855                 9.1558
     856                 7.7787
     857                 8.2898
     858                 8.2476
     859                 8.0730
     860                 8.5175
     861                 9.7155
     862                 8.7488
     863                 7.4872
     864                 8.2239
     865                 9.0699
     866                 7.6502
     867                 7.9255
     868                 8.8042
     869                 7.9687
     870                 7.8108
     871                 8.6143
     872                 8.7315
     873                 8.3700
     874                 8.2258
     875                 8.7446
     876                 8.4370
     877                 8.3925
     878                 7.8649
     879                 7.4951
     880                 8.2308
     881                 9.1870
     882                 8.3309
     883                 8.4251
     884                 8.5027
     885                 8.2069
     886                 7.7556
     887                 8.2236
     888                 8.8099
     889                 8.3079
     890                 9.4593
     891                 8.2841
     892                 8.9064
     893                 7.8291
     894                 8.2847
     895                 8.9170
     896                 8.9935
     897                 8.5888
     898                 8.1931
     899                 7.5003
     900                 7.8030
     901                 8.5305
     902                 7.8875
     903                 9.0687
     904                 8.5185
     905                 8.3060
     906                 7.4765
     907                 8.3792
     908                 7.9267
     909                 8.3830
     910                 8.5743
     911                 9.3953
     912                 8.1335
     913                 7.8968
     914                 8.6965
     915                 8.0035
     916                 9.3116
     917                 8.6060
     918                 8.5538
     919                 7.9970
     920                 7.7329
     921                 8.1645
     922                 7.4984
     923                 9.1366
     924                 7.9394
     925                 9.4007
     926                 8.4618
     927                 7.2754
     928                 7.2575
     929                 8.4793
     930                 7.9034
     931                 8.9582
     932                 8.0042
     933                 7.5438
     934                 8.6535
     935                 7.9508
     936                 8.5533
     937                 8.0951
     938                 8.6470
     939                 9.2220
     940                 7.4600
     941                 8.6832
     942                 8.9152
     943                 8.2635
     944                 9.2690
     945                 8.3323
     946                 9.2066
     947                 8.7567
     948                 8.5546
     949                 9.6084
     950                 8.1083
     951                 9.1863
     952                 8.5445
     953                 8.3134
     954                 8.3070
     955                 8.8895
     956                 8.3480
     957                 7.6910
     958                 8.2419
     959                 9.2125
     960                 7.0601
     961                 8.2761
     962                 8.7458
     963                 9.4174
     964                 9.2561
     965                 8.6894
     966                 8.8908
     967                 7.9225
     968                 7.7994
     969                 8.1647
     970                 8.6223
     971                 8.2579
     972                 9.3935
     973                 8.7584
     974                 7.7053
     975                 7.7034
     976                 8.2757
     977                 8.7792
     978                 7.7627
     979                 9.2345
     980                 8.5317
     981                 7.0903
     982                 9.0389
     983                 7.9962
     984                 8.6463
     985                10.0401
     986                 8.7037
     987                 8.3872
     988                 8.8932
     989                 8.7271
     990                 7.9352
     991                 8.4590
     992                 8.7284
     993                 8.1549
     994                 8.5235
     995                 8.0403
     996                 8.1083
     997                 8.1399
     998                 8.7534
     999                 8.0999
    1000                 8.1384
