#Frame   M1-E175-Oe_M1-T148-HG1
       1                 6.0285
       2                 5.6771
       3                 6.0049
       4                 6.3814
       5                 8.1601
       6                 5.6460
       7                 6.1347
       8                 5.8578
       9                 5.3469
      10                 6.1697
      11                 5.6588
      12                 5.7166
      13                 5.9412
      14                 5.6652
      15                 5.4665
      16                 5.9117
      17                 5.4557
      18                 5.4858
      19                 5.7917
      20                 5.5632
      21                 6.0593
      22                 6.2154
      23                 5.7479
      24                 6.0838
      25                 5.8332
      26                 6.2911
      27                 6.3946
      28                 5.9708
      29                 5.4488
      30                 5.8007
      31                 5.3571
      32                 5.9906
      33                 5.5690
      34                 6.1319
      35                 6.5742
      36                 5.4985
      37                 5.6905
      38                 6.1883
      39                 6.1276
      40                 6.2030
      41                 5.9026
      42                 5.5130
      43                 5.9520
      44                 5.9898
      45                 5.6486
      46                 5.9655
      47                 5.8677
      48                 5.7472
      49                 5.5564
      50                 5.7416
      51                 5.5540
      52                 6.1671
      53                 5.6461
      54                 5.9406
      55                 5.4140
      56                 5.6006
      57                 5.3079
      58                 5.3421
      59                 6.0692
      60                 6.4299
      61                 5.6042
      62                 5.2530
      63                 6.1521
      64                 6.0316
      65                 5.2182
      66                 5.3800
      67                 5.9211
      68                 5.7397
      69                 6.2622
      70                 5.5056
      71                 6.0097
      72                 6.2240
      73                 5.7543
      74                 5.4672
      75                 6.2229
      76                 5.7801
      77                 5.7916
      78                 5.8040
      79                 6.0716
      80                 5.9330
      81                 5.5658
      82                 5.7987
      83                 6.2843
      84                 6.0417
      85                 5.8047
      86                 5.8288
      87                 5.1798
      88                 5.6101
      89                 6.1934
      90                 5.8122
      91                 5.9114
      92                 5.8703
      93                 6.0064
      94                 5.9041
      95                 5.7295
      96                 5.7430
      97                 6.4769
      98                 5.3664
      99                 5.4307
     100                 5.5149
     101                 5.7145
     102                 5.9008
     103                 5.4693
     104                 5.6797
     105                 6.1348
     106                 5.5749
     107                 5.7080
     108                 6.3201
     109                 5.5882
     110                 5.9085
     111                 5.8277
     112                 5.6983
     113                 5.8832
     114                 6.3053
     115                 5.4177
     116                 5.9854
     117                 6.0753
     118                 6.0337
     119                 5.5836
     120                 5.9565
     121                 5.8006
     122                 5.3154
     123                 5.8226
     124                 6.5319
     125                 6.0793
     126                 6.3320
     127                 6.3545
     128                 6.1326
     129                 6.0707
     130                 5.8575
     131                 5.7166
     132                 5.3983
     133                 5.7445
     134                 5.9201
     135                 5.8019
     136                 5.5762
     137                 5.7371
     138                 6.0931
     139                 5.9737
     140                 5.5744
     141                 6.0256
     142                 6.2448
     143                 6.2439
     144                 5.9166
     145                 5.8894
     146                 6.0643
     147                 5.6493
     148                 5.6641
     149                 5.3845
     150                 5.9593
     151                 5.6252
     152                 5.4533
     153                 5.5889
     154                 5.7907
     155                 5.1881
     156                 5.3381
     157                 5.6613
     158                 5.2765
     159                 5.5076
     160                 6.2049
     161                 5.5622
     162                 5.6017
     163                 5.5711
     164                 6.0080
     165                 5.5501
     166                 5.7513
     167                 6.1583
     168                 5.3246
     169                 6.3237
     170                 5.5479
     171                 5.5022
     172                 5.4518
     173                 5.6372
     174                 5.4930
     175                 5.6489
     176                 5.5221
     177                 6.2614
     178                 5.2534
     179                 5.5925
     180                 5.9222
     181                 6.0457
     182                 5.8669
     183                 5.8415
     184                 5.1968
     185                 6.5549
     186                 5.2195
     187                 5.7526
     188                 5.7230
     189                 5.3475
     190                 5.7038
     191                 6.0760
     192                 5.8611
     193                 5.2586
     194                 5.5414
     195                 5.5544
     196                 5.6239
     197                 5.8748
     198                 6.1075
     199                 5.5737
     200                 5.7377
     201                 5.5220
     202                 5.3592
     203                 5.6322
     204                 5.8908
     205                 5.6509
     206                 5.4763
     207                 5.8066
     208                 6.1402
     209                 5.3519
     210                 6.2137
     211                 5.8296
     212                 5.8220
     213                 5.7363
     214                 5.9818
     215                 5.9383
     216                 6.0694
     217                 6.0415
     218                 5.9954
     219                 5.9660
     220                 5.8507
     221                 6.0075
     222                 5.6209
     223                 5.2536
     224                 5.8482
     225                 6.2041
     226                 5.6042
     227                 5.8147
     228                 6.0625
     229                 5.8751
     230                 5.4034
     231                 6.0340
     232                 5.5575
     233                 5.2301
     234                 6.0724
     235                 5.4783
     236                 5.5998
     237                 5.2314
     238                 6.3684
     239                 5.5966
     240                 5.8561
     241                 6.6924
     242                 5.4921
     243                 5.2863
     244                 5.9404
     245                 5.1811
     246                 5.8133
     247                 4.9761
     248                 5.7095
     249                 5.4431
     250                 5.8096
     251                 5.6693
     252                 5.7798
     253                 5.5699
     254                 6.0132
     255                 5.2210
     256                 6.1253
     257                 6.1484
     258                 5.8050
     259                 5.6840
     260                 6.1344
     261                 5.7214
     262                 5.5900
     263                 5.2925
     264                 6.1644
     265                 5.5055
     266                 5.5687
     267                 5.5549
     268                 5.9273
     269                 5.8202
     270                 5.7610
     271                 5.4582
     272                 5.6967
     273                 6.2327
     274                 5.7475
     275                 5.3340
     276                 5.5740
     277                 5.9881
     278                 6.1689
     279                 6.2802
     280                 5.7406
     281                 6.0275
     282                 5.8879
     283                 5.6882
     284                 5.6605
     285                 6.1967
     286                 6.3925
     287                 5.8251
     288                 5.7202
     289                 5.4813
     290                 5.9890
     291                 5.5098
     292                 5.6868
     293                 5.7278
     294                 5.7661
     295                 5.6510
     296                 5.5036
     297                 5.6441
     298                 5.5382
     299                 5.9612
     300                 5.5314
     301                 5.9814
     302                 5.7095
     303                 5.8143
     304                 5.9505
     305                 6.0030
     306                 5.9282
     307                 5.6514
     308                 5.9923
     309                 5.9179
     310                 5.9413
     311                 5.6296
     312                 5.4243
     313                 5.6860
     314                 5.5915
     315                 5.5950
     316                 5.5917
     317                 5.7666
     318                 5.8558
     319                 5.5547
     320                 5.9801
     321                 6.0308
     322                 5.7672
     323                 5.4445
     324                 5.7655
     325                 5.6943
     326                 6.3887
     327                 5.9593
     328                 5.8680
     329                 5.7844
     330                 5.5174
     331                 6.2659
     332                 5.4768
     333                 5.5393
     334                 5.3624
     335                 5.6679
     336                 5.9170
     337                 5.9925
     338                 5.5070
     339                 6.0902
     340                 5.5429
     341                 5.7548
     342                 6.1713
     343                 5.7563
     344                 6.3059
     345                 5.6978
     346                 5.7740
     347                 5.7297
     348                 5.8699
     349                 6.1687
     350                 5.9833
     351                 5.7522
     352                 6.0432
     353                 5.4157
     354                 6.0010
     355                 5.5490
     356                 6.1746
     357                 5.5921
     358                 6.1136
     359                 5.6281
     360                 5.6787
     361                 5.4446
     362                 6.0909
     363                 5.8707
     364                 5.6906
     365                 5.9894
     366                 5.3258
     367                 5.4767
     368                 6.1361
     369                 5.6636
     370                 5.8741
     371                 5.8221
     372                 5.6577
     373                 6.1802
     374                 6.0470
     375                 5.7490
     376                 5.7493
     377                 5.5734
     378                 5.6774
     379                 5.5403
     380                 5.8900
     381                 6.1047
     382                 5.9694
     383                 6.1192
     384                 6.0128
     385                 5.4242
     386                 6.1404
     387                 5.9074
     388                 5.9098
     389                 6.0284
     390                 5.8104
     391                 5.6277
     392                 5.8505
     393                 7.7774
     394                 5.9946
     395                 5.7442
     396                 5.9142
     397                 5.1052
     398                 6.2663
     399                 5.7555
     400                 5.4617
     401                 5.8097
     402                 6.3010
     403                 5.7877
     404                 6.0353
     405                 5.6366
     406                 5.5389
     407                 5.7342
     408                 5.4429
     409                 5.7855
     410                 5.6456
     411                 5.7275
     412                 6.5167
     413                 5.8221
     414                 5.9045
     415                 5.6633
     416                 5.3985
     417                 5.6878
     418                 6.0358
     419                 5.5881
     420                 5.8817
     421                 6.2271
     422                 6.2689
     423                 5.6980
     424                 5.9629
     425                 6.2332
     426                 5.8241
     427                 6.0600
     428                 6.7960
     429                 5.3393
     430                 5.6905
     431                 6.0781
     432                 5.4577
     433                 5.2638
     434                 5.5566
     435                 6.0175
     436                 5.5854
     437                 5.3525
     438                 6.0854
     439                 6.0011
     440                 6.0468
     441                 5.7914
     442                 5.6374
     443                 5.8581
     444                 5.8440
     445                 5.4765
     446                 5.4312
     447                 5.5146
     448                 5.3531
     449                 5.7273
     450                 5.8150
     451                 5.4579
     452                 5.3775
     453                 6.0345
     454                 5.5273
     455                 6.0491
     456                 5.6081
     457                 6.2120
     458                 5.6066
     459                 5.6279
     460                 5.8051
     461                 5.4779
     462                 5.5477
     463                 5.2211
     464                 5.7835
     465                 5.6779
     466                 5.5962
     467                 5.9928
     468                 6.5671
     469                 5.4629
     470                 6.2169
     471                 5.7257
     472                 6.8558
     473                 5.4547
     474                 6.2045
     475                 5.6796
     476                 6.0101
     477                 5.8754
     478                 5.5299
     479                 5.6569
     480                 5.4260
     481                 5.8081
     482                 6.1353
     483                 6.0595
     484                 5.7740
     485                 6.4274
     486                 5.6419
     487                 6.0713
     488                 5.8726
     489                 5.3900
     490                 5.5810
     491                 5.9240
     492                 6.0946
     493                 5.5114
     494                 5.6376
     495                 5.4899
     496                 5.7500
     497                 5.3346
     498                 6.0769
     499                 5.3581
     500                 6.0854
     501                 6.0616
     502                 6.1226
     503                 5.3935
     504                 5.5416
     505                 5.5716
     506                 5.4368
     507                 5.8565
     508                 5.7579
     509                 6.2683
     510                 5.7563
     511                 5.7023
     512                 6.1400
     513                 5.6149
     514                 5.5879
     515                 5.7865
     516                 5.6667
     517                 5.4826
     518                 6.3579
     519                 6.2316
     520                 6.4182
     521                 5.6948
     522                 5.7391
     523                 5.6881
     524                 5.8745
     525                 5.8346
     526                 5.2325
     527                 5.1793
     528                 5.4978
     529                 6.4447
     530                 5.4027
     531                 5.4885
     532                 5.9559
     533                 5.5370
     534                 5.2619
     535                 5.9044
     536                 5.1844
     537                 5.5006
     538                 6.0741
     539                 5.8305
     540                 5.7594
     541                 5.5577
     542                 5.6266
     543                 5.8577
     544                 6.2957
     545                 5.4547
     546                 5.8817
     547                 5.9813
     548                 5.6607
     549                 6.1991
     550                 5.9905
     551                 6.3598
     552                 5.4149
     553                 6.0276
     554                 5.6348
     555                 5.7837
     556                 5.7073
     557                 5.7363
     558                 5.6924
     559                 5.9450
     560                 5.5517
     561                 6.6349
     562                 6.0892
     563                 5.5647
     564                 6.1811
     565                 5.3844
     566                 6.4054
     567                 5.8731
     568                 5.8871
     569                 5.5926
     570                 5.6502
     571                 6.3391
     572                 5.7166
     573                 6.0705
     574                 5.5154
     575                 5.9691
     576                 6.7034
     577                 5.5082
     578                 6.2847
     579                 5.5020
     580                 5.8890
     581                 2.6591
     582                 2.1170
     583                 6.2090
     584                 5.4487
     585                 6.1467
     586                 5.5245
     587                 5.4481
     588                 6.3181
     589                 5.5075
     590                 6.2669
     591                 6.3400
     592                 6.0763
     593                 5.4868
     594                 5.4134
     595                 6.1746
     596                 5.7457
     597                 5.5592
     598                 6.0290
     599                 5.3170
     600                 5.2976
     601                 5.6989
     602                 5.1932
     603                 6.2459
     604                 5.9617
     605                 5.7342
     606                 6.1446
     607                 5.1939
     608                 5.9052
     609                 5.9198
     610                 6.2551
     611                 6.1062
     612                 5.7055
     613                 5.2298
     614                 5.7415
     615                 5.8038
     616                 6.0009
     617                 5.3741
     618                 5.5822
     619                 5.0630
     620                 5.4838
     621                 5.6778
     622                 5.4619
     623                 6.0694
     624                 5.0987
     625                 6.0219
     626                 5.2239
     627                 5.9526
     628                 5.6155
     629                 5.5163
     630                 6.2713
     631                 5.4000
     632                 5.9822
     633                 5.7671
     634                 5.3306
     635                 5.6449
     636                 5.3903
     637                 5.8740
     638                 5.6510
     639                 5.6748
     640                 5.8894
     641                 5.6462
     642                 6.1067
     643                 5.8877
     644                 6.0506
     645                 6.2618
     646                 5.3704
     647                 6.4637
     648                 5.8276
     649                 5.3984
     650                 5.1830
     651                 5.7481
     652                 5.7560
     653                 5.7403
     654                 5.5875
     655                 6.4049
     656                 5.4519
     657                 6.5873
     658                 5.9342
     659                 5.9970
     660                 5.7119
     661                 6.0407
     662                 5.6559
     663                 5.8194
     664                 5.2873
     665                 5.9603
     666                 5.6893
     667                 6.1548
     668                 5.9678
     669                 5.6626
     670                 6.2647
     671                 5.7292
     672                 5.5411
     673                 5.7896
     674                 5.5349
     675                 6.0560
     676                 6.0307
     677                 5.6806
     678                 5.8972
     679                 6.1244
     680                 5.5322
     681                 5.9921
     682                 5.6771
     683                 5.4883
     684                 5.1860
     685                 5.7689
     686                 5.9129
     687                 5.7777
     688                 5.1304
     689                 5.9768
     690                 5.4026
     691                 5.5513
     692                 6.1292
     693                 6.0485
     694                 6.0558
     695                 5.8288
     696                 6.5012
     697                 5.7504
     698                 5.7161
     699                 6.3304
     700                 5.6282
     701                 6.0075
     702                 5.8753
     703                 6.2458
     704                 5.9496
     705                 6.1994
     706                 5.9877
     707                 5.7255
     708                 5.7515
     709                 6.0177
     710                 5.8258
     711                 5.8915
     712                 5.9832
     713                 5.9941
     714                 5.4484
     715                 5.7397
     716                 5.5171
     717                 5.8044
     718                 5.9514
     719                 5.8806
     720                 5.5593
     721                 5.5935
     722                 5.6663
     723                 5.6472
     724                 5.9280
     725                 5.7766
     726                 5.4736
     727                 5.7461
     728                 5.6878
     729                 5.2186
     730                 6.0632
     731                 5.3504
     732                 6.4554
     733                 6.0785
     734                 6.1672
     735                 5.7398
     736                 5.9938
     737                 5.4918
     738                 5.4459
     739                 5.5260
     740                 5.5557
     741                 5.6285
     742                 5.7361
     743                 6.0012
     744                 5.5776
     745                 5.9369
     746                 6.1513
     747                 5.0600
     748                 5.4287
     749                 5.7144
     750                 6.5362
     751                 5.7310
     752                 5.8385
     753                 5.3434
     754                 5.7156
     755                 5.8764
     756                 5.7827
     757                 5.8490
     758                 5.0652
     759                 6.0110
     760                 5.8403
     761                 5.9850
     762                 6.3078
     763                 5.7914
     764                 5.6174
     765                 5.9352
     766                 6.2573
     767                 5.8206
     768                 6.1101
     769                 5.2480
     770                 5.5981
     771                 6.3680
     772                 5.7592
     773                 5.5566
     774                 5.7649
     775                 5.3726
     776                 5.3201
     777                 5.1358
     778                 5.5824
     779                 5.4330
     780                 5.7928
     781                 5.7586
     782                 5.9983
     783                 5.8269
     784                 6.1044
     785                 5.5186
     786                 6.1318
     787                 5.8254
     788                 5.4528
     789                 5.4389
     790                 5.9490
     791                 6.2079
     792                 6.3986
     793                 5.6562
     794                 5.8154
     795                 6.0892
     796                 6.0945
     797                 5.6754
     798                 5.7893
     799                 5.5541
     800                 6.2420
     801                 5.6145
     802                 5.6509
     803                 5.8249
     804                 5.5152
     805                 5.8871
     806                 5.7023
     807                 5.6289
     808                 5.3652
     809                 5.9820
     810                 5.4555
     811                 6.2148
     812                 5.8432
     813                 5.6698
     814                 5.9189
     815                 6.1573
     816                 5.1909
     817                 5.8984
     818                 5.4905
     819                 5.6138
     820                 5.9237
     821                 5.9179
     822                 6.1723
     823                 6.2313
     824                 5.8366
     825                 5.9041
     826                 6.1388
     827                 5.6915
     828                 5.6035
     829                 5.9135
     830                 5.8480
     831                 5.5639
     832                 6.0317
     833                 5.6208
     834                 5.5109
     835                 5.3470
     836                 5.4745
     837                 5.5898
     838                 6.1095
     839                 5.7546
     840                 5.7660
     841                 5.8560
     842                 5.6319
     843                 6.0677
     844                 5.7754
     845                 5.4798
     846                 6.2738
     847                 6.8359
     848                 5.5556
     849                 5.9256
     850                 5.7784
     851                 5.7065
     852                 5.5964
     853                 5.5432
     854                 5.8750
     855                 5.8237
     856                 5.6159
     857                 5.4653
     858                 5.6422
     859                 5.7239
     860                 5.3887
     861                 5.3946
     862                 5.8002
     863                 5.7513
     864                 5.1495
     865                 5.7314
     866                 5.9288
     867                 5.5914
     868                 5.4871
     869                 5.2696
     870                 5.3290
     871                 6.0649
     872                 6.0438
     873                 5.6846
     874                 5.0933
     875                 5.5392
     876                 5.8442
     877                 5.4081
     878                 5.5384
     879                 5.1868
     880                 5.7544
     881                 5.8791
     882                 6.0318
     883                 5.9671
     884                 5.5488
     885                 5.8540
     886                 5.5720
     887                 5.4054
     888                 5.7944
     889                 5.7434
     890                 5.6905
     891                 5.5236
     892                 5.7804
     893                 5.6468
     894                 5.6625
     895                 5.4750
     896                 5.5028
     897                 5.6055
     898                 5.8264
     899                 5.4429
     900                 6.0818
     901                 5.4990
     902                 5.7038
     903                 6.0069
     904                 5.3349
     905                 5.8568
     906                 5.6555
     907                 5.9775
     908                 6.1747
     909                 5.9486
     910                 5.3660
     911                 5.7924
     912                 5.5473
     913                 5.7312
     914                 5.5669
     915                 5.2740
     916                 6.1585
     917                 5.7378
     918                 5.4654
     919                 5.7329
     920                 6.1254
     921                 5.4505
     922                 5.7241
     923                 6.4509
     924                 5.4868
     925                 6.2546
     926                 5.7376
     927                 5.5447
     928                 5.5476
     929                 6.4755
     930                 5.9328
     931                 6.1294
     932                 5.6552
     933                 5.6152
     934                 5.7221
     935                 5.5921
     936                 6.1083
     937                 5.4837
     938                 6.0836
     939                 6.2086
     940                 5.7006
     941                 6.1878
     942                 6.2141
     943                 5.9670
     944                 6.4005
     945                 6.3087
     946                 5.6704
     947                 5.3113
     948                 5.7340
     949                 6.1668
     950                 4.9442
     951                 5.8014
     952                 5.6719
     953                 5.9008
     954                 5.6768
     955                 5.9473
     956                 5.5975
     957                 5.2799
     958                 5.6932
     959                 5.9745
     960                 5.7417
     961                 6.2022
     962                 5.5276
     963                 5.7498
     964                 5.8534
     965                 5.7502
     966                 5.5566
     967                 5.6575
     968                 5.9816
     969                 5.4302
     970                 5.7347
     971                 5.6945
     972                 6.0719
     973                 5.4606
     974                 5.0742
     975                 5.8991
     976                 6.2023
     977                 5.4403
     978                 5.4909
     979                 5.8570
     980                 5.9026
     981                 5.4597
     982                 6.2783
     983                 5.8961
     984                 5.8874
     985                 5.9044
     986                 5.7578
     987                 5.4247
     988                 5.8976
     989                 6.3671
     990                 5.5546
     991                 5.7124
     992                 5.6322
     993                 5.6367
     994                 5.7630
     995                 5.5762
     996                 5.7156
     997                 5.9718
     998                 6.2192
     999                 5.6644
    1000                 5.6407
