#Frame   M2-E175-Oe_M2-T148-HG1
       1                 5.4510
       2                 5.1016
       3                 5.4901
       4                 6.1758
       5                 5.6341
       6                 6.1721
       7                 6.1522
       8                 5.9919
       9                 5.4006
      10                 5.4380
      11                 5.7673
      12                 5.6296
      13                 5.8975
      14                 5.6029
      15                 5.6093
      16                 5.9208
      17                 5.6611
      18                 5.6560
      19                 5.5148
      20                 6.0655
      21                 6.1529
      22                 5.9238
      23                 6.0512
      24                 5.5695
      25                 6.0389
      26                 6.5151
      27                 6.3594
      28                 5.3234
      29                 5.4281
      30                 5.4096
      31                 5.7628
      32                 6.0490
      33                 5.7869
      34                 5.7945
      35                 5.8529
      36                 5.6690
      37                 6.3132
      38                 5.9794
      39                 5.6714
      40                 6.0485
      41                 5.6605
      42                 6.1079
      43                 6.0354
      44                 5.4217
      45                 5.8623
      46                 5.7695
      47                 5.7629
      48                 5.9084
      49                 5.8133
      50                 5.8268
      51                 6.4878
      52                 5.6664
      53                 6.1148
      54                 5.6164
      55                 6.4727
      56                 5.4612
      57                 6.2129
      58                 5.4068
      59                 6.4336
      60                 5.7782
      61                 5.5431
      62                 5.8561
      63                 6.0496
      64                 5.8600
      65                 5.9023
      66                 7.9618
      67                 5.6836
      68                 5.4937
      69                 5.6195
      70                 6.0292
      71                 5.5016
      72                 5.3073
      73                 5.7667
      74                 5.7695
      75                 6.0063
      76                 6.3545
      77                 5.4518
      78                 5.7646
      79                 5.9847
      80                 5.6552
      81                 5.5321
      82                 5.7463
      83                 5.6214
      84                 5.5886
      85                 6.6704
      86                 5.9215
      87                 5.5730
      88                 5.9300
      89                 6.0065
      90                 5.3477
      91                 5.5471
      92                 5.9812
      93                 5.5233
      94                 5.9819
      95                 6.1262
      96                 5.8520
      97                 5.7552
      98                 5.9979
      99                 5.3356
     100                 5.8881
     101                 5.3398
     102                 5.7880
     103                 5.5101
     104                 6.1097
     105                 5.7193
     106                 5.3388
     107                 6.0608
     108                 5.6680
     109                 5.8493
     110                 5.5230
     111                 6.3301
     112                 6.2104
     113                 5.9017
     114                 5.6170
     115                 5.5931
     116                 5.4126
     117                 5.4933
     118                 5.4960
     119                 5.4750
     120                 5.9625
     121                 6.2171
     122                 5.5322
     123                 5.7016
     124                 6.2128
     125                 6.1972
     126                 5.7450
     127                 5.8060
     128                 5.8739
     129                 5.2483
     130                 5.8800
     131                 5.2998
     132                 5.1676
     133                 5.7725
     134                 5.8987
     135                 5.6132
     136                 6.1555
     137                 5.2471
     138                 6.0858
     139                 5.6607
     140                 5.0575
     141                 5.8759
     142                 5.8368
     143                 5.4768
     144                 5.7508
     145                 6.0121
     146                 5.9060
     147                 5.9390
     148                 5.6051
     149                 5.5117
     150                 6.0439
     151                 5.6233
     152                 5.9304
     153                 5.2983
     154                 6.1974
     155                 5.5210
     156                 5.9686
     157                 6.3165
     158                 5.7972
     159                 5.8059
     160                 6.3327
     161                 5.4476
     162                 5.5316
     163                 5.7192
     164                 5.9746
     165                 5.7043
     166                 5.5882
     167                 5.9723
     168                 5.2679
     169                 5.2337
     170                 5.5653
     171                 5.3662
     172                 5.5769
     173                 5.5188
     174                 5.7290
     175                 5.4453
     176                 5.6642
     177                 6.0800
     178                 5.9651
     179                 5.9965
     180                 5.6603
     181                 5.7988
     182                 5.2821
     183                 6.0089
     184                 5.9125
     185                 5.5337
     186                 6.1552
     187                 6.5187
     188                 5.9029
     189                 5.5237
     190                 5.2510
     191                 6.1115
     192                 5.8294
     193                 5.9212
     194                 5.2914
     195                 5.6283
     196                 5.6936
     197                 6.0496
     198                 5.9120
     199                 5.9553
     200                 6.0251
     201                 5.4758
     202                 5.3741
     203                 5.3168
     204                 5.7019
     205                 5.6778
     206                 5.6154
     207                 5.3200
     208                 5.7677
     209                 5.6673
     210                 6.0101
     211                 5.6844
     212                 5.7365
     213                 5.5067
     214                 5.3452
     215                 5.5202
     216                 5.6551
     217                 5.6309
     218                 5.9149
     219                 6.1865
     220                 5.5335
     221                 5.4347
     222                 6.2753
     223                 5.8681
     224                 5.6808
     225                 5.7736
     226                 5.5016
     227                 6.0523
     228                 6.6005
     229                 6.0744
     230                 6.4416
     231                 5.7952
     232                 5.9841
     233                 6.1645
     234                 5.7288
     235                 5.8819
     236                 5.9118
     237                 5.7314
     238                 5.4743
     239                 5.4108
     240                 5.9590
     241                 5.9584
     242                 5.8171
     243                 6.5871
     244                 5.7601
     245                 5.5472
     246                 5.4092
     247                 6.2239
     248                 6.5693
     249                 5.9714
     250                 5.7830
     251                 6.0644
     252                 5.7691
     253                 5.1358
     254                 5.3399
     255                 6.1506
     256                 5.2140
     257                 5.4550
     258                 5.6179
     259                 5.6908
     260                 5.7007
     261                 5.8273
     262                 5.7274
     263                 5.8343
     264                 5.7399
     265                 6.1365
     266                 5.4648
     267                 5.4809
     268                 5.9594
     269                 5.7030
     270                 5.8753
     271                 5.9849
     272                 6.2101
     273                 5.6768
     274                 5.8813
     275                 5.9386
     276                 5.4207
     277                 6.0829
     278                 6.7425
     279                 6.1087
     280                 6.0621
     281                 5.5112
     282                 6.0412
     283                 5.4821
     284                 6.3793
     285                 6.2140
     286                 5.7444
     287                 6.0080
     288                 6.0105
     289                 5.3586
     290                 5.4683
     291                 5.7794
     292                 5.6507
     293                 5.8864
     294                 5.5950
     295                 5.9581
     296                 5.6819
     297                 5.8831
     298                 5.9002
     299                 6.6824
     300                 6.0769
     301                 5.6925
     302                 6.6138
     303                 6.2887
     304                 5.9290
     305                 5.8052
     306                 5.6482
     307                 5.8893
     308                 5.9273
     309                 5.8056
     310                 5.7278
     311                 6.1886
     312                 6.0246
     313                 5.8898
     314                 5.9182
     315                 5.6961
     316                 6.0467
     317                 5.5817
     318                 5.6115
     319                 6.1437
     320                 5.7408
     321                 5.9899
     322                 6.8717
     323                 5.7801
     324                 5.5991
     325                 5.7451
     326                 5.6564
     327                 5.9142
     328                 5.5216
     329                 6.0798
     330                 5.7883
     331                 6.0677
     332                 5.3456
     333                 5.3570
     334                 5.4434
     335                 5.8249
     336                 5.3132
     337                 5.6046
     338                 5.6932
     339                 5.6651
     340                 5.4423
     341                 5.7180
     342                 5.6931
     343                 5.6224
     344                 5.8363
     345                 5.8624
     346                 4.9942
     347                 5.2871
     348                 5.7108
     349                 5.8465
     350                 5.3298
     351                 5.3503
     352                 5.6541
     353                 5.7147
     354                 6.4771
     355                 6.2127
     356                 6.2045
     357                 5.5516
     358                 5.9970
     359                 6.5340
     360                 5.9084
     361                 6.0221
     362                 6.2048
     363                 5.9087
     364                 5.9848
     365                 6.2227
     366                 5.8575
     367                 6.0484
     368                 5.6025
     369                 5.7302
     370                 6.1119
     371                 5.9822
     372                 5.9704
     373                 6.1185
     374                 5.7899
     375                 5.6821
     376                 5.6688
     377                 5.7277
     378                 5.5137
     379                 6.0039
     380                 6.1038
     381                 6.2086
     382                 5.9386
     383                 6.4880
     384                 5.9777
     385                 5.5356
     386                 5.5366
     387                 5.7290
     388                 5.7371
     389                 5.7032
     390                 5.9428
     391                 6.4004
     392                 5.4749
     393                 5.1942
     394                 5.7028
     395                 5.9164
     396                 6.0501
     397                 6.1387
     398                 6.0203
     399                 5.7609
     400                 5.8618
     401                 5.9256
     402                 5.5384
     403                 5.5934
     404                 5.9488
     405                 5.7176
     406                 6.1674
     407                 5.5685
     408                 5.6713
     409                 5.4520
     410                 5.2724
     411                 5.5294
     412                 5.4588
     413                 5.7176
     414                 6.2341
     415                 5.6681
     416                 5.5640
     417                 6.3214
     418                 5.3230
     419                 5.7795
     420                 5.7522
     421                 5.4667
     422                 5.5217
     423                 6.0098
     424                 6.2164
     425                 5.9911
     426                 5.8239
     427                 5.8867
     428                 5.5634
     429                 5.6681
     430                 6.2396
     431                 5.3272
     432                 6.1342
     433                 6.6048
     434                 6.3637
     435                 6.2000
     436                 6.4006
     437                 5.9572
     438                 6.4502
     439                 6.0927
     440                 5.6444
     441                 5.9000
     442                 5.7671
     443                 6.2634
     444                 5.7488
     445                 5.6714
     446                 5.8775
     447                 7.5129
     448                 7.5231
     449                 8.2615
     450                10.9469
     451                11.6360
     452                10.5155
     453                10.4320
     454                11.0239
     455                10.4032
     456                 7.9438
     457                 5.8025
     458                 5.7203
     459                 6.1241
     460                 5.4525
     461                 4.7312
     462                 5.5076
     463                 5.8213
     464                 6.1304
     465                 5.8869
     466                 6.0713
     467                 6.5403
     468                 5.4737
     469                 5.4985
     470                 5.8786
     471                 5.7814
     472                 5.7366
     473                 6.3557
     474                 6.1577
     475                 5.9831
     476                 6.5846
     477                 5.8880
     478                 5.4148
     479                 5.3326
     480                 5.9875
     481                 5.1504
     482                 6.2477
     483                 5.4773
     484                 6.0012
     485                 5.8769
     486                 5.8926
     487                 6.0739
     488                 5.8339
     489                 6.1539
     490                 5.8372
     491                 5.7159
     492                 6.0409
     493                 5.4600
     494                 5.6606
     495                 5.7417
     496                 5.5428
     497                 5.8603
     498                 5.5286
     499                 6.5974
     500                 5.5955
     501                 5.7409
     502                 6.2962
     503                 5.3055
     504                 6.1192
     505                 6.3785
     506                 6.2377
     507                 5.7163
     508                 5.4836
     509                 6.2526
     510                 5.4975
     511                 5.6634
     512                 5.6291
     513                 5.2445
     514                 5.8489
     515                 5.8261
     516                 5.6286
     517                 6.1266
     518                 5.1796
     519                 5.7134
     520                 5.8053
     521                 6.8729
     522                 5.8846
     523                 6.1907
     524                 5.5699
     525                 6.3806
     526                 5.8473
     527                 5.2231
     528                 5.6970
     529                 5.7633
     530                 6.0473
     531                 5.8440
     532                 6.1595
     533                 5.4855
     534                 6.1135
     535                 6.2384
     536                 6.0856
     537                 5.6236
     538                 6.0662
     539                 6.0176
     540                 5.6220
     541                 5.2951
     542                 6.0077
     543                 5.7785
     544                 5.9338
     545                 5.9469
     546                 5.9552
     547                 5.6732
     548                 5.6273
     549                 5.6450
     550                 5.4941
     551                 5.6354
     552                 5.9639
     553                 6.0671
     554                 5.9241
     555                 5.5359
     556                 5.7993
     557                 6.0065
     558                 5.6393
     559                 5.7763
     560                 5.8534
     561                 6.5382
     562                 5.4061
     563                 5.2729
     564                 5.8718
     565                 5.2727
     566                 5.3174
     567                 5.4592
     568                 5.7229
     569                 5.8023
     570                 6.4420
     571                 5.7229
     572                 5.5785
     573                 5.8710
     574                 6.2017
     575                 6.1452
     576                 6.1478
     577                 5.4260
     578                 5.4013
     579                 6.1496
     580                 5.8261
     581                 5.7797
     582                 6.0189
     583                 5.9248
     584                 6.6992
     585                 6.0287
     586                 5.8271
     587                 5.2470
     588                 5.4806
     589                 5.4106
     590                 5.5060
     591                 5.6613
     592                 5.4368
     593                 6.0489
     594                 5.4989
     595                 5.8460
     596                 5.5444
     597                 5.7056
     598                 5.5648
     599                 5.7078
     600                 5.5412
     601                 5.3789
     602                 5.6907
     603                 5.3746
     604                 5.4766
     605                 5.3648
     606                 5.8043
     607                 5.9995
     608                 5.5587
     609                 5.6630
     610                 5.7283
     611                 5.8058
     612                 5.6694
     613                 5.8095
     614                 6.1118
     615                 5.3859
     616                 5.6279
     617                 5.2623
     618                 5.1992
     619                 5.2681
     620                 5.8730
     621                 5.5926
     622                 5.3775
     623                 5.9465
     624                 5.3004
     625                 6.0378
     626                 5.8651
     627                 5.4607
     628                 5.8727
     629                 5.7729
     630                 5.8895
     631                 5.7071
     632                 5.7655
     633                 5.4810
     634                 5.8665
     635                 5.3846
     636                 6.0792
     637                 5.9049
     638                 6.4391
     639                 5.9058
     640                 5.4742
     641                 5.3721
     642                 5.5023
     643                 5.5155
     644                 6.1668
     645                 5.2895
     646                 6.2022
     647                 5.6750
     648                 5.7310
     649                 5.6422
     650                 5.9203
     651                 5.8062
     652                 5.6592
     653                 5.2759
     654                 5.7482
     655                 5.3619
     656                 5.8386
     657                 6.1481
     658                 5.9838
     659                 6.2297
     660                 5.1254
     661                 5.5524
     662                 5.4910
     663                 5.6520
     664                 5.9264
     665                 6.2682
     666                 6.4984
     667                 6.1325
     668                 6.1695
     669                 5.7638
     670                 5.6673
     671                 6.4289
     672                 5.7789
     673                 5.6859
     674                 5.4146
     675                 5.8352
     676                 5.6870
     677                 4.8473
     678                 5.7543
     679                 5.6269
     680                 6.1184
     681                 6.0397
     682                 5.7204
     683                 5.7133
     684                 6.2693
     685                 5.6298
     686                 6.0338
     687                 5.5272
     688                 5.4813
     689                 4.4504
     690                 5.4920
     691                 5.5069
     692                 6.1863
     693                 5.9997
     694                 5.4090
     695                 6.3801
     696                 5.7036
     697                 6.2581
     698                 5.7126
     699                 5.5442
     700                 5.8690
     701                 5.9278
     702                 5.9288
     703                 6.0423
     704                 6.0613
     705                 5.6795
     706                 5.3955
     707                 5.6149
     708                 5.4212
     709                 5.6418
     710                 6.0704
     711                 5.7397
     712                 5.7007
     713                 5.5302
     714                 6.0099
     715                 5.8023
     716                 5.7712
     717                 5.5601
     718                 5.3839
     719                 5.5495
     720                 6.2162
     721                 5.8069
     722                 6.0820
     723                 6.1153
     724                 5.6069
     725                 5.7029
     726                 5.8172
     727                 5.9326
     728                 5.8906
     729                 5.7976
     730                 5.3778
     731                 6.0999
     732                 5.7791
     733                 6.1109
     734                 5.4915
     735                 5.7974
     736                 5.5776
     737                 5.8658
     738                 6.1165
     739                 5.5025
     740                 5.6347
     741                 5.7471
     742                 6.2242
     743                 6.2588
     744                 5.5954
     745                 6.3252
     746                 6.1160
     747                 5.3617
     748                 6.0189
     749                 5.6945
     750                 5.6571
     751                 5.5725
     752                 6.4279
     753                 6.3232
     754                 5.5178
     755                 6.4792
     756                 5.5947
     757                 6.5792
     758                 5.8414
     759                 5.6847
     760                 5.9793
     761                 5.9893
     762                 6.1740
     763                 6.2453
     764                 6.0803
     765                 6.0314
     766                 6.0033
     767                 5.9775
     768                 5.6639
     769                 5.5433
     770                 5.7956
     771                 5.7693
     772                 5.4994
     773                 5.9835
     774                 5.2731
     775                 5.6460
     776                 5.6107
     777                 5.2452
     778                 5.9957
     779                 5.9754
     780                 5.6685
     781                 5.6475
     782                 5.7155
     783                 5.9995
     784                 5.7600
     785                 5.8062
     786                 5.7416
     787                 5.9399
     788                 6.4442
     789                 5.7959
     790                 6.0801
     791                 5.8515
     792                 5.7396
     793                 5.6748
     794                 6.1695
     795                 6.2214
     796                 6.0929
     797                 5.8459
     798                 6.4440
     799                 5.9157
     800                 5.7076
     801                 5.7917
     802                 6.0619
     803                 5.6202
     804                 5.7293
     805                 5.7923
     806                 6.1784
     807                 5.4552
     808                 5.5644
     809                 5.6832
     810                 6.2927
     811                 6.2891
     812                 5.5761
     813                 5.6561
     814                 5.8760
     815                 5.6049
     816                 5.7376
     817                 6.0389
     818                 5.3636
     819                 5.8221
     820                 5.1015
     821                 5.5829
     822                 5.8328
     823                 5.9509
     824                 5.3886
     825                 5.3083
     826                 5.6729
     827                 5.1908
     828                 5.4656
     829                 6.0151
     830                 5.6623
     831                 5.5045
     832                 5.3678
     833                 5.5800
     834                 5.7898
     835                 5.6417
     836                 5.9339
     837                 5.7889
     838                 5.7826
     839                 5.8952
     840                 6.0722
     841                 6.0301
     842                 5.7552
     843                 5.8771
     844                 6.8083
     845                 6.5321
     846                 7.8496
     847                11.8063
     848                10.5055
     849                10.7849
     850                10.9799
     851                 7.1721
     852                11.6645
     853                 8.1734
     854                 6.5047
     855                 5.9063
     856                 6.1181
     857                 6.3120
     858                 6.3367
     859                 6.0759
     860                 5.5401
     861                 5.2363
     862                 5.9415
     863                 6.1022
     864                 6.1758
     865                 5.7651
     866                 5.9185
     867                 6.1787
     868                 6.4368
     869                 6.0576
     870                 5.8957
     871                 5.4454
     872                 5.8573
     873                 6.1082
     874                 5.6756
     875                 5.6409
     876                 5.7557
     877                 6.1952
     878                 5.6992
     879                 5.7199
     880                 5.3309
     881                 5.9663
     882                 5.6534
     883                 5.9603
     884                 5.8686
     885                 5.7978
     886                 5.6637
     887                 5.1805
     888                 6.2906
     889                 5.9819
     890                 5.4417
     891                 6.0333
     892                 5.4291
     893                 5.2960
     894                 5.7295
     895                 5.7340
     896                 5.7901
     897                 5.1687
     898                 6.4428
     899                 5.5495
     900                 5.8475
     901                 5.5614
     902                 6.2788
     903                 5.8060
     904                 5.6723
     905                 6.0363
     906                 8.1740
     907                 6.5287
     908                 5.3739
     909                 6.0115
     910                 5.6687
     911                 6.2270
     912                 5.3448
     913                 6.0957
     914                 6.1902
     915                 6.5629
     916                 5.3665
     917                 5.8395
     918                 5.5851
     919                 5.5083
     920                 5.7999
     921                 5.6836
     922                 5.7418
     923                 5.6679
     924                 5.5427
     925                 5.8833
     926                 6.0841
     927                 5.6042
     928                 5.4974
     929                 5.9406
     930                 5.4746
     931                 5.8295
     932                 5.1166
     933                 5.8527
     934                 5.1494
     935                 5.5982
     936                 6.1055
     937                 5.1721
     938                 5.7966
     939                 6.0791
     940                 5.8109
     941                 6.2124
     942                 5.5911
     943                 5.6621
     944                 5.6130
     945                 5.3394
     946                 5.6306
     947                 5.9620
     948                 5.0056
     949                 5.3956
     950                 4.8223
     951                 5.3029
     952                 5.2622
     953                 5.8209
     954                 6.0211
     955                 5.4911
     956                 5.9257
     957                 6.0802
     958                 5.9088
     959                 5.1158
     960                 5.0349
     961                 6.5094
     962                 5.0366
     963                 5.2990
     964                 6.0711
     965                 5.4419
     966                 5.2767
     967                 5.7827
     968                 5.6471
     969                 5.8634
     970                 5.7650
     971                 5.7767
     972                 5.3539
     973                 5.6047
     974                 6.1144
     975                 5.3969
     976                 6.2931
     977                 5.7699
     978                 5.3249
     979                 5.3038
     980                 5.1832
     981                 5.9040
     982                 5.5762
     983                 5.8111
     984                 5.8076
     985                 5.9977
     986                 6.0716
     987                 6.0422
     988                 5.5991
     989                 5.4428
     990                 5.8715
     991                 5.9371
     992                 6.1855
     993                 5.8116
     994                 5.7967
     995                 5.9039
     996                 5.8438
     997                 5.6724
     998                 5.4466
     999                 5.7124
    1000                 5.8503
