#Frame      M1-M2-L46
       1       9.7892
       2      10.1621
       3       9.4567
       4      10.0334
       5       9.2997
       6       9.9561
       7       9.4506
       8      10.0319
       9       9.8649
      10       9.6847
      11      10.0587
      12       9.8606
      13      10.1955
      14       9.9097
      15      10.3680
      16       9.8072
      17      10.0609
      18       9.7222
      19      10.0443
      20       9.8047
      21      10.2039
      22      10.6110
      23       9.9151
      24      10.2874
      25       9.8809
      26      10.4051
      27      10.0268
      28      10.5035
      29      10.2028
      30      10.0723
      31       9.8455
      32      10.3178
      33      10.3247
      34      10.0715
      35       9.8980
      36      10.2962
      37      10.1488
      38      10.1257
      39      10.2723
      40      10.2105
      41      10.2004
      42       9.9224
      43       9.8632
      44      10.0365
      45       9.9258
      46       9.9356
      47      10.0078
      48       9.8177
      49       9.9948
      50      10.0319
      51      10.2010
      52      10.1466
      53      10.0851
      54       9.7164
      55      10.0871
      56      10.1705
      57      10.4092
      58      10.1826
      59       9.6011
      60      10.2260
      61       9.5929
      62       9.7034
      63       9.7969
      64       9.7799
      65       9.8810
      66      10.0900
      67      10.1435
      68      10.4034
      69       9.9895
      70       9.5383
      71       9.9395
      72       9.7244
      73       9.6673
      74      10.0488
      75      10.0039
      76       9.9766
      77       9.8676
      78      10.0314
      79       9.9425
      80      10.0078
      81      10.2383
      82       9.7572
      83      10.2586
      84       9.7696
      85      10.0436
      86       9.8790
      87      10.0927
      88      10.1151
      89      10.4428
      90       9.8032
      91      10.1009
      92      10.1807
      93       9.8426
      94      10.0728
      95      10.6880
      96      10.1715
      97      10.1908
      98       9.7523
      99      10.0734
     100      10.3541
     101       9.5922
     102       9.7251
     103       9.9946
     104       9.9844
     105      10.0439
     106      10.0976
     107       9.6808
     108       9.6777
     109      10.4128
     110      10.0389
     111       9.5889
     112       9.6940
     113       9.8142
     114      10.0360
     115       9.9778
     116      10.1112
     117      10.2084
     118       9.4775
     119      10.2300
     120      10.6776
     121      10.3030
     122      10.1903
     123      10.4164
     124       9.8789
     125      10.1523
     126      10.0504
     127      10.3566
     128       9.8204
     129      10.1543
     130      10.5097
     131      10.3808
     132      10.1691
     133       9.8777
     134       9.6185
     135       9.6631
     136      10.0200
     137       9.8024
     138       9.7366
     139      10.1027
     140      10.4934
     141      10.2322
     142       9.8262
     143      10.2430
     144       9.7320
     145      10.2455
     146      10.0783
     147      10.4453
     148      10.1473
     149      10.0927
     150      10.1570
     151       9.9731
     152       9.9793
     153       9.8659
     154       9.9811
     155      10.2139
     156       9.9206
     157       9.9863
     158      10.2273
     159       9.8691
     160      10.1766
     161       9.7481
     162      10.0140
     163      10.6649
     164      10.0362
     165      10.4187
     166      10.1697
     167       9.5661
     168      10.1913
     169      10.3259
     170       9.8487
     171      10.1252
     172      10.2216
     173      10.2007
     174      10.2558
     175       9.9640
     176       9.7952
     177       9.7776
     178      10.3873
     179      10.2474
     180       9.8851
     181       9.7641
     182      10.1082
     183       9.9247
     184      10.3808
     185       9.9810
     186       9.6810
     187      10.1681
     188      10.3662
     189      10.2249
     190       9.9877
     191      10.1643
     192       9.7813
     193      10.3730
     194      10.3255
     195      10.1381
     196       9.9664
     197       9.9486
     198      10.3276
     199       9.7791
     200       9.5501
     201       9.9174
     202      10.3055
     203      10.0860
     204      10.2160
     205       9.7100
     206      10.0310
     207       9.8350
     208       9.4304
     209       9.9129
     210      10.1605
     211       9.9626
     212      10.0392
     213       9.9488
     214       9.7589
     215      10.3053
     216       9.8664
     217       9.7040
     218      10.2363
     219      10.3800
     220       9.8689
     221       9.6883
     222       9.6608
     223      10.1213
     224      10.1026
     225      10.1824
     226      10.1977
     227       9.8163
     228       9.9637
     229      10.3347
     230       9.8932
     231      10.1696
     232       9.9786
     233       9.7770
     234       9.8841
     235       9.8384
     236      10.2232
     237      10.2676
     238       9.7841
     239       9.9635
     240      10.2658
     241      10.0080
     242      10.3235
     243      10.0395
     244      10.0675
     245      10.3725
     246       9.6486
     247      10.0587
     248      10.2076
     249      10.3559
     250      10.1287
     251      10.5603
     252      10.0868
     253       9.8885
     254      10.0035
     255       9.7554
     256      10.2553
     257       9.9513
     258      10.1160
     259      10.4592
     260       9.9677
     261      10.0602
     262       9.9850
     263      10.3820
     264       9.8563
     265      10.4846
     266      10.0855
     267       9.9319
     268      10.1697
     269       9.8696
     270      10.3991
     271       9.8384
     272      10.0487
     273      10.6364
     274       9.9679
     275      10.0654
     276      10.6262
     277      10.7659
     278       9.7716
     279       9.5404
     280      10.1835
     281      10.2780
     282      10.3501
     283       9.8389
     284      10.0591
     285      10.7479
     286      10.3413
     287       9.7396
     288       9.6338
     289       9.4912
     290       9.7306
     291       9.9519
     292       9.9980
     293       9.7291
     294      10.4794
     295      10.1512
     296      10.2848
     297       9.7572
     298       9.8666
     299      10.4490
     300       9.7935
     301       9.9604
     302       9.9619
     303      10.1663
     304      10.4008
     305      10.3641
     306       9.8073
     307      10.5556
     308      10.1409
     309       9.5917
     310       9.8594
     311      10.0997
     312       9.8684
     313       9.5770
     314       9.9884
     315       9.9383
     316       9.9655
     317      10.1129
     318      10.1461
     319      10.2379
     320       9.7130
     321       9.8057
     322      10.2141
     323      10.4829
     324       9.9706
     325       9.9204
     326      10.2203
     327      10.2761
     328       9.6913
     329       9.7881
     330       9.8309
     331       9.9846
     332      10.1112
     333       9.5154
     334      10.2020
     335      10.2065
     336      10.0199
     337       9.7631
     338      10.2578
     339       9.6712
     340       9.9713
     341      10.0437
     342      10.0669
     343       9.8913
     344      10.0407
     345       9.7688
     346       9.9152
     347      10.2259
     348       9.8117
     349       9.9717
     350       9.5289
     351      10.0867
     352       9.8673
     353      10.0868
     354       9.7368
     355       9.7129
     356      10.1731
     357      10.3662
     358       9.9740
     359      10.5270
     360      10.0641
     361      10.0556
     362      10.1358
     363      10.1968
     364      10.0075
     365      10.0119
     366      10.3158
     367      10.1022
     368       9.9843
     369       9.8794
     370       9.7217
     371       9.9371
     372       9.7027
     373       9.7219
     374      10.0307
     375       9.6669
     376       9.9261
     377       9.8683
     378       9.8175
     379      10.0536
     380       9.4520
     381       9.6754
     382       9.9959
     383      10.5390
     384      10.1130
     385       9.7237
     386       9.7128
     387      10.1791
     388      10.1258
     389       9.8388
     390       9.6722
     391       9.7837
     392       9.9775
     393      10.1958
     394       9.5049
     395       9.9479
     396      10.0170
     397      10.0685
     398       9.5268
     399       9.7339
     400       9.9804
     401       9.9857
     402      10.2139
     403      10.0811
     404       9.8270
     405       9.7079
     406      10.1205
     407       9.5711
     408       9.6817
     409       9.8807
     410       9.9195
     411       9.8513
     412       9.7399
     413       9.9036
     414       9.5976
     415       9.7994
     416       9.6923
     417      10.1060
     418      10.0599
     419      10.0205
     420      10.0707
     421       9.7240
     422      10.3641
     423       9.7775
     424       9.9347
     425      10.2780
     426       9.3641
     427       9.8452
     428       9.7511
     429      10.1071
     430      10.0055
     431       9.9160
     432       9.7656
     433      10.1700
     434       9.7612
     435       9.6917
     436       9.9988
     437       9.7717
     438      10.0300
     439      10.3298
     440      10.2015
     441       9.9412
     442      10.2295
     443       9.9618
     444       9.9732
     445       9.5036
     446       9.5645
     447       9.9947
     448      10.0380
     449       9.4849
     450       9.6369
     451       9.7610
     452       9.5624
     453      10.0725
     454      10.0114
     455       9.8209
     456       9.6376
     457       9.8088
     458      10.0825
     459      10.1009
     460       9.9377
     461       9.9732
     462       9.7296
     463      10.2322
     464       9.9488
     465      10.3302
     466      10.1272
     467       9.7834
     468       9.8419
     469       9.9414
     470       9.9926
     471       9.8013
     472       9.8470
     473      10.2553
     474       9.5893
     475      10.0606
     476       9.8066
     477       9.7709
     478      10.1472
     479       9.7436
     480      10.1315
     481      10.0446
     482      10.0753
     483      10.0371
     484      10.4199
     485       9.9555
     486      10.1593
     487       9.4291
     488      10.6476
     489       9.9035
     490      10.6923
     491      10.4094
     492       9.6625
     493       9.7421
     494      10.0053
     495      10.0511
     496       9.7468
     497       9.9401
     498       9.9186
     499      10.0962
     500       9.9358
     501      10.1289
     502       9.8980
     503       9.8248
     504       9.7630
     505       9.7994
     506       9.4477
     507       9.5690
     508       9.8115
     509       9.2822
     510       9.6810
     511       9.6668
     512       9.6029
     513       9.6762
     514      10.2320
     515      10.1096
     516      10.0488
     517       9.3877
     518      10.3864
     519      10.0204
     520      10.0271
     521      10.1330
     522      10.0395
     523       9.9255
     524      10.0357
     525       9.7531
     526      10.2437
     527      10.4593
     528       9.8653
     529       9.9352
     530      10.1132
     531      10.4043
     532       9.9930
     533       9.7738
     534      10.3054
     535       9.6260
     536      10.1518
     537       9.8139
     538       9.8654
     539      10.0008
     540       9.8753
     541       9.5558
     542      10.2394
     543       9.8422
     544      10.1063
     545      10.0124
     546      10.0541
     547      10.2084
     548      10.2292
     549       9.7865
     550       9.6485
     551       9.7777
     552       9.5133
     553       9.9531
     554       9.5958
     555       9.9643
     556       9.9731
     557      10.6326
     558      10.1517
     559      10.3412
     560       9.9758
     561      10.3061
     562       9.8186
     563      10.1539
     564      10.3083
     565      10.2969
     566       9.8109
     567      10.0872
     568      10.2058
     569      10.3857
     570       9.9617
     571      10.6556
     572      10.0459
     573       9.8337
     574      10.2652
     575      10.4116
     576       9.8487
     577      10.1446
     578       9.8721
     579      10.5331
     580      10.1796
     581      10.3408
     582      10.0001
     583       9.5846
     584       9.6886
     585      10.0852
     586       9.9844
     587      10.9222
     588       9.7792
     589       9.8453
     590      10.2901
     591      10.0510
     592       9.7528
     593      10.0031
     594      10.0084
     595       9.8524
     596       9.7888
     597       9.5079
     598       9.8568
     599       9.4719
     600      10.1168
     601      10.0140
     602      10.1233
     603      10.2059
     604      10.1634
     605       9.3856
     606       9.4843
     607      10.0278
     608       9.8125
     609       9.9223
     610      10.2117
     611      10.1601
     612       9.6254
     613       9.7263
     614       9.6724
     615       9.9025
     616       9.4848
     617      10.1399
     618      10.0899
     619      10.2101
     620      10.0691
     621       9.9735
     622      10.1160
     623       9.9045
     624       9.6951
     625      10.2930
     626      10.0927
     627      10.3201
     628       9.9002
     629       9.7982
     630       9.8683
     631       9.7557
     632       9.9022
     633      10.1728
     634       9.8854
     635       9.9750
     636       9.7827
     637      10.1570
     638      10.3088
     639       9.6488
     640       9.7533
     641      10.2147
     642       9.9859
     643       9.7390
     644       9.9809
     645      10.1636
     646       9.7880
     647       9.9233
     648       9.7563
     649      10.0080
     650       9.5489
     651      10.1266
     652      10.0654
     653      10.1095
     654      10.2708
     655       9.5742
     656       9.9479
     657      10.0483
     658       9.7490
     659       9.9926
     660       9.8648
     661       9.9573
     662      10.0317
     663       9.8915
     664       9.7685
     665       9.5535
     666      10.0018
     667      10.4173
     668      10.0422
     669       9.8613
     670       9.6390
     671       9.9202
     672       9.8720
     673      10.1210
     674      10.2732
     675      10.1513
     676       9.7737
     677      10.0014
     678       9.9467
     679      10.0883
     680      10.0169
     681      10.2740
     682       9.9818
     683       9.7396
     684       9.9681
     685       9.8068
     686      10.1250
     687      10.2919
     688       9.9068
     689      10.5519
     690      10.5309
     691       9.9583
     692       9.8776
     693       9.6834
     694       9.9474
     695      10.5392
     696      10.6117
     697      10.0586
     698      10.4029
     699       9.9581
     700      10.1067
     701       9.9440
     702       9.8043
     703      10.2258
     704       9.7204
     705      10.1303
     706      10.2269
     707      10.1549
     708      10.2807
     709      10.0524
     710       9.6834
     711       9.7811
     712      10.1381
     713      10.1062
     714      10.1500
     715      10.1352
     716      10.1712
     717       9.9656
     718      10.0642
     719      10.1108
     720      10.0611
     721       9.8404
     722       9.8820
     723       9.8738
     724      10.0617
     725       9.9310
     726       9.9293
     727      10.0077
     728      10.0673
     729       9.4113
     730       9.8805
     731      10.1691
     732       9.9696
     733      10.2335
     734       9.7754
     735       9.7705
     736       9.6919
     737      10.0808
     738       9.8728
     739      10.2863
     740       9.8354
     741       9.9128
     742      10.1486
     743      10.2386
     744      10.0454
     745      10.0870
     746      10.5351
     747      10.0241
     748       9.7807
     749      10.1152
     750      10.3612
     751       9.5560
     752       9.6600
     753       9.8543
     754       9.3228
     755       9.8148
     756       9.3523
     757       9.8123
     758       9.9026
     759       9.9240
     760       9.7272
     761       9.7109
     762       9.8531
     763       9.8004
     764       9.5979
     765       9.6294
     766       9.6435
     767       9.8060
     768       9.7150
     769       9.7393
     770       9.8034
     771       9.6616
     772       9.5073
     773       9.4585
     774       9.9062
     775       9.6346
     776       9.9730
     777      10.5099
     778       9.8782
     779       9.9419
     780      10.0971
     781       9.2844
     782      10.1853
     783       9.9580
     784       9.7758
     785       9.8894
     786      10.0989
     787       9.7843
     788       9.6370
     789       9.5422
     790       9.6689
     791       9.9646
     792       9.8985
     793       9.8721
     794       9.5963
     795      10.2776
     796       9.6176
     797       9.8129
     798       9.8299
     799       9.8405
     800       9.7416
     801       9.7717
     802       9.4729
     803      10.1925
     804       9.7403
     805       9.9130
     806       9.8470
     807      10.2162
     808       9.6674
     809       9.6828
     810       9.5465
     811       9.7201
     812       9.5178
     813       9.7038
     814       9.3200
     815       9.5589
     816       9.3313
     817       9.5661
     818       9.5401
     819       9.9006
     820       8.9948
     821       9.3648
     822       9.3137
     823       9.5491
     824       9.6703
     825       9.3526
     826       9.6739
     827      10.1434
     828      10.0516
     829      10.0710
     830      10.3225
     831       9.9975
     832      10.3034
     833      10.3805
     834       9.5895
     835       9.9310
     836       9.8293
     837       9.5770
     838       9.8424
     839       9.9557
     840       9.9386
     841       9.8424
     842       9.7975
     843      10.4924
     844       9.7582
     845       9.9411
     846      10.0524
     847       9.5137
     848       9.8547
     849      10.2293
     850      10.1784
     851       9.6779
     852      10.3547
     853       9.8748
     854       9.8102
     855       9.7082
     856       9.9167
     857       9.8654
     858       9.5764
     859       9.3893
     860       9.9466
     861       9.5115
     862       9.6441
     863       9.2740
     864       9.7195
     865      10.0386
     866       9.7691
     867       9.6730
     868       9.8701
     869       9.7732
     870       9.9374
     871       9.6489
     872       9.5725
     873       9.7323
     874       9.6798
     875       9.9629
     876       9.9544
     877       9.8886
     878       9.9203
     879       9.9037
     880       9.8265
     881       9.8138
     882       9.5092
     883       9.4994
     884       9.8616
     885       9.8609
     886       9.6271
     887       9.5601
     888       9.8606
     889       9.4511
     890       9.4066
     891       9.5174
     892       9.7751
     893       9.5947
     894       9.5231
     895       9.7337
     896       9.9715
     897       9.9126
     898       9.7913
     899       9.6722
     900      10.0803
     901       9.4897
     902       9.5952
     903       9.9266
     904      10.3245
     905      10.2017
     906      10.0896
     907      10.0390
     908       9.6899
     909      10.0698
     910      10.1420
     911      10.1077
     912      10.0222
     913      10.1115
     914       9.6973
     915       9.9072
     916      10.2494
     917      10.2001
     918       9.9663
     919      10.5099
     920       9.5986
     921       9.6739
     922       9.3140
     923       9.7369
     924      10.2032
     925       9.6364
     926       9.3883
     927       9.4000
     928       9.8269
     929       9.9932
     930      10.0502
     931      10.0769
     932       9.8659
     933       9.8210
     934      10.0399
     935      10.1849
     936      10.0579
     937       9.5811
     938       9.9668
     939       9.6069
     940       9.5640
     941       9.2621
     942       9.5778
     943       9.7377
     944      10.1038
     945       9.6562
     946       9.2616
     947      10.3387
     948       9.7599
     949       9.8691
     950       9.7477
     951       9.4093
     952       9.1065
     953       9.5138
     954       9.8592
     955       9.6513
     956       9.5652
     957       9.8339
     958      10.0496
     959       9.7308
     960       9.9386
     961       9.8506
     962       9.8901
     963      10.2263
     964       9.4262
     965       9.5485
     966       9.6631
     967       9.2160
     968       9.7979
     969       9.9713
     970       9.6541
     971      10.1002
     972      10.1646
     973       9.6655
     974       9.3532
     975       9.1438
     976      10.1021
     977       9.1540
     978      10.2535
     979       9.8038
     980       9.9353
     981      10.0399
     982       9.7789
     983       9.5935
     984       9.2151
     985       9.6320
     986       9.2432
     987       9.4916
     988      10.1557
     989       9.8611
     990      10.1876
     991       9.8372
     992      10.0162
     993       9.8989
     994       9.6188
     995      10.1266
     996       9.6163
     997      10.0492
     998       9.9572
     999      10.4407
    1000      10.2777
