#Frame         psi:32
       1     136.3056
       2     152.2023
       3     152.8837
       4     149.5021
       5     126.1783
       6     128.3668
       7     136.2702
       8     142.7957
       9     127.1994
      10     143.4973
      11     157.3316
      12     148.3342
      13     138.6371
      14     125.9554
      15     117.1804
      16     153.0697
      17     149.8043
      18     148.0704
      19     138.2897
      20     123.7402
      21     140.3431
      22     142.6961
      23     142.4903
      24     105.9658
      25     151.4025
      26     109.5979
      27     125.7915
      28     141.2559
      29     137.2294
      30     144.7167
      31     139.1248
      32     143.3272
      33     122.7084
      34     148.5033
      35     150.0987
      36     130.9109
      37     145.3649
      38     150.5441
      39     145.6237
      40     107.9630
      41     149.8108
      42     121.7477
      43     131.1995
      44     144.2614
      45     138.2489
      46     117.1495
      47     147.7558
      48     145.5962
      49     144.4758
      50     148.0230
      51     139.7826
      52     153.0743
      53     134.9077
      54     144.6660
      55     148.8428
      56     144.8934
      57     143.3065
      58     140.8854
      59     124.4873
      60     137.0113
      61     142.0763
      62     125.2627
      63     125.5714
      64     150.0187
      65     127.7418
      66     150.8236
      67     124.7627
      68     143.0698
      69     137.5727
      70     165.7271
      71     151.8316
      72     131.3358
      73     147.5121
      74     148.9146
      75     139.8439
      76     153.3228
      77     168.2296
      78     155.9012
      79     149.4476
      80     119.2975
      81     126.8592
      82     135.4739
      83     158.0532
      84     147.9148
      85     131.7457
      86     151.7431
      87     148.8637
      88     127.9190
      89     153.6161
      90     126.7783
      91     130.3550
      92     151.1907
      93     138.8590
      94     140.7210
      95     137.3366
      96     128.5939
      97     151.4646
      98     129.0745
      99     131.6745
     100     137.1100
     101     135.8051
     102     140.7510
     103     164.4092
     104     168.5886
     105     139.2243
     106     111.6723
     107     133.0407
     108     138.7688
     109     155.5305
     110     159.9501
     111     155.3172
     112     120.3042
     113     133.4434
     114     131.4803
     115     148.0808
     116     148.5164
     117     154.6679
     118     155.0002
     119     143.0028
     120     136.0646
     121     166.0712
     122     161.2303
     123     147.7517
     124     141.7173
     125     109.0566
     126     137.0995
     127     142.6933
     128     116.8260
     129     144.9665
     130     131.0134
     131     134.3835
     132     120.0323
     133     118.9789
     134     154.7925
     135     140.4595
     136     114.4962
     137     144.4211
     138     134.9947
     139     143.4115
     140     150.1019
     141     139.6339
     142     132.3630
     143     150.1050
     144     163.8709
     145     158.0585
     146     149.9966
     147     132.0580
     148     154.5227
     149     146.3601
     150     126.3809
     151     144.5434
     152     115.7872
     153     124.7804
     154     123.0149
     155     108.9918
     156     134.1975
     157     151.4478
     158     146.3573
     159     127.5134
     160     150.0876
     161     163.6862
     162     134.7402
     163     151.5834
     164     142.5560
     165     131.4999
     166     148.6187
     167     158.1481
     168     139.0847
     169     128.8491
     170     142.2856
     171     122.5733
     172     124.0143
     173     137.8265
     174     148.9817
     175     149.5149
     176     147.3158
     177     137.9975
     178     133.8732
     179     126.9142
     180     119.3033
     181     138.8028
     182     130.6362
     183     138.1838
     184     125.6357
     185     139.1034
     186     134.6982
     187     129.8651
     188     152.8151
     189     151.4047
     190     144.0589
     191     105.2371
     192     142.8471
     193     135.7085
     194     133.2714
     195     140.9978
     196     130.7467
     197     142.4080
     198     119.8677
     199     164.8800
     200     140.5968
     201     127.8572
     202     124.3611
     203     113.6231
     204     124.9920
     205     111.9446
     206     156.7503
     207     158.5553
     208     112.7313
     209     143.9801
     210     110.5070
     211     142.8460
     212     141.5492
     213     132.6575
     214     137.6760
     215     121.4484
     216     153.3169
     217     165.3054
     218     136.1422
     219     141.4736
     220     122.9795
     221     138.5002
     222     124.6771
     223     137.7550
     224     146.7677
     225     145.3939
     226     137.5961
     227     142.1035
     228     138.2473
     229     163.0511
     230      94.7037
     231     136.7441
     232     140.5944
     233     152.1834
     234     147.1818
     235     136.9271
     236     126.7895
     237     135.3043
     238     134.8258
     239     134.8824
     240     139.0739
     241     150.8724
     242     152.9781
     243     154.6942
     244     137.3194
     245     137.0359
     246     126.3952
     247     143.0059
     248     131.6197
     249     169.3043
     250     141.5031
     251     132.8551
     252     141.7130
     253     103.1053
     254     141.1601
     255     148.0175
     256     168.3282
     257     138.8576
     258     126.7262
     259     130.3983
     260     154.2169
     261     150.1002
     262     159.3420
     263     151.2964
     264     167.8955
     265     129.2607
     266     159.5713
     267     153.0088
     268     165.2907
     269     162.6411
     270     148.9882
     271     145.8752
     272     141.5773
     273     163.2302
     274     163.9773
     275     172.4156
     276     151.2745
     277     161.7910
     278     172.8452
     279     165.1937
     280     153.0155
     281     154.8085
     282     155.5870
     283     158.8436
     284     148.2914
     285     158.3684
     286     141.4947
     287     167.8372
     288     129.5967
     289     135.5226
     290     137.9515
     291     129.3548
     292     140.9206
     293     127.8202
     294     152.0726
     295     161.0735
     296     128.8767
     297     154.7024
     298     149.7898
     299     153.9095
     300     149.0255
     301     157.1326
     302     156.9044
     303     148.5408
     304     158.3380
     305     160.5240
     306     168.9312
     307     151.6387
     308     158.7297
     309     154.2617
     310     133.8037
     311     128.9974
     312     160.1529
     313     131.0621
     314     139.3955
     315      94.7466
     316     151.0920
     317     119.3878
     318     133.1619
     319     136.4808
     320     143.9008
     321     144.2001
     322     123.8695
     323     131.7438
     324     153.4250
     325     140.8379
     326     137.9816
     327     144.1083
     328     145.2420
     329     140.6902
     330     129.0970
     331     142.5631
     332     125.1546
     333     166.1046
     334     114.6750
     335     123.3456
     336     135.0743
     337     163.0934
     338     152.2355
     339     132.6143
     340     111.1871
     341     113.4262
     342     151.7601
     343     145.5388
     344     169.6018
     345     156.3858
     346     127.0793
     347     143.0068
     348     141.6453
     349     127.0169
     350     123.3406
     351     152.8021
     352     137.9797
     353     151.3104
     354     136.7953
     355     146.7113
     356     155.4735
     357     162.8869
     358     150.9056
     359     165.9308
     360     143.3453
     361     155.3440
     362     159.1266
     363     146.3947
     364     139.3702
     365     154.7005
     366     141.0713
     367     116.9005
     368     150.7768
     369     117.3042
     370     132.9824
     371     133.4923
     372     147.5319
     373     136.8315
     374     131.7743
     375     138.7267
     376     140.5868
     377     143.3746
     378     126.7107
     379     149.4527
     380     158.3340
     381     157.3656
     382     153.9569
     383     144.4903
     384     154.9235
     385     143.5045
     386     133.1694
     387     134.7145
     388     141.1909
     389     132.5512
     390     103.3878
     391     115.8531
     392     115.6445
     393     139.6752
     394     135.7388
     395     134.7100
     396     145.7389
     397     139.3939
     398     134.9332
     399     132.9878
     400     140.4966
     401     144.2212
     402     153.8969
     403     146.0807
     404     165.1982
     405     140.5549
     406     130.3248
     407     109.7173
     408     147.5436
     409     136.0874
     410     156.0128
     411     126.2389
     412     132.3467
     413     129.1895
     414     131.3611
     415     143.7685
     416     145.4993
     417     119.9527
     418     174.3493
     419     132.4204
     420     127.9822
     421     150.4817
     422     170.0516
     423     159.3947
     424     146.9627
     425     154.8212
     426     150.0068
     427     125.1294
     428     143.2962
     429     128.6562
     430     152.7355
     431     135.3351
     432     118.5111
     433     138.3571
     434     154.1727
     435     145.1411
     436     148.3986
     437     148.7307
     438     149.1017
     439     153.2342
     440     138.0793
     441     146.6349
     442     111.6573
     443     149.2111
     444     148.4982
     445     165.7471
     446     135.8088
     447     140.2786
     448     132.5969
     449     118.7443
     450     133.5574
     451     120.4918
     452     123.9864
     453     138.9042
     454     129.8377
     455     158.6222
     456     159.3991
     457     155.7189
     458     147.6917
     459     155.4408
     460     148.7458
     461     139.2621
     462     138.9110
     463     141.6799
     464     147.7772
     465     130.8469
     466     119.8725
     467     129.4670
     468     164.0157
     469     148.8971
     470     155.2940
     471     134.1080
     472     152.4991
     473     118.2483
     474     143.0464
     475     154.8094
     476     159.9426
     477     152.3797
     478     132.7395
     479     151.1173
     480     125.9210
     481     132.1589
     482     156.9750
     483     137.8963
     484     139.8865
     485     157.5590
     486     125.0483
     487     131.5039
     488      96.4319
     489     137.6892
     490     131.5092
     491     146.9616
     492     140.9060
     493     144.1084
     494     144.8158
     495     142.6326
     496     121.5983
     497     129.7050
     498     138.5184
     499     122.5803
     500     164.5430
     501     141.3153
     502     168.4071
     503     114.9034
     504     133.5955
     505     137.9838
     506     151.7502
     507     139.4400
     508     157.4557
     509     163.1152
     510     154.7062
     511     154.0421
     512     135.8432
     513     152.6129
     514     149.2591
     515     132.3902
     516     128.3392
     517     152.4630
     518     146.9676
     519     146.7020
     520     135.7460
     521     132.9934
     522     128.3204
     523     147.4950
     524     138.1932
     525     152.9745
     526     121.5763
     527     154.7583
     528     134.5606
     529     146.6480
     530     133.9124
     531     143.6868
     532     119.0202
     533     131.9828
     534     131.5652
     535     131.6000
     536     152.2570
     537     128.2560
     538     108.7750
     539     132.4326
     540     146.1909
     541     149.4914
     542     156.0622
     543     139.1476
     544     151.1134
     545     117.3378
     546     116.0761
     547     126.5061
     548     106.3674
     549     127.5918
     550     150.9749
     551     143.2836
     552     160.3525
     553     115.6280
     554     137.4245
     555     143.7682
     556     145.2515
     557     149.7131
     558     138.5629
     559     144.1670
     560     134.9595
     561     139.4939
     562     141.2468
     563     136.0842
     564     152.6182
     565     144.9844
     566     147.5419
     567     141.6012
     568     131.9626
     569     138.3166
     570     165.2168
     571     154.7349
     572     139.6081
     573     150.3340
     574     141.0846
     575     137.6941
     576     121.4354
     577     131.7067
     578     129.1707
     579     145.2716
     580     132.9433
     581     135.3369
     582     141.5676
     583     178.2870
     584     143.9901
     585     142.1180
     586     132.4397
     587     133.6897
     588     148.9022
     589     126.7660
     590     161.7243
     591     159.2092
     592     155.5504
     593     118.5662
     594     136.9072
     595     113.1756
     596     158.9253
     597     136.8593
     598     119.0819
     599     137.7073
     600     124.1279
     601     150.9088
     602     124.9421
     603     129.4630
     604     150.3131
     605     136.4207
     606     116.4838
     607     135.2565
     608     108.4856
     609     126.8847
     610     141.6809
     611     147.2718
     612     129.3139
     613     126.2679
     614     120.1510
     615     140.1456
     616     135.0089
     617     158.8351
     618     129.6392
     619     120.7609
     620     125.1593
     621     152.9824
     622     103.8572
     623     132.9530
     624     144.7761
     625     141.4880
     626     152.5644
     627     141.8086
     628     140.1800
     629     123.6317
     630     141.9568
     631     144.5034
     632     132.8726
     633     160.8483
     634     150.2468
     635     146.3049
     636     125.6171
     637     127.7050
     638     135.8185
     639     122.7400
     640     125.4361
     641     141.0228
     642      78.2164
     643     148.8048
     644     156.0790
     645     144.3271
     646     133.1579
     647     140.1199
     648     131.8568
     649     133.7219
     650     142.7735
     651     165.6878
     652     148.6234
     653     131.3798
     654     155.4739
     655     150.7711
     656     130.9351
     657     123.0632
     658     132.6015
     659     126.9632
     660     137.8624
     661     114.3335
     662     167.9449
     663     158.7382
     664     143.7806
     665     145.8867
     666     146.8141
     667     128.7217
     668     139.7432
     669     147.9315
     670     113.0786
     671     130.8161
     672     135.8768
     673     100.6613
     674     144.8108
     675     143.8231
     676     140.6735
     677    -179.2945
     678     151.3713
     679     156.0110
     680     130.9795
     681     139.1677
     682     143.4863
     683     134.0621
     684     131.7021
     685     135.3191
     686     110.0823
     687     126.4237
     688     135.3374
     689     110.9772
     690     146.1026
     691     133.2858
     692     149.6787
     693     139.8906
     694     164.7992
     695     162.4048
     696     150.1092
     697     131.6256
     698     101.4251
     699     140.0067
     700     139.1297
     701     130.0297
     702     131.2379
     703     131.3186
     704     125.4712
     705     155.1830
     706     126.9648
     707     133.5729
     708     136.9528
     709     130.8426
     710     128.7245
     711     135.7094
     712     136.7774
     713     136.0267
     714     151.9356
     715     126.0323
     716     119.7530
     717     147.3167
     718     141.2223
     719     130.8790
     720     138.1646
     721     145.8175
     722     127.2415
     723     129.8453
     724     157.1577
     725     145.7333
     726     140.7290
     727     140.2018
     728     142.8182
     729     126.8539
     730     140.1613
     731     131.6033
     732     141.2265
     733     144.3156
     734     160.8603
     735     130.3856
     736     150.5983
     737     166.8837
     738     148.8584
     739     111.7649
     740     144.5319
     741     123.2911
     742     124.4863
     743     146.1917
     744     114.8279
     745     143.1187
     746     144.0180
     747     124.8271
     748     136.2207
     749     120.7211
     750     120.4824
     751     126.7232
     752     144.8830
     753     143.1368
     754     117.5653
     755     104.5851
     756     137.2072
     757     136.4631
     758     121.5861
     759     138.9328
     760     132.9032
     761     140.0949
     762     139.5367
     763     133.8957
     764     117.5470
     765     147.8454
     766     149.6423
     767     158.0508
     768     131.4088
     769     144.1761
     770     132.3539
     771     135.0246
     772     120.4025
     773     162.2504
     774     146.6563
     775     133.3745
     776     134.6041
     777     156.1057
     778     148.7570
     779     145.9459
     780     127.2994
     781     150.5778
     782     144.0956
     783     143.6047
     784     127.7982
     785     144.8891
     786     120.1849
     787     139.9689
     788     118.8092
     789     132.7142
     790     147.1703
     791     150.7403
     792     133.9423
     793     147.2124
     794     135.2808
     795     141.3294
     796     137.0136
     797     114.1409
     798     142.8142
     799     168.8661
     800     134.4230
     801     137.7103
     802     121.3627
     803     143.5989
     804     149.7546
     805     140.2022
     806     128.3999
     807     153.3703
     808     127.0225
     809     128.2603
     810     135.8171
     811     134.9780
     812     129.0049
     813     143.5770
     814     161.0349
     815     119.1657
     816     157.7247
     817     151.1836
     818     146.7904
     819     137.4742
     820     135.8466
     821     123.8421
     822     128.8043
     823     152.4122
     824     140.0645
     825     143.9941
     826     135.5113
     827     103.7749
     828     141.2315
     829     133.5903
     830     142.2427
     831     112.8903
     832     137.0078
     833     160.6230
     834      88.7440
     835     111.7153
     836     155.3584
     837     150.2964
     838     149.4189
     839     132.4606
     840     138.3387
     841     143.4784
     842     151.9269
     843     164.0860
     844     140.7243
     845     122.1269
     846     130.7987
     847     141.0760
     848     123.9984
     849     135.8197
     850     142.1785
     851     153.1340
     852     139.6554
     853     138.1695
     854     131.7775
     855     144.4131
     856     130.0584
     857     145.1810
     858     139.8220
     859     123.5135
     860     125.2066
     861     142.4997
     862     139.1566
     863     144.5380
     864     147.3692
     865     119.9265
     866     134.3777
     867     143.1304
     868     148.6139
     869     147.0575
     870     129.3478
     871     139.0411
     872     145.1051
     873     133.0981
     874     133.4612
     875     112.8248
     876     131.1047
     877     123.2911
     878     126.4478
     879     147.5666
     880     146.9195
     881     144.8474
     882     143.8659
     883     127.2308
     884     141.0076
     885     127.7031
     886     130.6706
     887     156.1928
     888     134.6701
     889     130.2455
     890     160.5472
     891     122.1134
     892     141.8987
     893     137.2640
     894     119.7490
     895     148.5898
     896     122.2675
     897     133.5708
     898     148.0936
     899     144.7350
     900     157.4600
     901     127.6694
     902     148.0477
     903     139.0041
     904     141.0173
     905     129.9587
     906     151.2910
     907     138.9192
     908     132.8145
     909     149.3206
     910     144.6114
     911     109.7409
     912      99.9897
     913     143.4950
     914     127.4077
     915     113.8701
     916     124.7747
     917     132.1681
     918     149.8438
     919     128.9654
     920     153.8128
     921     142.0274
     922     110.4410
     923     133.4424
     924     129.5665
     925     132.1488
     926     131.0429
     927     137.6389
     928     168.5724
     929     126.8413
     930     120.4451
     931     122.3529
     932     138.1624
     933     117.4860
     934     145.4760
     935     139.0292
     936     141.5810
     937     134.9542
     938     134.9787
     939     145.9039
     940     125.4435
     941     131.2787
     942     122.9111
     943     138.1995
     944     135.8617
     945     135.6972
     946     133.9832
     947     155.3605
     948     129.6070
     949     161.1073
     950     143.6287
     951     135.1105
     952     147.4345
     953     103.6300
     954     124.7763
     955     124.7820
     956     117.7051
     957     137.3229
     958     149.8213
     959     148.0433
     960     135.2683
     961     143.2525
     962     138.4988
     963     145.5170
     964     145.0615
     965     136.8816
     966     116.1881
     967     149.9374
     968     147.8657
     969     147.2957
     970     118.2620
     971     140.1757
     972     136.1704
     973     129.4979
     974     143.8990
     975     124.7092
     976     124.5570
     977     133.1580
     978     141.3184
     979     161.3022
     980     134.4503
     981     128.6260
     982     120.9973
     983     118.8551
     984     151.6363
     985     146.9934
     986     130.7619
     987     146.4140
     988     146.9499
     989     130.8051
     990     144.8008
     991     159.5575
     992     130.8380
     993     152.3197
     994     108.8142
     995     128.2179
     996     151.8688
     997     162.5322
     998     156.4885
     999     157.0902
    1000     150.4993
