#Frame         phi:32
       1     -75.5201
       2     -82.6141
       3     -64.8503
       4     -69.7789
       5     -64.3919
       6     -90.5277
       7     -67.9076
       8     -82.7724
       9     -69.2199
      10     -55.4738
      11     -82.0955
      12     -84.8981
      13     -66.7864
      14     -75.2523
      15     -66.9281
      16     -60.4908
      17     -64.1048
      18     -32.5583
      19     -77.3294
      20     -71.2904
      21     -66.8222
      22     -45.4312
      23     -72.5788
      24     -85.2740
      25     -76.8390
      26     -80.7149
      27     -74.1846
      28     -68.1208
      29     -76.3454
      30     -56.7054
      31     -50.8803
      32     -69.5403
      33     -61.1039
      34     -73.0453
      35     -70.0971
      36     -63.5908
      37     -63.7780
      38     -66.5814
      39     -57.3404
      40     -75.6887
      41     -63.1117
      42     -74.8080
      43     -79.2447
      44     -77.3972
      45     -73.4140
      46     -63.1321
      47     -68.5022
      48     -60.5464
      49     -68.8896
      50     -67.4997
      51     -74.3425
      52     -74.1100
      53     -66.4200
      54     -82.1488
      55     -77.7422
      56     -62.9715
      57     -77.1322
      58     -55.5225
      59     -59.3192
      60     -58.4873
      61     -62.0421
      62     -56.1196
      63     -52.6422
      64     -68.3136
      65     -48.1692
      66     -58.5301
      67     -80.8958
      68     -62.5790
      69     -57.8738
      70     -63.8869
      71     -80.5669
      72     -83.8628
      73     -67.1194
      74     -65.4544
      75     -81.6562
      76     -78.3047
      77     -76.7512
      78     -73.0166
      79     -69.6181
      80     -84.8128
      81     -61.2479
      82     -81.7660
      83     -73.1611
      84     -68.5013
      85     -73.6733
      86     -62.5854
      87     -75.9940
      88     -56.1336
      89     -67.4097
      90     -80.1624
      91     -70.0893
      92     -49.4586
      93     -64.4444
      94     -57.6601
      95     -73.6421
      96     -65.0878
      97     -85.0141
      98     -50.2706
      99     -55.3175
     100     -55.0315
     101     -64.6902
     102     -51.4812
     103     -69.8282
     104     -67.4057
     105     -54.6660
     106     -80.7451
     107     -76.8712
     108     -59.8060
     109     -61.5347
     110     -78.3580
     111     -65.7148
     112     -51.5376
     113     -59.3078
     114     -61.2808
     115     -72.6642
     116     -90.8774
     117     -63.2391
     118     -64.0602
     119     -96.8982
     120     -58.5149
     121     -76.5970
     122     -72.2856
     123     -67.1690
     124    -103.3499
     125     -70.7108
     126     -95.7743
     127     -72.6463
     128     -57.9835
     129     -68.6349
     130     -67.5360
     131     -57.3579
     132     -68.6309
     133     -85.2360
     134     -72.3176
     135     -62.9468
     136     -49.4669
     137     -60.6607
     138     -79.0344
     139     -60.3960
     140     -75.9940
     141     -72.2786
     142     -86.5764
     143     -88.5272
     144     -85.7188
     145     -61.5936
     146     -67.6080
     147     -51.1073
     148     -61.6553
     149     -71.7256
     150     -78.2083
     151     -85.4355
     152     -63.6787
     153     -56.3573
     154     -65.5712
     155     -63.6436
     156     -73.4080
     157     -65.5188
     158     -63.8650
     159     -58.9442
     160     -60.3345
     161     -68.0494
     162     -62.4885
     163     -81.6344
     164     -59.5396
     165     -53.6140
     166     -76.4024
     167     -61.6525
     168     -77.1516
     169     -62.3395
     170     -71.2245
     171     -63.4588
     172     -73.1966
     173     -78.3951
     174     -62.9477
     175     -69.5485
     176     -71.0663
     177     -63.1670
     178     -74.7958
     179     -74.8916
     180     -62.3649
     181     -68.1191
     182     -88.3977
     183     -81.6724
     184     -54.0766
     185     -50.4286
     186     -62.2166
     187     -58.7637
     188     -60.4187
     189     -86.0473
     190     -70.7946
     191     -73.5141
     192     -81.0922
     193     -63.9326
     194     -86.8003
     195     -45.0570
     196     -62.5082
     197     -65.5857
     198    -108.3860
     199     -86.6583
     200     -70.1318
     201     -72.0515
     202     -83.5755
     203     -68.8274
     204     -50.0100
     205     -52.6209
     206     -85.8069
     207     -78.4627
     208     -48.8248
     209     -66.3953
     210     -76.5380
     211     -69.5418
     212     -67.6295
     213     -80.0180
     214    -105.2122
     215     -71.1272
     216     -82.5857
     217     -78.5756
     218     -92.3423
     219     -70.6371
     220     -91.0459
     221     -85.9581
     222     -67.5884
     223     -76.5064
     224     -62.8804
     225     -73.9306
     226     -56.9413
     227     -50.8233
     228     -62.7129
     229     -59.3927
     230     -60.8722
     231     -71.4693
     232     -64.6926
     233     -63.8849
     234     -59.8003
     235     -68.5208
     236     -63.5074
     237     -54.3057
     238     -66.2677
     239     -68.8150
     240     -60.2972
     241     -81.8372
     242     -77.2819
     243     -69.6736
     244     -67.9890
     245     -78.9349
     246     -73.9174
     247     -57.2433
     248     -78.0620
     249     -68.0855
     250     -77.1469
     251     -77.0135
     252     -74.9604
     253     -62.2528
     254     -72.7945
     255     -55.0490
     256     -67.3727
     257     -73.3204
     258     -76.0675
     259     -71.5210
     260     -76.5497
     261     -72.9988
     262    -148.4818
     263     -67.3162
     264     -79.6549
     265     -88.4967
     266     -80.6335
     267     -60.8638
     268     -57.9947
     269     -84.0547
     270     -58.6194
     271     -79.2035
     272     -62.4984
     273     -91.5983
     274     -79.9355
     275     -72.9801
     276     -79.1450
     277     -79.3469
     278     -80.7077
     279     -56.8693
     280     -68.9614
     281     -68.1314
     282     -70.5638
     283     -80.6600
     284     -58.1166
     285     -60.5518
     286     -63.7438
     287     -83.1896
     288     -74.4924
     289     -73.1816
     290     -93.3980
     291     -64.2394
     292     -75.8518
     293     -67.6574
     294    -108.0889
     295     -83.6926
     296     -73.0850
     297     -77.5305
     298     -66.9581
     299     -63.3005
     300     -68.4643
     301     -62.3492
     302     -70.4911
     303     -68.5151
     304     -78.9525
     305     -52.0100
     306     -76.1504
     307     -77.9186
     308     -75.1809
     309     -75.5682
     310     -60.1703
     311     -76.9283
     312     -69.0723
     313     -71.5735
     314     -66.0147
     315     -75.1093
     316     -61.2196
     317     -50.9585
     318     -67.1753
     319     -63.8878
     320     -68.1109
     321     -64.4627
     322     -78.7773
     323     -73.4501
     324     -77.3343
     325     -74.1091
     326     -56.5088
     327     -61.9924
     328     -82.5462
     329     -85.3053
     330     -64.6505
     331     -61.6221
     332     -62.1958
     333     -79.0474
     334     -66.4832
     335     -93.4821
     336     -67.6214
     337     -68.8517
     338     -75.5787
     339     -78.8607
     340     -77.1946
     341     -75.2336
     342     -66.1057
     343     -67.1239
     344     -56.5838
     345     -59.5994
     346     -55.2656
     347     -64.9323
     348     -64.3254
     349     -71.4601
     350     -65.5575
     351     -76.4484
     352     -68.0896
     353     -76.2960
     354     -90.5784
     355     -64.7323
     356     -59.4419
     357     -73.3169
     358     -61.0929
     359     -86.2329
     360     -69.9279
     361     -80.6510
     362     -53.1253
     363     -78.3420
     364     -64.5778
     365     -79.6284
     366     -52.3635
     367     -63.8053
     368     -74.2712
     369     -67.1364
     370     -80.9246
     371     -66.1007
     372     -63.8913
     373     -70.2107
     374     -62.2767
     375     -55.9837
     376     -91.4524
     377     -62.1621
     378     -79.6292
     379     -67.2259
     380     -73.1094
     381     -62.2988
     382     -81.2785
     383     -67.5127
     384     -74.5767
     385     -96.1439
     386     -44.5887
     387     -64.0012
     388     -55.6714
     389     -64.9824
     390     -67.9754
     391     -71.9873
     392     -81.9105
     393     -79.5397
     394     -82.3562
     395     -55.9378
     396     -77.5772
     397     -76.3953
     398     -75.9638
     399     -81.3265
     400     -70.8844
     401     -62.1572
     402     -81.4929
     403     -70.8235
     404     -63.8408
     405     -72.3552
     406     -80.6332
     407     -80.5192
     408     -74.1845
     409     -75.4978
     410     -55.7689
     411     -63.3988
     412     -70.3822
     413     -74.2568
     414     -66.7251
     415     -65.4741
     416     -62.3476
     417     -62.5943
     418     -64.4423
     419     -60.6072
     420     -90.5621
     421     -55.2227
     422     -81.2527
     423     -60.5836
     424     -67.7799
     425     -62.6196
     426     -63.5340
     427     -62.3309
     428     -70.3680
     429     -70.6855
     430     -69.5585
     431     -82.2425
     432     -69.0333
     433     -59.0036
     434     -70.7935
     435     -81.7813
     436     -82.6064
     437     -53.0553
     438     -75.1576
     439     -67.7023
     440     -73.6703
     441     -72.8609
     442     -45.8362
     443     -47.6089
     444     -62.9930
     445     -63.9906
     446     -67.9773
     447     -74.9562
     448     -75.1833
     449     -50.8138
     450     -53.3276
     451     -50.1136
     452     -73.7273
     453     -57.1395
     454     -75.9020
     455     -54.9180
     456     -80.0437
     457     -86.3671
     458     -68.7863
     459     -87.5271
     460     -57.1637
     461     -75.6224
     462     -82.0345
     463     -76.0712
     464     -90.8822
     465     -63.8117
     466     -80.2795
     467     -69.7192
     468     -66.7399
     469     -64.5563
     470     -66.8208
     471     -68.4589
     472     -79.3965
     473     -78.3736
     474     -82.5399
     475     -69.1382
     476     -96.3633
     477     -85.0413
     478     -57.7516
     479     -59.3185
     480     -73.5476
     481     -60.2913
     482     -74.5224
     483     -69.0374
     484     -70.1142
     485     -77.3108
     486     -43.6754
     487     -61.8124
     488     -86.6369
     489     -63.9679
     490     -61.0738
     491     -68.6349
     492     -75.5999
     493     -75.9782
     494     -66.1903
     495     -56.5953
     496     -64.9484
     497     -60.5097
     498     -62.6308
     499     -66.2088
     500     -70.8288
     501     -80.6979
     502     -84.4145
     503     -81.0573
     504     -86.2223
     505     -53.3431
     506     -76.3506
     507     -74.8414
     508     -62.9863
     509     -71.2974
     510     -85.6454
     511     -70.3467
     512     -72.1767
     513     -95.2975
     514     -54.2161
     515     -78.4512
     516     -57.9217
     517     -77.1337
     518     -62.9555
     519     -58.5155
     520     -72.2101
     521     -64.2399
     522     -62.7373
     523     -53.9585
     524     -78.5527
     525     -71.1732
     526     -58.7348
     527     -74.5781
     528     -67.3698
     529     -65.1533
     530     -92.5570
     531     -68.7812
     532     -61.6435
     533     -75.7903
     534     -68.8115
     535     -75.6948
     536     -60.0769
     537     -73.8886
     538     -64.4700
     539     -65.3460
     540     -70.5756
     541     -56.7741
     542     -63.6229
     543     -56.6974
     544     -74.4603
     545     -68.1006
     546     -78.3177
     547     -65.3903
     548     -85.1201
     549     -77.1313
     550     -69.4434
     551     -71.3930
     552     -68.2078
     553     -62.6200
     554     -73.9123
     555     -56.9447
     556     -61.1444
     557     -67.0791
     558     -64.3993
     559     -68.5407
     560     -62.4753
     561     -74.0006
     562     -62.1909
     563     -65.9481
     564     -76.3911
     565     -61.8105
     566     -76.8096
     567     -57.2346
     568     -57.8479
     569     -76.3187
     570     -52.2039
     571     -75.7663
     572     -59.4076
     573     -61.2399
     574     -77.8008
     575     -91.4673
     576     -73.8696
     577     -58.1793
     578     -58.1680
     579     -74.6187
     580     -76.1274
     581     -52.4292
     582     -62.6495
     583     -62.3558
     584     -56.2066
     585     -79.1457
     586     -63.9527
     587     -62.2887
     588     -79.0074
     589     -69.7720
     590     -88.1607
     591     -59.6544
     592     -66.5160
     593     -56.8290
     594     -56.3364
     595     -67.0586
     596     -75.5845
     597     -62.8674
     598     -60.9702
     599     -76.6270
     600     -67.8756
     601     -76.8702
     602     -74.8589
     603     -79.7044
     604     -84.6510
     605     -65.2055
     606     -68.6969
     607     -71.6203
     608     -54.9120
     609     -63.7765
     610     -74.5567
     611     -83.5064
     612     -77.3693
     613     -52.5124
     614     -57.4794
     615     -58.6914
     616     -71.6181
     617     -79.1242
     618     -68.4547
     619     -64.5394
     620     -54.5259
     621     -61.4819
     622     -47.0944
     623     -81.4767
     624     -47.7047
     625     -65.1399
     626     -68.5193
     627     -54.6095
     628     -65.2819
     629     -82.1277
     630     -67.8799
     631     -62.8881
     632     -63.4239
     633     -74.8614
     634     -59.2802
     635     -76.8108
     636     -81.3619
     637     -68.9974
     638     -74.8042
     639     -69.5336
     640     -67.2674
     641     -51.8740
     642     -82.2733
     643     -66.5818
     644     -79.9911
     645     -80.0325
     646     -62.7387
     647     -66.2524
     648     -61.5742
     649     -47.4323
     650     -62.5680
     651     -72.6908
     652     -77.6619
     653     -75.8673
     654     -84.8915
     655     -66.0428
     656     -67.9286
     657     -77.0173
     658     -71.7886
     659     -67.5881
     660     -66.4817
     661     -66.3426
     662     -68.0126
     663     -75.3666
     664     -54.5278
     665     -72.9312
     666     -69.1397
     667     -56.6223
     668     -58.2109
     669     -57.3795
     670     -66.2644
     671     -62.0493
     672     -82.2799
     673     -71.2492
     674     -79.4480
     675     -73.0648
     676     -60.2474
     677     -76.7271
     678     -59.0373
     679     -54.8340
     680     -75.9474
     681     -60.1219
     682     -63.8672
     683     -54.6294
     684     -63.4352
     685     -55.5476
     686     -74.7319
     687     -74.2967
     688     -60.7390
     689     -68.7192
     690     -48.3879
     691     -63.6238
     692     -45.5798
     693     -63.0520
     694     -90.1697
     695     -69.1536
     696     -63.7579
     697     -65.3281
     698     -97.9262
     699     -84.2962
     700     -63.9991
     701     -80.6804
     702     -86.7978
     703     -70.6194
     704     -83.1686
     705     -87.0805
     706     -65.4236
     707     -75.2911
     708     -66.8258
     709     -65.7436
     710     -60.3254
     711     -69.6808
     712     -59.8363
     713     -59.8665
     714     -82.9654
     715     -57.8606
     716     -60.6595
     717     -72.6067
     718     -67.0063
     719     -60.5949
     720     -59.8534
     721     -59.3913
     722     -70.1649
     723     -54.4499
     724     -72.8842
     725     -57.7830
     726     -74.2143
     727     -68.1369
     728     -51.9713
     729     -72.1739
     730     -53.2304
     731     -59.5670
     732     -48.0080
     733     -72.5879
     734     -77.3426
     735     -65.2957
     736     -80.9571
     737     -67.6515
     738     -67.9207
     739     -75.7313
     740     -57.7170
     741     -67.4820
     742     -77.3508
     743     -86.6685
     744     -73.7289
     745     -66.5099
     746     -58.3848
     747     -57.8477
     748     -74.2861
     749     -60.2612
     750     -64.3700
     751     -65.4208
     752     -89.4590
     753     -74.7873
     754     -68.0811
     755     -70.3035
     756     -74.8992
     757     -77.5878
     758     -55.8352
     759     -69.9176
     760     -72.5818
     761     -47.4630
     762     -60.9869
     763     -82.1528
     764     -62.3820
     765     -69.6990
     766     -77.1141
     767     -66.7349
     768     -58.7089
     769     -81.3995
     770     -69.9281
     771     -70.6979
     772     -81.2035
     773     -61.8634
     774     -64.4020
     775     -67.4088
     776     -91.2203
     777     -55.4791
     778     -63.2569
     779     -60.9263
     780     -66.7776
     781     -67.9172
     782     -76.3168
     783     -55.6110
     784     -59.5367
     785     -92.4046
     786     -76.4038
     787     -81.6449
     788     -68.7494
     789     -66.6540
     790     -51.7140
     791     -72.9939
     792     -77.6387
     793     -81.0784
     794     -81.9070
     795     -79.4553
     796     -54.8703
     797     -64.7262
     798     -54.5908
     799     -81.5468
     800     -59.4854
     801     -70.7855
     802     -70.0067
     803     -68.1799
     804     -64.0660
     805     -51.1330
     806     -72.0417
     807     -68.3935
     808     -64.5051
     809     -70.4353
     810     -68.9584
     811     -57.4777
     812     -56.8248
     813     -83.7534
     814     -61.9713
     815     -78.3656
     816     -82.6509
     817     -60.4220
     818     -68.1661
     819     -62.3507
     820     -62.2754
     821     -54.9437
     822     -81.1847
     823     -81.8362
     824     -53.7254
     825     -69.8576
     826     -66.2100
     827     -78.5284
     828     -69.0470
     829     -64.8313
     830     -65.6822
     831     -37.8282
     832     -60.2420
     833     -58.2813
     834     -89.4051
     835     -81.0601
     836     -99.7729
     837     -69.6347
     838     -85.1666
     839     -64.8899
     840     -72.6782
     841     -62.7340
     842     -65.7505
     843     -67.1760
     844     -73.3275
     845     -53.7601
     846     -68.1904
     847     -95.7965
     848    -121.0083
     849     -91.0947
     850     -53.8767
     851     -65.2498
     852     -87.6864
     853     -52.4777
     854     -54.6802
     855     -76.5016
     856     -41.8003
     857     -59.3956
     858     -69.2821
     859     -76.2448
     860     -30.3331
     861     -64.3621
     862     -63.2921
     863     -63.7854
     864     -49.4483
     865     -81.6859
     866     -60.7840
     867     -75.2609
     868     -54.0742
     869     -79.3260
     870     -73.6721
     871     -64.3068
     872     -67.4579
     873     -71.2731
     874     -79.9155
     875     -47.5764
     876     -51.6780
     877     -80.0818
     878     -53.0775
     879     -58.7176
     880     -68.5811
     881     -70.2526
     882     -72.3630
     883     -56.9363
     884     -77.9739
     885     -66.9960
     886     -54.9330
     887     -66.7142
     888     -83.5608
     889     -71.1260
     890     -73.2451
     891     -63.0207
     892     -65.1464
     893     -59.3145
     894     -52.6807
     895     -73.3631
     896     -72.3481
     897     -71.2011
     898     -53.8454
     899     -76.2093
     900     -66.1945
     901     -74.8135
     902     -55.4405
     903     -65.7640
     904     -63.7688
     905     -54.5632
     906     -65.6448
     907     -80.6876
     908     -53.5737
     909     -65.4892
     910     -65.3365
     911     -89.5199
     912     -67.2629
     913     -60.7062
     914     -71.9985
     915     -81.2582
     916     -83.2977
     917     -74.1583
     918     -67.4871
     919     -79.5559
     920     -75.4747
     921     -73.6781
     922     -68.2812
     923     -78.2339
     924     -68.1422
     925    -113.3359
     926     -64.2057
     927     -70.5955
     928     -79.0831
     929     -81.4875
     930     -91.2940
     931     -75.3166
     932     -57.9072
     933     -82.0587
     934     -81.7565
     935     -71.3621
     936     -69.4489
     937     -68.0725
     938     -61.8528
     939     -67.5574
     940     -66.5983
     941     -74.2213
     942     -67.1541
     943     -75.1319
     944     -54.1126
     945     -66.3620
     946     -57.6277
     947     -57.8566
     948     -44.2513
     949     -73.0733
     950     -69.0437
     951     -73.3528
     952     -72.6891
     953     -60.5882
     954     -52.8481
     955     -56.8180
     956     -73.1511
     957     -56.6133
     958     -63.8552
     959     -76.1313
     960     -69.8546
     961     -86.9786
     962     -68.5699
     963     -60.2632
     964     -60.3350
     965     -66.2533
     966     -87.6801
     967     -60.9851
     968     -67.4310
     969     -68.5422
     970     -55.6840
     971     -39.0302
     972     -63.4199
     973     -63.7863
     974     -53.0151
     975     -62.7160
     976     -80.0272
     977     -74.5656
     978     -67.5287
     979     -78.5242
     980     -51.3351
     981     -71.1623
     982     -73.2006
     983     -79.2746
     984     -84.5686
     985     -65.6501
     986     -66.7590
     987     -87.4596
     988     -60.5692
     989     -74.4441
     990     -69.8719
     991     -68.5947
     992     -69.1387
     993     -66.1630
     994     -77.0549
     995     -69.6644
     996     -62.7888
     997     -93.4120
     998     -63.5516
     999     -57.1318
    1000     -69.9353
