#Frame       chi1:120     chi2:120     chi3:120
       1     -55.9806     -66.7583     134.5195
       2     -73.4767     -51.4357     170.3553
       3    -175.3787      53.6031      58.7655
       4    -174.2119      54.3261     111.9464
       5    -167.9933      52.1362      74.8744
       6    -165.6722      45.0105      78.8851
       7     178.4812      63.3762      81.6457
       8    -168.3695      48.0871      74.7464
       9    -158.6003      41.3475      86.8765
      10     167.8093      61.6552      75.5156
      11    -175.9899      39.0844      75.4876
      12    -173.7153      65.2502      74.6446
      13    -177.2180      50.6323      85.1708
      14     173.1482      67.0002      70.0936
      15    -165.9902      48.8343      79.3353
      16     177.9666      51.5548      88.3318
      17    -171.6112      60.3457      73.5250
      18    -158.4976      49.4008      73.7085
      19    -165.8159      49.5352      46.8765
      20     178.2735      52.8169      78.7408
      21    -168.5547      46.7595      75.1730
      22     174.8105      68.3982      79.1778
      23    -177.9119      55.0446      71.6201
      24     176.1626      60.3462      57.2817
      25    -169.9445      47.6341      63.0120
      26    -167.9069      39.9157      88.9169
      27    -164.3076      37.6998      96.7188
      28    -162.8626      51.9970      67.4921
      29     172.3002      71.4467      76.7968
      30    -170.6711      56.5941      66.8511
      31    -173.0771      55.5327     -98.0772
      32    -166.0652      53.8483    -104.5251
      33     -61.9604     -65.4261     -42.3734
      34    -159.4675      43.3798    -116.9560
      35    -169.0927      38.5454    -101.0415
      36     -66.9369     -58.1868     -29.4089
      37    -162.6133      54.2851     -82.0306
      38    -169.5833      37.1547     -80.7292
      39    -163.6813      41.9997     -91.3591
      40    -165.3902      36.7924     -75.1392
      41    -178.4587      45.8314     -76.8991
      42     174.3809      65.4468     -73.9358
      43    -178.9660      57.9373     -82.6273
      44    -178.4159      45.2882    -112.2501
      45    -169.2348      47.3204    -113.7561
      46    -159.7643      42.9171     -87.1786
      47    -173.5081      50.4018    -114.3831
      48    -167.9768      39.8897     -88.8628
      49    -176.0737      65.9383    -129.7946
      50    -162.9471      39.2268     -69.4833
      51    -172.3699      51.9816     -68.6300
      52    -176.1947      51.8112    -113.2854
      53    -174.1585      59.9283     -96.7004
      54     171.0056      53.1380    -126.8116
      55    -164.6202      39.0211     -85.3446
      56    -147.0143      59.4799    -131.7257
      57     178.6845      64.5693     -76.8954
      58    -155.5065      41.6635    -100.5888
      59    -167.5517      44.8287     -89.9151
      60     -64.3969     -38.2565     -72.2027
      61    -172.6160      71.5210    -130.3586
      62    -171.0343      64.3786     -91.0528
      63    -170.8409      51.5721     -88.4502
      64    -176.0280      61.9416     -95.2084
      65    -165.9466      52.7172    -103.6337
      66    -158.7590      42.6540     -65.3921
      67    -179.7280      64.8259    -123.5093
      68    -173.1680      55.1861    -139.9284
      69    -171.5206      49.9006    -113.2904
      70     174.7692      65.8507     -90.3634
      71    -171.9012      45.1266    -124.7347
      72    -168.7291      43.4508    -109.5586
      73    -177.6308      64.6995     -88.7523
      74     178.3417      45.2803    -114.9589
      75     -82.1451     -64.4592     -11.2506
      76    -169.6571      41.6026     -98.3945
      77    -167.3945      36.4798    -102.7484
      78    -165.7686      57.8569     -88.7163
      79    -168.8561      54.0776     -76.9092
      80    -171.3906      41.0868     -96.6822
      81    -164.4860      49.3733    -112.5438
      82     179.7469      54.1949    -102.4831
      83     -74.9352     -55.1030     -48.6813
      84    -177.9599      59.9304     -89.3981
      85    -166.1422      49.4623     -75.7561
      86    -177.0121      51.5617     -75.8933
      87     -73.1683     -76.3372      -6.7182
      88    -170.9379      54.4394    -118.0372
      89    -169.7252      49.6995     -73.7799
      90     -85.9471     -72.0373      -9.9542
      91     -77.1364     -45.6327     -36.7871
      92    -173.3511      46.3567    -101.9196
      93    -178.7135      46.5964    -122.2131
      94    -173.8016      48.6881    -112.8041
      95     176.5083      50.3753     -86.2245
      96     -95.9077     -65.1838      -0.9060
      97     -77.6744     -64.8808     -14.9364
      98    -174.8009      59.8496    -103.6912
      99    -155.2970      38.9814      65.8528
     100    -170.5188      56.8332      84.3305
     101    -163.8213      62.6711      76.6748
     102     -78.3390     -80.5069    -171.6800
     103     -88.0687     -62.8612     148.8159
     104     172.1827      60.8809      96.2605
     105    -169.6423      49.0760      75.8696
     106     173.8750      51.1024      64.5873
     107     177.8774      78.0206      52.5423
     108     -61.9908     -64.8160    -167.2411
     109     177.9495      82.9578      39.0662
     110    -177.2616      50.3847      56.9399
     111     177.4903      51.1295      71.3346
     112    -170.2435      45.6286      96.1966
     113    -179.3835      52.9253      90.8989
     114     -56.7892     -63.9150     152.0999
     115    -176.7830      64.8031      45.2536
     116     -44.9611     -70.1157     156.4092
     117     -64.7254     -77.1549    -170.0838
     118    -166.2268      55.2748      53.6132
     119    -160.4215      70.7327      46.3959
     120    -159.8501      43.4468      80.9495
     121    -163.1692      41.6136      78.8443
     122    -167.0061      43.6895      75.5561
     123    -170.1210      52.9560      62.4729
     124     172.4690      63.9398      81.7662
     125    -172.2574      54.9851      96.0962
     126    -170.5340      47.1229      84.2189
     127    -164.9139      28.9344      86.8391
     128    -170.1531      59.1712      86.8739
     129    -178.4961      55.0763      57.7525
     130    -165.4853      51.4545     -83.0558
     131     -58.1011     -61.9167     -17.5997
     132     -80.3061     -47.4467     -20.4102
     133     -66.2085     -61.0893     -34.2700
     134     -58.0811     -51.2732     -21.5542
     135     -52.8288     -61.1612      -7.4246
     136     -51.0459     -67.3203     -11.3097
     137     -72.7703     -41.8998     -40.4999
     138     -53.0997     -55.5006     -11.9262
     139     -68.2857     -74.1979     -23.0247
     140     -62.1716     -45.0022     -43.2550
     141     -71.0997     -67.4476      14.3234
     142     178.9586      65.9086     -97.6230
     143     175.7543      56.4749    -130.6808
     144     179.1223      51.8271     -97.0539
     145    -172.2188      46.5635     -89.1255
     146    -162.9542      49.9466     -94.7738
     147    -166.8149      49.2943     -89.1812
     148    -167.9663      50.1397     -87.8650
     149    -162.7679      45.8906     -96.2395
     150    -176.9753      55.6745     -78.9480
     151    -179.8842      70.7974     -93.0475
     152    -173.4621      46.8708     -85.6641
     153    -171.0338      67.9989    -112.9603
     154    -160.5909      38.8364     -88.2648
     155    -162.9468      25.7646     -86.1048
     156     178.0902      58.7094    -117.0695
     157    -179.3832      57.0169     -93.7898
     158    -172.5831      51.0427    -103.7209
     159    -177.6523      49.3314    -103.9677
     160    -176.3416      59.6005     -98.9247
     161    -165.9461      70.4044    -138.9251
     162    -170.8899      60.7850     -96.5360
     163    -168.9277      39.1982    -106.7891
     164    -169.4442      56.6502     -77.3492
     165     179.7334      61.7536     -89.4601
     166    -169.1183      38.4504    -103.2020
     167     172.9682      67.3874     -66.8199
     168     -76.7559     -55.6428     -21.6219
     169     176.2520      58.6760     -91.6385
     170    -175.3821      45.9720    -116.7215
     171    -175.4144      63.4684    -105.0766
     172     -58.3008     -74.6225      15.5380
     173     -69.0736     -71.8029     -11.6105
     174    -179.6315      52.2013    -100.4161
     175    -173.8271      67.9631    -113.3285
     176    -176.0062      52.9304    -150.2347
     177    -156.3097      42.5217     -85.1500
     178    -159.4411      46.9629     -70.2957
     179    -172.9874      48.1977     -85.1579
     180    -178.3686      55.6564    -124.9037
     181    -177.8055      63.4866     -96.4394
     182     -72.7109     -65.1473       5.8837
     183    -167.5842      44.5726      85.8126
     184    -167.6665      51.0190      78.7265
     185     177.1479      55.5722      70.3845
     186     161.1997      77.8483      70.2626
     187    -171.1942      48.6054      88.7271
     188    -170.6109      48.1531      79.5576
     189     175.8855      56.6333      52.9030
     190    -173.6256      45.8960      70.4077
     191    -168.6671      33.8935      96.2503
     192     177.1373      54.1424      63.2749
     193    -177.4648      56.1908      78.3470
     194     -63.8121     -63.0637     164.8754
     195     -72.3352     -73.8303     168.8496
     196    -179.1666      55.7546      69.3618
     197    -179.1829      42.2086      66.3045
     198    -167.9845      51.6174      98.3616
     199    -166.6034      42.5215      92.1216
     200    -170.7447      50.9003      70.9079
     201     174.2423      50.3840      48.9843
     202    -168.6958      57.3691      51.6969
     203    -177.1433      64.0032      70.7756
     204     -75.7289     -48.7415     146.7051
     205     -74.1539     -64.0289    -178.9399
     206     -71.8386     -58.0594     -28.9590
     207     -63.2534     -59.5887     -11.9256
     208     -80.5763     -61.1667     -16.0305
     209    -168.0499      51.3563     -92.2576
     210     179.1994      53.4518     -71.1913
     211     170.1057      50.0114    -142.0154
     212    -159.2461      39.7162    -102.5996
     213    -168.5794      48.0265     -88.9173
     214    -176.8497      46.8700     -90.3355
     215    -175.3546      53.0288    -121.6008
     216    -168.3358      61.3432     -88.1155
     217    -172.2967      49.1319     -84.4254
     218    -175.6537      56.3036     -91.3286
     219     -95.7303     -66.3336       4.1007
     220     174.6940      57.8180    -116.1461
     221    -163.8677      58.1476     -84.3518
     222    -168.8459      50.1271     -80.5326
     223    -174.2597      60.4098     -78.9856
     224    -172.8160      44.7492     -88.3008
     225    -171.2189      36.7130    -116.2325
     226     173.4162      57.7531     -87.8650
     227    -172.9237      48.9653     -94.0150
     228    -174.7921      46.1885      88.8808
     229    -168.4540      49.8418     -94.5240
     230    -163.2400      55.0100     -94.7655
     231     -71.7604     -70.8150      -5.0583
     232    -174.9228      60.9171    -118.2552
     233     179.6451      53.7597     -87.2497
     234     -87.9703     -65.5666      -8.7185
     235     175.4942      67.0743     -90.3316
     236     -81.1829     -56.9145     -29.7476
     237     173.0622      62.3549    -103.8615
     238    -148.4643      23.2051     -93.3340
     239    -178.9093      57.8030    -110.9104
     240     179.3652      59.5138     -68.1669
     241    -176.5063      55.6359     -85.6080
     242    -179.9131      75.7541     -88.8769
     243     -82.9698     -69.6582      -0.4926
     244    -174.8443      50.9503     -95.5611
     245     -67.1967     -77.8363       3.9620
     246    -167.5325      45.1233    -120.0274
     247    -163.5983      47.3217     -84.8582
     248    -174.2461      58.6356     -74.9130
     249     174.7259      65.4529     -98.9293
     250    -174.0251      66.1221     -93.1330
     251     -75.0697     -64.7608     -23.9149
     252     -89.7533     -64.2129      -8.1261
     253    -178.4478      60.0234    -135.9120
     254    -170.5655      64.1169    -112.8454
     255    -165.4400      46.4950    -105.5861
     256    -175.3627      84.2329    -133.9736
     257    -176.3793      40.4934    -103.1820
     258    -174.7348      60.4918    -124.8293
     259    -173.1966      48.4167     -73.2122
     260    -160.5251      36.0552     -84.2445
     261    -172.5515      53.6122    -120.0528
     262    -166.8837      38.0566     -69.8889
     263    -165.4269      55.4841    -104.0519
     264    -169.3960      43.4332     -99.9798
     265    -179.1952      50.5330    -104.8610
     266    -178.7396      34.4718    -105.1831
     267    -165.6339      69.5256    -112.3022
     268    -160.5727      39.5617     -93.5479
     269    -176.4306      74.3902    -104.9465
     270    -170.0322      44.6152     -98.0101
     271    -170.2953      48.8312     -90.0569
     272    -174.7183      59.8940     -95.3541
     273     177.3323      51.2927     -88.1502
     274     179.8594      73.5775    -116.3549
     275     174.6098      69.1414    -102.5692
     276     178.2492      50.2652    -124.5502
     277    -159.2364      46.6933    -105.6783
     278     171.5292      64.6204      91.8505
     279    -166.1180      48.6576     101.4151
     280    -159.6477      42.3433      95.2565
     281    -173.5971      67.5959     -96.6666
     282    -157.9273      53.9148     -97.3798
     283    -177.6124      68.1482     -93.1829
     284     179.4271      60.7272     -84.1960
     285    -179.1436      64.7783     -83.8911
     286    -169.6194      55.5593    -113.9564
     287     179.0148      59.5823     -86.9431
     288    -161.4260      41.9529     -85.7068
     289    -179.5537      44.9877    -115.2318
     290    -171.5723      40.8928    -131.9226
     291    -160.5855      47.8945     -83.2762
     292    -170.8832      67.4424    -119.9223
     293    -167.5804      52.7671     -81.3849
     294    -174.5958      64.3388    -104.2157
     295    -170.6619      52.9389    -106.0693
     296     175.1733      33.5990    -109.3131
     297    -173.6511      49.5223     -79.8447
     298    -175.4742      50.8012     -80.9092
     299    -176.7352      51.3835     -88.9797
     300     175.3580      57.6937     -88.8294
     301    -178.2061      58.6771     -99.8826
     302    -175.2128      57.1058     -68.8710
     303    -172.5937      55.2451     -99.3123
     304    -167.5219      52.5882     -80.8251
     305     175.4189      53.5600     -91.1400
     306    -175.3771      56.7425    -114.5501
     307    -167.5047      42.3886    -104.6464
     308    -173.3646      45.5637    -110.3909
     309     179.8742      65.4707    -101.5971
     310    -158.6847      41.7753    -127.0898
     311    -167.7102      51.0216     -81.0447
     312    -170.5734      50.4364     -82.5723
     313    -173.0239      64.1809     -79.8991
     314     176.4150      56.9261     -89.5364
     315    -174.1716      58.2837     -89.5277
     316    -174.6019      53.0436     -81.3609
     317     173.4197      78.7413     -98.7382
     318    -165.8835      36.2044     -98.2534
     319    -176.4091      57.1420     -87.8423
     320    -172.0387      82.2034     -90.8878
     321    -179.6288      55.0500     -74.0489
     322    -174.7688      51.8887    -138.5816
     323    -165.7821      52.2981    -102.3040
     324    -174.3487      57.7546      75.4610
     325    -171.4355      62.2317      71.7341
     326     178.5271      49.1123      68.9816
     327    -169.6920      60.4820      68.0650
     328    -174.6093      60.9225      76.5530
     329    -163.5235      34.4133     100.6917
     330    -163.2518      42.6427      58.7294
     331    -168.6900      52.1741      90.0382
     332     -77.8178     -65.5943     172.0497
     333     -82.6314     -33.6470     117.8214
     334    -175.7943      32.8473      59.0574
     335     163.6423      57.2187      75.3371
     336    -177.4282      73.4702      59.9545
     337    -172.9459      60.4176      75.2422
     338    -165.9270      56.6561      76.4348
     339    -160.5475      48.1898      64.5093
     340    -170.6999      39.4045      61.4127
     341    -177.8185      54.1755      94.1397
     342     176.3008      75.8179      68.0048
     343    -167.9332      56.6829      93.9252
     344     178.8789      61.4923      41.0888
     345    -177.1783      40.1018      76.3477
     346     166.3672      59.8996      52.7058
     347    -172.0219      50.7664      71.0473
     348    -173.9535      49.0858      45.9495
     349    -173.4266      56.3802      83.6241
     350    -166.9363      49.1962      68.6334
     351    -166.4369      47.2860      62.4411
     352    -160.9975      58.0462      83.6392
     353     179.2906      53.0095      57.3205
     354    -177.1977      56.1199      75.7871
     355    -176.1006      36.3668      92.5967
     356     -73.7360     -56.2919     156.5169
     357    -163.2061      39.1352      67.7952
     358     177.4396      62.2591      91.5440
     359     175.9659      60.3073     111.9572
     360    -168.4142      38.1804      91.3223
     361    -174.3950      61.8143      76.2472
     362    -143.6464      11.5773     110.7773
     363    -167.9212      52.4216      84.4147
     364     175.6655      62.3285      94.8208
     365    -172.4433      54.2436      82.5462
     366    -175.7552      51.6884      44.6855
     367     177.3385      72.4645      83.7976
     368     -82.9430     -73.9493     174.6053
     369    -177.7151      57.4689      64.4840
     370    -170.0935      47.0066      78.3359
     371    -179.9367      69.8038      72.6559
     372    -172.2113      58.3715      68.3399
     373     -70.8760     -69.1507     172.4281
     374    -161.9304      35.5049      76.1851
     375    -168.1543      65.3559     -92.6586
     376    -169.5758      54.0475    -148.4505
     377    -102.2433     -58.0478     -10.8328
     378     -94.3030     -59.6182     -45.5061
     379     -60.0260     -66.2876     155.7944
     380     -77.6048     -67.3056     162.1593
     381    -171.0507      50.7521      58.1869
     382    -158.3889      54.8389      66.6430
     383    -147.6941      13.3977     102.6858
     384    -176.5814      60.8480      69.6038
     385     174.8125      56.4276      77.6673
     386     173.7890      58.4773      86.3153
     387    -174.4422      56.1906      49.6936
     388    -172.1168      32.0935      61.2918
     389    -172.0056      44.9875     106.4895
     390    -169.3069      39.9006      91.0699
     391    -167.1011      48.9577      78.0911
     392    -163.0407      39.7398      79.4894
     393    -171.3636      62.0277      33.7419
     394    -158.5927      35.9703     103.1356
     395    -175.3662      48.9718      48.2669
     396    -168.8710      60.7576      67.6954
     397    -172.6819      61.3281     -98.6694
     398    -172.3847      53.6105     -91.7560
     399    -179.7362      61.6840    -124.6592
     400    -163.4878      36.8214    -105.5789
     401    -173.2521      53.1387     -77.2565
     402    -167.8008      68.7680    -140.5263
     403    -174.1164      58.2555     -92.7731
     404    -154.0342      44.4776    -106.6162
     405    -170.1862      33.8423    -100.8601
     406    -160.8976      31.8951     -89.0845
     407    -174.8009      58.1289    -101.2679
     408    -169.0679      47.4848    -112.3930
     409     -59.6748     -53.6726     -49.5377
     410    -151.8590      62.9864    -128.7271
     411     -73.2534     -36.6998     -50.5472
     412     -58.0173     -59.0058     -21.0606
     413     -72.4426     -43.9485     -33.0402
     414     -51.2821     -76.1780      19.7514
     415    -170.9158      56.0938    -101.0734
     416    -161.7318      43.6820     -92.6943
     417     170.7857      57.2714     -93.8563
     418    -174.2655      53.3202     -87.6134
     419    -157.5292      26.6355     -68.1724
     420    -171.4393      47.1059      82.0348
     421    -175.2544      64.3845      50.9891
     422    -165.9784      50.5930      63.9879
     423    -172.3907      48.4393      79.6675
     424    -175.6118      55.0919      67.9076
     425    -174.1565      43.5310      77.6747
     426    -178.6359      62.1356      77.6279
     427    -170.1043      47.6882      79.3047
     428    -175.4750      46.6083      64.0461
     429    -147.2897      37.4087      63.0573
     430     -87.9553     -46.8452     108.9156
     431     -65.6362     -71.4580     149.7562
     432    -178.6175      62.2879      68.8020
     433    -158.6182      50.2894      91.7999
     434    -170.6566      52.6042      92.2564
     435    -168.3858      37.6201      72.1312
     436     179.2076      45.9650      71.1101
     437     179.5039      52.9091     -80.2044
     438    -169.4960      47.8016    -100.8342
     439    -160.0185      33.1392     -95.8367
     440     178.9937      61.7508     -95.8081
     441    -174.9881      55.7959     -93.1567
     442    -167.9089      37.7073     -82.4859
     443     175.8684      55.9276     -93.7963
     444    -175.0992      50.6613     -99.5833
     445    -177.1933      57.1110    -100.7456
     446     -73.3404     -53.8697     -22.1227
     447     -95.0927     -70.6057     -20.2770
     448     -58.3736     -77.9276    -118.2232
     449     -49.7725     -72.4135      -0.9740
     450     -55.1170     -71.4062     174.2836
     451     -96.7263     -61.9532     174.6573
     452     -69.7241     -54.0282     -66.0423
     453     -52.4421     -67.2077       4.0101
     454     -55.3210     -83.8612     164.4189
     455     179.8726      59.6317      43.7827
     456    -171.6624      17.9546      66.0590
     457    -154.4740      44.3289     -86.5391
     458    -167.5665      59.0204    -120.9507
     459     -74.6011     -66.7175     -13.9046
     460     -64.2995     -56.1022     -19.9405
     461     -53.7726     -77.5499      -6.4112
     462    -167.0442      47.2320     -79.3575
     463    -172.4909      52.9787     -83.6978
     464    -178.4141      61.1625     -79.7143
     465    -168.2194      47.0544     -77.0231
     466    -179.4891      53.3165    -101.4474
     467    -174.7442      56.3883     -79.0910
     468    -157.9251       8.2382     -90.0587
     469    -178.0600      54.0375    -113.4210
     470     174.7543      48.0481    -100.1784
     471     -82.8558     -77.3041      -2.1681
     472    -101.6703     -32.5779     -67.5439
     473    -179.9008      61.1615     -98.5655
     474    -174.5518      50.4979    -104.4487
     475     175.6110      64.6576    -105.7732
     476    -169.4659      48.9344     -75.3065
     477     -82.7293     -64.9762     -16.9950
     478     -73.6321     -69.5532     -16.4215
     479     171.7208      49.6394    -145.9837
     480    -170.4196      55.1832    -109.4226
     481    -170.8445      64.4167    -126.0035
     482    -173.3908      44.4715    -111.7619
     483    -167.2908      43.5294     -88.2506
     484     176.1402      58.9534     -96.2347
     485    -166.3606      42.1448     -95.9203
     486     175.1517      45.0558    -119.1252
     487    -159.7411      35.8565     -96.4650
     488    -178.7319      46.9328     -73.6657
     489     178.8632      79.4088      82.5845
     490    -178.3081      47.8213      72.5019
     491    -177.0232      41.4496      65.7492
     492     -36.8846     -76.3543     -96.5842
     493     176.3550      62.5716      56.1026
     494    -170.6701      44.6275      65.4010
     495    -178.7429      70.8968      62.5056
     496    -176.7105      56.7077      68.9392
     497    -177.7931      41.6091      54.9156
     498    -175.6718      49.3138      69.6141
     499    -179.7042      55.0405      79.0726
     500    -173.4731      41.2948      49.8984
     501     178.2917      54.7591      73.5029
     502    -153.5202      23.1493      91.2334
     503    -162.5321      42.5770      65.5056
     504    -175.6128      37.1043      75.7440
     505    -177.8364      46.2678      93.0129
     506    -170.6102      46.7895      78.6692
     507    -173.0171      49.1791     -93.1326
     508    -160.2122      46.2711     -99.9664
     509    -163.0165      32.6843      77.4991
     510    -170.2757      65.2992      45.3258
     511    -175.8452      49.9641      75.3196
     512     -63.9902     -76.1757     152.3075
     513     -83.4894     -52.5309     149.5210
     514    -175.9038      62.6251      54.8362
     515    -174.3893      48.4324      83.3882
     516     -73.0665     -72.6010     161.5096
     517    -104.6665     -52.3847     172.2948
     518     -67.8143     -65.4294     139.2047
     519     179.3267      59.2610      76.4776
     520     -64.3747     -59.5369     149.9110
     521    -173.1552      50.6381      88.0438
     522    -174.2590      53.1682      73.3492
     523    -162.0566      52.4379      77.2990
     524    -177.2713      54.0414      79.6749
     525    -166.0140      44.7616      85.4652
     526    -175.7025      56.0428      76.2732
     527    -162.5817      42.6422      49.0393
     528    -176.4301      27.2847      70.9159
     529    -152.3068      37.2113      73.3933
     530     171.2094      51.8107      67.7665
     531    -172.6609      45.4943      73.8959
     532    -167.6000      46.6500      89.6771
     533     -99.6575     -53.2583     143.5203
     534     176.3160      63.1115      84.8257
     535    -169.8402      54.4467      71.4430
     536    -164.8038      38.1168      98.0438
     537     173.3524      67.6765      36.5889
     538    -169.9596      59.6100      63.3599
     539    -173.9552      47.7161      91.2900
     540    -175.1681      49.1431      80.5249
     541    -175.2970      41.0948      65.6976
     542    -177.4605      46.9017      82.2220
     543    -160.4156      43.1092      61.7128
     544     -81.6968     -57.4636     165.9454
     545    -103.9070     -42.6074     149.3500
     546     -71.0172     -57.9713    -178.7443
     547     176.9780      52.5965      43.9764
     548    -164.9348      39.7485      90.0164
     549    -171.6712      48.0491      61.1861
     550     -91.3184     -48.7226     143.1754
     551    -175.0377      52.2775      62.1467
     552    -153.0749      35.4931      87.5981
     553    -167.3870      52.7736     102.0174
     554    -179.8680      60.0862      76.8254
     555    -158.5057      41.4241      76.9955
     556    -173.7003      43.6440      62.6468
     557    -177.1187      55.3793      84.0249
     558    -160.3836      32.0051     104.4527
     559    -168.4738      23.6233      76.0904
     560    -171.8995      48.8342      91.2687
     561    -160.9021      53.7194      94.3432
     562    -161.7500      58.2764      59.1327
     563    -175.4030      42.2746      58.1042
     564    -164.1994      63.4768      59.9568
     565     175.2776      48.8037      43.9663
     566    -173.8084      62.3674      75.8745
     567    -171.1159      51.9999      66.5207
     568    -178.3360      64.2167      78.6808
     569    -167.6291      48.7541      84.0643
     570    -169.5395      48.4723      80.3627
     571    -165.5344      46.3233      82.5013
     572    -170.5840      64.2586      36.3097
     573    -168.6955      51.4797      64.2035
     574    -160.9951      51.0460      90.2263
     575    -166.8664      48.6418      75.4867
     576    -179.1984      51.1452      98.7287
     577    -179.6369      68.7483      79.3706
     578     168.8586      76.4345      75.3038
     579    -178.3004      57.3031      68.6849
     580    -169.8769      46.0114     100.6008
     581     171.8150      75.4967      85.0616
     582    -176.3128      52.6874      84.4044
     583    -165.4578      51.7063      95.9842
     584    -178.9263      55.6468      50.9942
     585     176.0545      57.6048      64.0694
     586    -163.7166      51.2245      80.7567
     587     178.6590      53.1259      63.7729
     588     -82.9443     -58.0106     166.9300
     589     -60.5396     -60.1474     151.6082
     590     179.5494      60.7161    -123.2288
     591    -169.8284      65.6839    -139.6133
     592     -82.0426     -62.4189     -35.1984
     593     -66.1724     -52.8520     -63.8119
     594     -68.7080     -45.5795     -40.2752
     595     178.9486      53.5312     -92.5467
     596    -162.8360      45.8307    -108.6787
     597    -173.8237      72.7710    -117.5761
     598     178.1057      53.1923     -81.4223
     599     -68.4747     -56.1611     -24.6490
     600    -173.7851      53.8279    -103.4319
     601    -177.3164      34.7373    -117.7278
     602     173.4515      71.7073     -99.3989
     603     -86.7921     -77.9038       6.2105
     604     -89.1208     -69.0297     -31.8429
     605    -128.9624     -26.4265     -46.6448
     606     174.6412      60.1402    -125.9995
     607     177.7277      62.6136     -87.5800
     608    -168.7583      43.8151     -93.6365
     609    -179.8993      42.5452    -104.4184
     610     177.7118      52.2977    -112.3054
     611    -175.9323      49.5062     -96.2694
     612    -162.8772      37.2065     -90.1546
     613     -93.0096     -57.0977     -28.7861
     614     -85.1185     -66.0896       2.1365
     615     -56.5293     -66.3689     -14.1938
     616     -60.9194     -71.7013      26.3461
     617     -67.1103     -50.4270     -39.8023
     618     -73.7634     -53.8136     -39.8693
     619     -69.4580     -45.0281     -41.8199
     620     -95.7483     -75.2940      13.3437
     621    -168.1315      66.7618    -129.3109
     622    -174.0367      42.5960    -106.0868
     623    -168.6363      50.0196     -97.7390
     624    -172.4033      47.9854     -87.8693
     625    -167.5766      42.1810     -89.1481
     626    -177.4575      56.2957    -111.0684
     627    -167.4022      53.3822    -107.7636
     628    -168.5161      56.4176     -96.6787
     629     175.7148      67.8422    -100.6581
     630    -173.8323      38.4361     -96.0683
     631    -178.4586      42.2874    -103.3190
     632    -166.7724      52.9238     -98.8805
     633     -93.8675     -48.8526     -28.8150
     634     -73.9748     -73.4333     -13.2288
     635    -178.5532      63.3055    -107.5745
     636     -65.9391     -70.2150    -177.9946
     637    -174.8951      44.6528      65.4154
     638     173.4541      63.0603      83.6101
     639    -178.4788      75.9486      37.5975
     640    -164.3861      53.1981      69.3699
     641    -163.9265      95.9381      73.9226
     642    -146.8914      56.2355      78.8314
     643     174.1947      63.4518      51.1408
     644    -174.6998      57.5744      79.5436
     645    -166.9692      42.5013      56.2715
     646    -170.2264      49.2050      70.2554
     647    -174.4677      58.2766      85.2502
     648    -174.1215      48.0269      62.7525
     649    -163.3983      53.9107      90.4797
     650    -163.8905      45.2268      72.7875
     651     -76.6036     -53.9875     163.1821
     652    -171.9202      60.7121      82.5508
     653    -165.0346      56.6034      46.8793
     654    -167.5201      34.8051      69.7209
     655    -163.4111      36.9925     100.9131
     656    -169.8316      55.1013      71.6034
     657    -174.7487      55.5957      79.7227
     658    -177.2417      67.9187      70.3824
     659     -75.8921     -70.6888    -163.3447
     660     -91.8006     -60.5295     147.0645
     661     174.2507      63.5726      57.6357
     662    -104.5239     -43.1743     119.6287
     663    -171.8589      46.9173    -145.1800
     664    -173.5104      46.4314     -86.7291
     665    -175.4219      48.9479     -72.4143
     666    -162.4788      41.5450     -92.3795
     667    -167.4115      45.0195     -99.6082
     668     179.8325      69.1542     -92.7530
     669     178.4225      57.9029     -93.7989
     670    -177.7773      56.4320      84.2447
     671     178.8499      71.3505      85.8764
     672    -153.8605      31.5597      82.4552
     673    -163.4194      53.3416      91.8917
     674     -64.5111     -55.8422     154.6262
     675     -64.2024     -76.2691    -172.1641
     676     -88.4221     -61.2792     171.4518
     677     -51.4363     -67.4903     145.5531
     678     -96.6061     -54.4505     162.3677
     679    -174.0494      55.4864      68.8470
     680    -171.9204      62.4324      91.0706
     681    -174.1879      48.9149     108.7775
     682     179.8688      62.1830      70.2261
     683    -164.0034      35.1205      83.7687
     684    -161.0969      47.6701      92.0829
     685    -161.0977      43.0537      75.9473
     686    -178.9782      67.5905     -81.9538
     687    -177.3491      66.9058    -119.0542
     688     -70.4320     -56.4660     165.7096
     689     -71.4824     -57.3665     130.0029
     690     -60.3758     -63.6030     162.2872
     691     -65.0153     -53.4746     144.0350
     692     -57.7728     -50.7109     139.0979
     693     -79.8109     -72.2670     171.3860
     694     -62.9540     -61.0157     151.8460
     695    -169.2988      49.9094      78.0707
     696     -59.3657     -65.6556     174.9546
     697     -87.8722     -40.1866     135.6338
     698     -75.5765     -53.5766     135.2843
     699     -62.5303     -50.8626     163.4185
     700     -54.9198     -63.2051     149.0318
     701     -60.2978     -66.8223     -24.7185
     702     -56.5357     -61.7249     -20.0041
     703     -51.3743     -68.1693     -33.1055
     704     -76.1957     -56.0031     -27.0820
     705     -54.0096     -65.8160       0.6359
     706     -56.1073     -76.0148     -14.6634
     707     -75.7134     -60.0716     -28.7041
     708     -69.3646     -54.3967     -32.7773
     709     -77.5305     -64.6528     -19.4177
     710     -89.4240     -52.2078     -31.1358
     711    -178.4756      51.6810    -101.2977
     712     -93.7710     -46.4291     -35.2816
     713     -85.5330     -58.0658     -35.4338
     714    -166.6958      35.6083     -92.8711
     715    -156.4989      35.9046     -92.1758
     716     176.7236      51.5928    -160.0932
     717    -149.5787      26.2266     -96.2058
     718    -177.2133      50.5706     -95.0750
     719    -175.1985      41.9837    -107.4696
     720    -168.2510      51.1644     -95.7325
     721     -66.7117     -50.3260     171.0077
     722    -157.7021      44.6719      90.4102
     723     -64.7870     -75.2110    -172.2154
     724     -73.5264     -44.2555     142.9245
     725     -78.0921     -63.1234     154.6530
     726     -60.2030     -43.5856     150.0299
     727     -69.2318     -45.1122     138.9651
     728     -58.6375     -53.2486     150.7066
     729     -52.2675     -69.5368     164.6585
     730     -67.5907     -54.2508     126.5141
     731     -60.1798     -54.8098     155.7322
     732    -165.0222      46.8518      93.7628
     733     -83.3956     -64.1082     156.8125
     734     -86.1754     -51.7291     149.1657
     735     -71.2776     -59.8056     157.1202
     736     -81.2474     -50.6246     146.9606
     737    -170.3180      36.4479      98.4310
     738    -178.4970      56.1235      83.9979
     739     -68.9626     -59.1566     174.0206
     740     -80.4790     -57.9133     149.6203
     741    -159.9195      34.2793      83.6598
     742    -173.4360      67.6437      74.4523
     743    -169.0518      55.9430      91.4392
     744    -162.4042      52.5211      72.8760
     745    -176.6378      59.9606      72.5306
     746    -162.2498      43.4401      82.9569
     747    -172.9851      57.0273      78.2493
     748     175.4274      64.0828      94.6948
     749    -170.0925      66.8224      46.4991
     750    -166.5114      42.1691      73.5318
     751    -167.4736      49.6759      54.9635
     752    -162.4446      33.6185      94.2698
     753    -177.0299      48.5262     -92.5390
     754    -169.7329      44.9748    -117.5597
     755    -170.6532      50.7158     -82.0614
     756    -173.5885      46.2908    -102.6082
     757    -169.3574      57.5758     -86.9896
     758     -75.4340     -54.0635     -39.6581
     759     -62.1926     -68.7348     -26.9005
     760     179.8825      52.4948     -80.4738
     761    -172.9759      49.2007     -90.8965
     762    -178.4942      60.5542     -84.7186
     763    -167.8899      43.0919      86.6830
     764     178.0083      62.7695      86.7344
     765    -176.3484      48.5538      83.7569
     766    -169.3977      45.0148      71.4141
     767     -78.4843     -57.2201     151.8732
     768     -67.1814     -55.9924     164.8881
     769     -70.2231     -54.0029     123.1221
     770     -71.5665     -64.6652     141.4211
     771    -168.0041      59.9068      63.9085
     772    -168.4783      36.9617      77.5724
     773     -75.0497     -58.2640     178.0466
     774     -67.4262     -52.2019     -43.1796
     775    -166.2756      45.4846    -102.9355
     776    -166.0495      32.1615    -109.2464
     777     -85.4899     -68.4820     -13.4731
     778    -175.8687      65.3476      61.0169
     779     -59.6035     -51.6594     163.1018
     780    -161.8833      25.2538      89.6484
     781    -175.7955      59.1478      56.0741
     782    -172.4990      74.4727      68.4584
     783    -177.6165      53.8744      64.2851
     784    -156.9468      55.3644    -114.3026
     785    -173.6559      57.6447    -108.6728
     786    -174.8300      55.6291    -108.7315
     787    -171.4302      46.7160      69.5313
     788    -165.3126      95.3613     104.5701
     789    -175.1427      64.4540      78.3517
     790     -75.0060     -55.0562     168.3966
     791    -173.4752      59.0744      73.0984
     792    -174.5488      48.9830      70.8873
     793    -177.7974      53.8610      81.3127
     794    -171.1953      46.8785     -92.0864
     795    -172.1843      46.6945     -98.2668
     796    -169.7279      43.3458     -71.4297
     797     -79.6427     -58.9351     -34.9604
     798    -171.8719      54.2098     -87.4609
     799    -171.3681      50.3893    -104.3645
     800     178.9107      57.5541    -102.4681
     801    -176.3014      55.7548     -87.1702
     802     178.7890      63.3457    -105.5815
     803    -158.5695      23.1689     -87.3077
     804    -171.3512      47.0646     -89.4952
     805    -166.9551      44.4650     -85.9399
     806    -169.0997      42.9843     -87.0263
     807    -173.3874      70.2917    -102.8689
     808     -81.9649     -61.1255      -6.3423
     809     176.2404      60.8265    -115.6524
     810    -171.9700      54.3504     -92.5813
     811    -160.9537      36.9038     -94.8894
     812    -175.7033      36.5658    -120.0442
     813    -172.8845      56.1321    -119.8241
     814    -169.0531      34.0272     -84.9083
     815    -176.6594      51.2393    -113.5529
     816    -166.4149      49.8765     -98.6825
     817     172.7906      56.3264     -87.1365
     818     -84.4736     -61.8686     -34.3154
     819    -162.9839      59.7748    -115.9155
     820    -167.8227      50.9940    -113.7793
     821    -165.1111      53.3713    -107.2639
     822    -179.2106      57.4955    -128.1346
     823    -177.7690      57.1788     -91.1315
     824    -164.3855      66.2792      51.8812
     825    -167.9360      53.4321      60.2266
     826    -158.1534      40.2460      55.1488
     827     -76.6294     -54.5651     148.3224
     828     -56.4324     -54.2258     156.1880
     829     -76.9741     -53.9180     -30.8107
     830     -72.6131     -79.0393      -7.2970
     831     -76.1818     -58.8518     -10.3072
     832    -145.3142       7.0408     -78.0597
     833    -172.6078      55.7272    -102.8864
     834     -72.1355     -62.2639      -0.5233
     835     -71.2647     -57.5810     -22.9052
     836    -166.2938      48.9005     -89.7535
     837    -165.2334      50.5957     -96.3584
     838     -92.5552     -58.2856     -25.7498
     839     177.7288      46.3633     -86.3672
     840    -172.2812      53.2621     -93.0807
     841    -169.0259      55.6145     -68.4539
     842    -177.1903      48.3880    -126.8195
     843    -171.6851      46.5267     -92.4728
     844    -174.5719      46.5920     -93.1687
     845    -167.7442      44.8506    -101.1485
     846    -171.2900      47.8533     -74.9327
     847     -62.2075     -55.1290     155.6143
     848     -45.2454     -74.8741     174.0884
     849     -57.5896     -56.7508     143.5482
     850    -167.4897      39.1076      67.5622
     851    -171.1871      49.4474     119.8731
     852    -170.1432      48.2963      80.1512
     853     165.6269      64.5581     -86.6353
     854    -152.8621      58.6462      19.0672
     855    -172.0667      53.6945     -81.8557
     856    -177.3153      54.8017      82.1384
     857     176.6108      53.6954     102.4643
     858    -171.0088      52.8172      93.1402
     859    -169.2334      47.7875      95.8073
     860     176.4541      54.7714      48.1288
     861    -162.5694      40.3452      72.2477
     862    -165.0699      50.6947      69.4630
     863    -170.9233      47.1978      87.7358
     864     179.6732      54.3442      60.1081
     865    -175.1067      57.3664      85.9723
     866    -165.4353      55.4958      69.6215
     867    -161.1461      48.9462      76.2581
     868    -162.0070      42.3083      83.3813
     869    -172.3429      64.4249      86.3916
     870    -166.1369      41.3996      70.2313
     871    -178.2389      64.1671      62.8185
     872    -175.8658      51.5641     -97.6260
     873     178.7541      54.3867     -59.7037
     874    -172.8480      50.9772    -109.7273
     875    -174.9767      43.3910     -94.3001
     876    -176.0168      62.6834     -97.5776
     877    -175.6259      65.6894      81.9728
     878    -175.1952      64.4692      65.9174
     879     -65.7686     -69.5153    -178.1797
     880    -157.0865      64.0927      63.7504
     881     178.8569      50.2091      49.7702
     882    -175.5490      67.7976      65.0149
     883     178.4436      43.2077      86.9212
     884    -173.3623      52.2724      72.9105
     885    -175.2467      63.5589      94.7453
     886    -179.8006      70.4409      67.6923
     887    -179.0190      49.5389      62.0707
     888    -170.2139      54.6430      80.6570
     889    -168.0126      54.4545      94.1407
     890    -158.7617      35.8705      84.5130
     891    -165.8610      45.1596      72.3445
     892     177.9831      65.5936      77.2520
     893    -173.9630      62.6083      50.5114
     894    -175.6393      53.1543      76.5926
     895    -175.7816      73.4522      81.3602
     896     176.9459      63.8538      70.9801
     897    -179.3271      58.1113      52.1691
     898    -173.4816      61.5535      90.2646
     899     177.9463      56.4610      73.3371
     900     177.9841      61.9966      76.9965
     901    -170.9447      46.3618      69.8363
     902     -84.9717     -85.2243    -174.2569
     903     -74.1810     -55.3570     146.0800
     904     -65.8248     -67.0471     166.7103
     905     -62.4775     -58.1963     159.5733
     906     -74.9647     -68.6777     -70.8155
     907     -93.8345     -54.4570     142.3117
     908    -164.9024      36.1493     -77.8445
     909    -157.2882      56.5858     -84.6033
     910    -168.1577      43.5985     -95.8688
     911    -173.5298      49.7136    -101.3199
     912     -64.6556     -60.3719     -57.5791
     913     -77.7821     -57.6944     -41.2544
     914    -173.1101      55.6208     -91.9347
     915    -169.4550      66.0253     -64.2152
     916     161.4271      67.3414    -134.8893
     917     178.1534      64.4643     -85.4825
     918     -76.1994     -86.1003      -3.8633
     919     -76.6133     -58.7536     156.2225
     920    -177.2488      64.3415      79.7335
     921     -82.4700     -45.5622     142.9576
     922     -84.2070     -55.6931     160.7928
     923     -65.9840     -65.8576     174.0026
     924     -73.9764     -78.7662     163.6368
     925     -73.4025     -50.3219     142.2752
     926     -75.3257     -56.7291     149.8139
     927     -78.7111     -75.5213     154.0850
     928     -82.3813     -63.1997     127.5647
     929     -52.0611     -45.5830     150.3057
     930     -80.2713     -60.3494     136.4522
     931    -172.5264      53.3548      65.5590
     932     -72.7615     -67.2244     159.0211
     933     -64.6654     -69.4545    -142.9690
     934     -65.6922     -59.9110     144.3307
     935     -77.9410     -84.1023    -166.8248
     936    -173.7482      53.1404      62.1359
     937    -179.4868      51.2550      59.8144
     938    -167.2060      54.9539      80.0753
     939    -154.4178      39.5129      74.1121
     940    -179.3856      52.9358      91.8118
     941    -167.4811      60.5389      52.4131
     942     174.7108      66.5395     -91.9876
     943    -172.2368      57.7787     -92.0848
     944     179.0052      62.5920    -108.8451
     945    -175.8739      44.6722    -105.3988
     946    -172.2577      55.3383    -118.0981
     947    -175.3764      53.0317    -102.3556
     948     -79.9897     -49.7197     -47.2090
     949     -78.1368     -48.7784     -37.2421
     950     -75.0144     -67.7950     -12.9403
     951     -62.6128     -59.4864      -8.1622
     952     -75.4774     -43.0478     -37.8430
     953     -59.5203     -70.6894     -10.6484
     954     -69.9029     -76.2622      49.1915
     955    -177.5020      51.4722     -91.0282
     956    -179.7268      71.4861    -112.0759
     957     -87.3435     -59.2367     -12.6781
     958     -77.3138     -65.2637     168.9754
     959     -61.5503     -72.4157    -176.6349
     960     -71.0694     -67.1413     144.5914
     961     -94.9545     -51.7552     128.1724
     962     -69.0146     -57.5728     134.7475
     963     -80.2067     -61.9624     165.4751
     964    -173.5884      54.1470      88.9523
     965     -77.3555     -67.2634     153.5764
     966     -65.1884     -58.3892     144.8534
     967    -163.0745      77.6883      59.9912
     968    -165.8384      61.3373      68.8688
     969    -172.7268      50.5241      91.4065
     970    -175.3915      61.0653      86.5008
     971    -179.0514      61.7863      55.6338
     972    -170.8612      67.4657      70.9291
     973    -171.8892      54.4574      52.9413
     974     175.2258      56.9161      84.6914
     975    -174.2416      57.7309      65.9622
     976    -169.0983      47.3882      73.0558
     977     178.2626      63.3326      57.9532
     978     175.3094      48.1363      77.7358
     979    -179.0077      45.5736      55.8678
     980    -176.8219      67.0493      61.9047
     981     -92.8946     -58.8226     136.7342
     982     179.1024      49.8446      84.9987
     983    -177.4792      46.2305      76.8234
     984    -179.2638      68.0739      64.9898
     985    -177.7212      46.9349      83.5349
     986    -165.7341      54.5989      66.6248
     987     175.3545      65.1742      81.6066
     988    -177.6528      56.5107      88.4613
     989    -176.8502      51.9201      61.1975
     990    -172.7084      53.2397      84.0223
     991    -174.8064      55.7075      77.6200
     992    -100.6150     -51.9339     166.1156
     993     -95.5673     -53.1909     -47.4031
     994     -91.2506     -55.4542     -51.3332
     995     -62.1140     -55.0693     -31.7063
     996    -176.9168      57.3535     -91.2606
     997    -167.5605      42.2143     -83.5585
     998    -165.4775      48.3890     -83.5325
     999    -169.6405      45.5300    -105.9038
    1000    -179.2071      46.1227     -75.8645
