#Frame        phi:120
       1     -77.0854
       2     -59.9638
       3     -66.6988
       4     -73.2053
       5     -60.2437
       6     -65.9232
       7     -71.7970
       8     -53.2238
       9     -60.8710
      10     -66.1333
      11     -69.8664
      12     -52.4667
      13     -72.2701
      14     -80.2072
      15     -95.2685
      16     -74.9741
      17     -85.3510
      18     -61.3672
      19     -65.2563
      20     -67.2815
      21     -61.3070
      22     -79.2192
      23     -69.8244
      24     -62.9539
      25     -57.3916
      26     -81.9988
      27     -78.1269
      28     -53.9582
      29    -109.7972
      30     -67.2555
      31     -89.3773
      32     -70.3534
      33     -67.8732
      34     -65.7725
      35     -64.3723
      36     -78.0706
      37     -63.5264
      38     -74.8050
      39     -76.8476
      40     -78.4835
      41     -70.6634
      42     -74.3812
      43     -70.3503
      44     -89.0056
      45     -76.8710
      46     -78.7475
      47    -132.4287
      48     -53.9919
      49     -69.9778
      50     -84.7759
      51     -85.5603
      52     -66.8794
      53     -90.3611
      54     -64.3974
      55     -75.1914
      56     -80.9773
      57     -56.4803
      58     -65.6028
      59     -73.5272
      60     -77.0692
      61     -71.4223
      62     -70.4362
      63     -76.1558
      64     -92.2827
      65     -61.2070
      66     -70.0609
      67     -62.9335
      68     -80.6506
      69     -66.8157
      70     -95.1179
      71     -60.6589
      72     -60.2771
      73     -70.5593
      74     -72.3620
      75     -66.5807
      76     -64.5767
      77     -58.2841
      78     -64.2738
      79     -51.3186
      80     -70.7157
      81     -68.6777
      82     -60.8005
      83     -69.0377
      84     -63.6169
      85     -79.0595
      86     -69.7151
      87     -63.4466
      88     -82.5192
      89     -81.5125
      90     -77.0735
      91     -64.2873
      92     -67.3043
      93     -60.8313
      94     -58.4816
      95     -73.1758
      96     -74.6080
      97     -71.5216
      98     -60.7866
      99     -66.8369
     100     -79.6491
     101     -45.7289
     102     -76.9091
     103     -77.6145
     104     -65.2280
     105     -63.2914
     106     -62.4697
     107     -78.3148
     108     -73.9530
     109     -71.6826
     110     -73.3952
     111     -71.6971
     112     -59.9114
     113     -76.0375
     114     -80.0934
     115     -62.6166
     116     -79.1921
     117     -60.1029
     118     -63.7031
     119     -71.3779
     120     -76.5428
     121     -78.0190
     122     -52.4548
     123     -64.2954
     124     -63.1712
     125     -48.4957
     126     -79.8430
     127     -59.0137
     128     -66.9484
     129     -78.8769
     130     -62.9354
     131     -66.6646
     132     -83.1324
     133     -76.4564
     134     -73.9955
     135     -65.5481
     136    -100.3590
     137     -69.4314
     138     -72.8331
     139     -89.3799
     140     -52.3957
     141     -61.2335
     142     -69.9499
     143     -53.3044
     144     -77.0752
     145     -76.8042
     146     -61.6609
     147     -63.7504
     148     -81.3868
     149     -80.3863
     150     -71.4151
     151     -79.0937
     152     -86.0007
     153     -54.1957
     154     -63.6959
     155     -69.4581
     156     -73.0224
     157     -59.5454
     158     -67.3480
     159     -77.3510
     160     -66.6296
     161     -64.8713
     162     -67.0655
     163     -62.5715
     164     -68.9744
     165     -77.7412
     166     -69.8936
     167     -65.6687
     168     -67.8126
     169     -78.6290
     170     -64.5811
     171     -53.1595
     172     -67.0973
     173     -73.4482
     174     -75.0456
     175     -83.5669
     176     -74.6200
     177     -47.4688
     178     -76.2404
     179     -60.5374
     180     -58.8586
     181     -63.5936
     182     -57.5786
     183     -77.3647
     184     -75.0970
     185     -87.4475
     186     -67.2175
     187     -57.5810
     188     -73.3784
     189     -47.5500
     190     -53.2584
     191     -50.3086
     192     -71.6298
     193     -62.2634
     194     -80.3060
     195     -75.1284
     196     -59.4897
     197     -81.4327
     198     -68.5003
     199     -78.3889
     200     -67.3991
     201     -89.4926
     202     -71.1553
     203     -79.9510
     204     -74.7671
     205     -70.4218
     206     -76.3776
     207     -85.0500
     208     -66.3214
     209     -51.6092
     210     -76.2313
     211     -70.1322
     212     -69.8210
     213     -51.5411
     214     -60.4233
     215     -82.8308
     216     -70.6279
     217     -70.3824
     218     -57.5638
     219     -52.1867
     220     -51.8211
     221     -49.9521
     222     -70.8302
     223     -51.7166
     224     -76.1343
     225     -74.1660
     226     -94.3228
     227     -63.9250
     228     -71.6049
     229     -56.9255
     230     -62.1096
     231     -50.4645
     232     -67.3765
     233     -82.0002
     234     -59.0654
     235     -48.5110
     236     -63.0123
     237     -76.1130
     238     -52.6708
     239     -66.6555
     240     -94.4245
     241     -99.3829
     242     -74.7444
     243     -75.4478
     244     -43.7605
     245     -83.6629
     246     -85.0411
     247     -66.4341
     248     -74.4441
     249     -64.0539
     250     -72.0343
     251     -67.0667
     252     -62.4777
     253     -52.3070
     254     -47.4905
     255     -71.5561
     256     -75.8767
     257     -67.8978
     258     -79.0979
     259     -72.9103
     260     -71.2079
     261     -51.7511
     262     -78.3369
     263     -76.1855
     264     -66.1902
     265     -74.2000
     266     -72.2710
     267     -76.6693
     268     -74.9451
     269     -72.1202
     270     -75.6586
     271     -59.8436
     272     -63.9462
     273     -72.2055
     274     -81.8047
     275     -81.0051
     276     -73.9260
     277     -77.4014
     278     -69.9067
     279     -73.2991
     280     -82.1168
     281     -62.8145
     282     -65.1583
     283    -146.8490
     284     -63.5137
     285     -68.1605
     286     -72.8370
     287     -92.3526
     288     -54.0953
     289     -88.3549
     290     -62.5823
     291     -45.9546
     292     -75.8937
     293     -61.6968
     294     -66.5825
     295     -65.2561
     296     -61.7226
     297     -88.1626
     298     -78.7030
     299     -82.9599
     300     -85.6429
     301     -95.9422
     302     -58.2923
     303     -84.4557
     304     -75.0806
     305     -60.4233
     306     -66.3880
     307     -55.1989
     308     -62.1402
     309     -78.4962
     310     -82.5961
     311     -51.9165
     312     -69.9144
     313     -67.0766
     314     -86.6305
     315     -61.1329
     316     -60.0129
     317     -93.0030
     318     -65.1960
     319     -72.2212
     320     -63.1715
     321     -72.8023
     322     -54.7863
     323     -49.7993
     324     -67.3661
     325     -70.2395
     326     -84.6074
     327     -72.0304
     328     -78.5021
     329     -64.5990
     330     -79.0999
     331     -55.9556
     332     -52.7766
     333     -56.5554
     334     -61.1290
     335     -59.3528
     336     -55.6668
     337     -49.2850
     338     -74.6516
     339     -56.6318
     340     -68.5839
     341     -61.6733
     342     -71.4753
     343     -59.2605
     344     -84.3836
     345     -54.4206
     346     -56.9541
     347     -47.3060
     348     -72.1438
     349     -51.2764
     350     -71.6214
     351     -82.8210
     352     -71.7894
     353     -75.0071
     354     -75.8930
     355     -73.7675
     356     -56.2675
     357     -66.0156
     358     -71.4197
     359     -82.5222
     360     -74.9732
     361     -75.2602
     362     -69.0717
     363     -84.6327
     364     -98.0268
     365     -66.6112
     366     -62.0978
     367     -69.2582
     368     -57.4686
     369     -64.2245
     370     -64.1450
     371     -59.8386
     372     -86.1709
     373     -86.1691
     374     -54.3293
     375     -61.3075
     376     -66.7415
     377     -58.8926
     378     -66.8046
     379     -86.9862
     380     -79.5208
     381     -87.3339
     382     -64.2594
     383     -78.1707
     384     -72.7741
     385     -91.9183
     386     -97.0508
     387     -79.6535
     388     -82.7663
     389     -69.9306
     390     -80.8841
     391     -78.2267
     392     -69.6715
     393     -74.5533
     394     -90.6612
     395     -67.4847
     396     -53.1472
     397     -92.2200
     398     -54.8342
     399     -64.2958
     400     -81.3460
     401     -82.4641
     402     -69.6015
     403     -78.8438
     404     -72.1751
     405     -85.8859
     406     -73.9368
     407     -82.4423
     408     -59.4102
     409     -87.9843
     410     -94.1086
     411     -83.2616
     412     -76.9332
     413    -102.3192
     414     -59.8702
     415     -64.1752
     416     -61.0664
     417     -74.0985
     418     -78.8473
     419     -69.3712
     420     -72.4581
     421     -73.7202
     422     -63.6995
     423     -85.5106
     424     -65.2233
     425     -64.0703
     426     -68.6488
     427     -76.2140
     428     -66.2943
     429     -64.6229
     430     -78.7989
     431     -61.4890
     432     -80.6740
     433     -75.2417
     434    -108.1689
     435     -77.8883
     436     -81.7360
     437     -81.7908
     438     -63.9060
     439     -69.8420
     440     -56.4475
     441     -69.6322
     442     -61.8464
     443     -68.5678
     444     -78.0036
     445     -82.9561
     446     -71.1161
     447     -98.2751
     448     -68.4535
     449    -106.1955
     450    -129.0963
     451    -138.9659
     452     -85.6863
     453    -110.0549
     454     -99.8179
     455    -100.6583
     456     -95.5736
     457     -72.8089
     458     -78.2746
     459     -81.7577
     460     -65.5465
     461     -70.4563
     462     -76.6308
     463     -47.3934
     464     -62.6366
     465     -76.7568
     466     -53.9491
     467     -83.8672
     468     -63.6405
     469     -79.1969
     470     -57.2817
     471     -70.5607
     472     -76.5776
     473     -85.7630
     474     -66.7539
     475     -81.4910
     476     -97.6372
     477     -57.0407
     478     -80.1102
     479     -71.5538
     480     -68.6421
     481     -61.0025
     482     -69.7114
     483     -71.1222
     484     -60.5707
     485     -64.0836
     486     -64.5144
     487     -52.3793
     488     -75.8723
     489     -58.4188
     490     -59.8485
     491     -68.2934
     492     -85.3764
     493     -48.2238
     494     -63.5906
     495     -70.6134
     496     -55.6512
     497     -80.0097
     498     -47.2856
     499     -70.5260
     500     -74.7439
     501     -71.1737
     502     -49.7526
     503     -65.8394
     504     -66.8777
     505     -72.1295
     506     -37.6043
     507     -64.0108
     508     -61.3698
     509     -63.8936
     510     -69.7999
     511     -71.0743
     512     -77.6774
     513     -81.4480
     514     -66.7123
     515     -76.8086
     516     -61.7781
     517     -68.8361
     518     -79.8213
     519     -63.8524
     520     -95.9719
     521     -67.7229
     522     -59.3141
     523     -82.9928
     524     -68.8467
     525     -56.6170
     526     -69.0035
     527     -67.0728
     528     -67.0736
     529     -61.1840
     530     -99.3812
     531     -58.8027
     532     -54.1897
     533     -58.2404
     534     -69.6788
     535     -78.0700
     536     -80.0405
     537     -69.3654
     538     -68.9119
     539     -83.7274
     540     -56.4304
     541     -48.9735
     542     -72.5629
     543     -66.0967
     544     -71.8530
     545     -67.5142
     546     -68.8389
     547     -88.7712
     548     -49.1769
     549     -54.6556
     550     -64.0683
     551     -66.1797
     552     -63.9311
     553     -71.5012
     554     -75.1660
     555     -68.5079
     556     -77.0263
     557     -88.3339
     558     -65.4530
     559     -84.7013
     560     -59.5537
     561     -57.8002
     562     -58.9080
     563     -73.0021
     564     -64.1618
     565     -56.9343
     566     -79.3695
     567     -50.9840
     568     -62.0403
     569     -86.3726
     570     -88.6093
     571     -66.1830
     572     -72.4479
     573     -60.9209
     574     -65.3400
     575     -76.6368
     576     -90.1354
     577     -51.6477
     578     -72.9702
     579     -61.7503
     580     -87.6338
     581     -57.2653
     582     -77.6342
     583     -67.6868
     584     -76.8355
     585     -65.4912
     586     -82.8850
     587     -62.3233
     588     -58.8281
     589     -57.2500
     590     -73.7630
     591     -81.3270
     592     -62.4828
     593     -85.7928
     594     -68.7640
     595     -62.8362
     596     -81.0158
     597     -82.4022
     598    -127.8140
     599     -80.7511
     600     -80.7801
     601     -65.8099
     602     -76.3963
     603     -48.4260
     604     -82.0542
     605     -77.8311
     606     -73.5567
     607     -72.8911
     608     -69.0019
     609     -66.6970
     610     -63.2861
     611     -60.3851
     612     -71.0661
     613     -62.2758
     614     -75.2775
     615     -63.6928
     616     -79.3009
     617     -77.7803
     618     -59.9448
     619     -76.2650
     620     -69.4586
     621     -76.7515
     622     -93.7777
     623     -55.1630
     624     -65.1329
     625     -69.2515
     626     -66.9606
     627     -60.8748
     628     -51.9206
     629     -54.5140
     630     -77.9413
     631     -72.0280
     632     -64.3108
     633     -55.1165
     634     -63.2412
     635     -67.8444
     636     -68.4952
     637     -82.6077
     638     -67.0023
     639     -96.7512
     640     -70.1205
     641     -78.3845
     642     -49.2700
     643     -81.0980
     644     -63.7698
     645     -61.1790
     646     -73.9576
     647     -44.3229
     648     -86.0100
     649     -68.8190
     650     -54.5420
     651     -63.5702
     652     -70.2410
     653     -79.3504
     654     -81.5084
     655     -47.8678
     656     -64.3695
     657     -57.3756
     658     -72.8908
     659     -51.2676
     660     -60.1931
     661     -85.6541
     662     -69.4826
     663     -60.1694
     664     -58.6550
     665     -63.5454
     666     -51.2425
     667     -58.2723
     668     -85.3054
     669     -61.2826
     670     -49.8644
     671     -68.2793
     672     -64.7296
     673     -62.9246
     674     -62.4384
     675     -91.6539
     676     -53.6942
     677     -70.6884
     678     -76.8390
     679     -62.2690
     680     -71.4664
     681     -65.2172
     682     -79.9675
     683     -77.8428
     684     -50.7216
     685     -55.2775
     686     -69.7870
     687     -92.1316
     688     -71.2041
     689     -63.9805
     690     -76.1785
     691     -70.6554
     692     -84.9229
     693     -78.9916
     694     -65.1495
     695     -65.0200
     696     -89.0665
     697     -68.4245
     698     -70.6070
     699     -67.6512
     700     -61.3558
     701     -73.4792
     702     -81.4079
     703    -117.3720
     704     -46.5518
     705     -54.5171
     706     -59.8940
     707     -82.1605
     708     -70.1512
     709     -67.1558
     710     -48.8566
     711     -83.4725
     712     -63.9774
     713     -73.4828
     714     -63.7741
     715     -72.5110
     716     -76.5499
     717     -78.5675
     718     -75.7551
     719     -58.8729
     720     -82.8560
     721     -88.4226
     722     -62.1133
     723     -92.4709
     724     -74.6920
     725     -78.0540
     726     -54.1055
     727     -81.5962
     728     -73.7438
     729     -61.4210
     730     -67.9880
     731     -54.9483
     732     -84.6584
     733     -75.5962
     734     -72.5404
     735     -68.1904
     736     -68.7994
     737     -77.3538
     738     -58.1693
     739     -60.9404
     740     -52.7082
     741     -60.3962
     742     -75.1422
     743     -80.8033
     744     -51.3116
     745     -60.5406
     746     -67.9641
     747     -72.2313
     748     -69.5923
     749     -56.2728
     750     -80.4502
     751     -60.6917
     752     -71.4045
     753     -80.7730
     754     -79.6191
     755     -77.2383
     756     -47.7820
     757     -74.1849
     758     -62.2193
     759    -120.4754
     760     -51.6233
     761     -64.8590
     762     -77.1845
     763     -72.9049
     764     -64.8734
     765     -67.3709
     766     -74.1442
     767     -71.4475
     768     -71.8099
     769     -76.5733
     770     -78.5999
     771     -61.1797
     772     -68.5758
     773     -88.4920
     774     -79.7049
     775     -68.7768
     776     -73.8963
     777     -70.9178
     778     -48.1005
     779     -68.0521
     780     -66.8943
     781     -64.4599
     782     -56.8907
     783     -71.6086
     784     -67.7225
     785     -57.5289
     786     -58.9138
     787     -71.9037
     788     -57.9875
     789     -52.2720
     790     -72.8724
     791     -84.3859
     792     -83.4553
     793     -55.5865
     794     -73.9201
     795     -48.5052
     796     -54.1230
     797     -60.1444
     798     -70.1775
     799     -63.9016
     800     -82.1826
     801     -79.9937
     802     -76.7329
     803     -70.8242
     804     -81.3506
     805     -65.8573
     806     -86.4474
     807     -79.2237
     808     -65.5690
     809     -66.2888
     810     -73.1775
     811     -81.6743
     812     -60.5141
     813     -66.9394
     814     -60.3638
     815     -58.6838
     816     -70.6227
     817     -56.8122
     818     -82.6751
     819     -79.7428
     820     -56.0252
     821     -67.3643
     822     -70.3770
     823     -73.5089
     824     -67.9321
     825     -60.6273
     826     -53.7447
     827     -69.7591
     828     -60.5311
     829     -46.4137
     830     -58.1814
     831     -84.6551
     832     -55.0097
     833     -71.7925
     834     -79.9870
     835     -62.1730
     836     -73.0335
     837     -80.5196
     838     -49.3610
     839     -77.7116
     840     -76.5156
     841     -58.4129
     842     -83.7302
     843     -65.6383
     844     -74.4360
     845     -62.0295
     846     -85.3051
     847     -84.0939
     848    -116.8299
     849    -102.8895
     850    -140.0287
     851    -119.5748
     852     -91.6519
     853    -113.5180
     854     -94.5758
     855     -82.4660
     856     -52.3594
     857     -91.4725
     858     -61.6545
     859     -75.8261
     860     -51.6758
     861     -65.6537
     862     -70.4079
     863     -74.4330
     864     -92.1742
     865     -68.9526
     866     -56.3928
     867     -79.6384
     868     -62.5711
     869     -81.2541
     870     -74.2691
     871     -73.3911
     872     -50.6332
     873     -83.4261
     874     -76.8602
     875     -62.5982
     876     -73.1776
     877     -62.0365
     878     -61.5953
     879     -57.6110
     880     -57.8475
     881     -76.4995
     882     -72.9424
     883     -74.5833
     884     -76.4573
     885     -75.7825
     886     -50.3025
     887     -57.4369
     888     -56.5618
     889     -80.3542
     890     -63.4603
     891     -56.6601
     892     -71.9822
     893     -67.0687
     894     -73.3656
     895     -69.0163
     896     -91.6986
     897     -69.4195
     898     -71.8011
     899     -72.2828
     900     -70.8256
     901     -72.6105
     902     -69.6742
     903     -72.3803
     904     -81.4904
     905     -66.6592
     906     -63.8460
     907     -78.3301
     908     -68.8243
     909     -76.5801
     910     -66.3796
     911     -72.9863
     912     -66.7072
     913     -69.4059
     914     -77.5619
     915     -65.7530
     916     -78.4269
     917     -69.6830
     918     -54.8588
     919     -64.8369
     920     -67.7121
     921     -72.4902
     922     -67.2380
     923     -74.0346
     924     -58.7564
     925     -75.6537
     926     -67.7378
     927     -75.9551
     928     -66.6200
     929     -80.4354
     930     -85.8143
     931     -71.6592
     932     -75.9331
     933     -84.1724
     934    -106.1171
     935     -66.2152
     936     -66.6009
     937     -53.2025
     938     -54.5690
     939     -71.3100
     940     -65.8369
     941     -61.3045
     942     -75.2307
     943     -66.9105
     944     -80.8646
     945     -59.3609
     946     -64.3211
     947     -70.4552
     948     -51.5733
     949     -61.5402
     950     -48.7493
     951     -56.9802
     952     -63.9673
     953     -70.5662
     954     -89.9309
     955     -73.8524
     956     -72.4991
     957     -51.3132
     958     -64.0289
     959     -69.7673
     960     -69.0607
     961     -66.1319
     962     -69.5403
     963     -62.2455
     964     -81.4939
     965     -65.3631
     966     -79.2475
     967     -67.9369
     968     -77.7806
     969     -81.0138
     970     -68.8760
     971     -60.2591
     972     -73.0252
     973     -47.9709
     974     -77.1301
     975     -57.4870
     976     -68.9778
     977     -78.6983
     978     -78.7990
     979     -46.4829
     980     -62.3387
     981     -40.6112
     982     -63.0541
     983     -83.1264
     984     -67.4084
     985     -49.3961
     986     -67.1895
     987     -80.5790
     988     -78.7172
     989     -66.6881
     990     -78.0501
     991     -99.5282
     992     -45.1707
     993     -73.4749
     994     -72.1112
     995     -80.3956
     996     -77.1828
     997     -70.7520
     998     -63.6686
     999     -58.2928
    1000     -71.9714
