#Frame       chi1:129     chi2:129
       1     -75.7771     100.9220
       2     -85.8798     100.9647
       3     -85.6705      84.6015
       4     -87.2680      87.4717
       5     -87.7719     116.6865
       6     -84.2064     112.4335
       7     -74.0552      86.9465
       8     -76.9897      73.3099
       9     -91.4086      88.2341
      10     -76.3384      88.1172
      11     -94.9379     110.6486
      12     -81.4374      83.8186
      13     -71.0007     100.5912
      14     -87.2565      83.9711
      15     -89.9973      89.3164
      16     -69.4466     102.2182
      17     -67.3003      81.4162
      18     -98.5022     113.0510
      19     -96.4336      80.7495
      20     -88.6039      88.2208
      21     -79.2749      82.8519
      22     -83.6986     101.3417
      23     -77.3497      89.7363
      24     -90.0187      81.4317
      25     -94.2171     100.2565
      26     -78.1578     106.3089
      27     -92.0001      97.9520
      28     -73.2337      90.1282
      29     -85.4201      97.8777
      30     -85.2153      99.4206
      31     -74.3920      90.2199
      32     -69.9370      64.4919
      33     -81.2479      90.7940
      34     -87.6556     103.2180
      35     -91.6398      96.9225
      36     -82.1410      92.2367
      37     -61.8618     110.6857
      38     -97.4817      99.4169
      39     -93.1678      80.2912
      40     -86.3863      72.7135
      41     -78.5535     110.8231
      42     -68.3832      85.5264
      43     -95.1055      96.9514
      44     -68.2353      96.2730
      45     -56.4274      89.2968
      46     -73.5890     110.8758
      47     -84.6633     122.3260
      48     -81.1778      81.7450
      49     -81.6831      98.9832
      50     -84.4619      92.4031
      51    -101.8914     104.5976
      52     -81.9738     101.4204
      53     -82.9333     103.9297
      54     -62.1907      85.4450
      55     -66.3206      85.1958
      56     -79.9262      88.7678
      57     -93.6086      89.7131
      58     -90.4515      90.9202
      59     -91.4739      86.7344
      60     -69.5579     106.6297
      61     -91.5257      98.8979
      62     -70.7155      72.1508
      63     -91.4915     105.8041
      64     -76.7257      98.3463
      65     -75.4928      87.2227
      66     -68.1086      82.3638
      67     -82.1018      85.9979
      68     -81.7980      70.9982
      69     -69.3534      85.5004
      70     -91.8837     100.4489
      71     -69.8708      98.6025
      72     -83.7072     109.2941
      73     -78.6494      94.5276
      74     -68.9733     102.6986
      75     -67.3386     114.1381
      76     -82.7653     109.2444
      77     -81.5472     108.9675
      78     -80.2198     110.8071
      79     -75.3705     103.9529
      80     -67.9563      86.4958
      81     -75.8024      96.1679
      82     -79.5989     111.5880
      83     -72.6143     113.9137
      84     -74.6157     101.3548
      85     -74.1231     105.3393
      86     -76.1714      91.3571
      87     -85.5500      82.9874
      88     -89.9809     114.8238
      89     -75.7737      77.8338
      90     -88.9528     103.4727
      91     -83.2181      94.6515
      92     -84.2994     108.2553
      93     -89.6443     106.0768
      94     -80.6841     102.9382
      95     -73.3476     103.2491
      96     -91.1023     105.8387
      97     -74.3487      93.4525
      98     -74.9086      85.8945
      99     -80.2145      94.3425
     100     -78.8615      72.9796
     101     -65.9632      99.9102
     102     -86.4105      76.2677
     103     -86.6482     108.1903
     104     -71.9372     113.6058
     105     -70.3097     106.7747
     106     -79.9721      98.4370
     107     -73.4862      96.1144
     108     -82.7398     106.0390
     109     -68.0501     101.3633
     110     -75.2689      80.7844
     111     -72.0984     115.5086
     112     -76.1547     101.0063
     113     -80.2628     107.1383
     114     -78.4153     101.1228
     115     -80.4740     102.0559
     116     -81.9135     106.2111
     117     -90.0281      93.4114
     118     -80.1984     109.8430
     119     -90.4920     106.0198
     120     -65.3447      93.6235
     121     -85.6280      96.5422
     122     -82.1884     111.7893
     123     -65.8783     104.7184
     124     -82.0267     114.3538
     125     -87.9683     109.5290
     126     -81.2962      90.4867
     127     -79.5686      97.0544
     128     -79.8768      89.3327
     129     -91.8968      92.3508
     130     -90.1359      81.9456
     131     -78.0489      85.2763
     132     -97.1750     104.3904
     133     -72.1780     101.6317
     134     -83.8312      92.8303
     135     -81.8720      87.5376
     136     -73.8941      87.6263
     137     -89.0020      75.9874
     138     -84.0570      95.5610
     139     -77.8731     100.5880
     140     -65.8939      98.3695
     141     -76.7290      88.9891
     142     -72.2622     100.9407
     143     -79.9298     115.9926
     144     -75.9854     102.5946
     145     -76.1977     103.9600
     146     -81.1642     117.4017
     147     -81.1047      93.3134
     148     -69.0278     115.9421
     149     -74.4517     102.6512
     150     -67.3021      90.1878
     151     -69.2442      84.1039
     152     -70.5803      97.5606
     153     -84.1098      86.0631
     154     -71.5734      98.2629
     155     -79.0490      92.8473
     156     -72.2702      95.3170
     157     -83.0744     119.3225
     158     -94.2815     105.5403
     159     -94.5191      98.6605
     160     -90.3784      95.9575
     161     -82.1731      84.4703
     162     -87.0725      94.8328
     163     -77.6977      62.1303
     164     -85.3010      88.0513
     165     -90.3578      89.4567
     166     -79.3200     100.6880
     167     -95.9720      94.1969
     168     -79.4653      81.2568
     169     -67.0927      97.2708
     170     -74.8719      81.2506
     171     -77.0887      98.5890
     172     -87.3562     107.6359
     173     -95.5125     103.8650
     174     -77.4088     102.0171
     175     -79.8664      97.5198
     176     -94.0522     102.9108
     177     -85.7148      74.3055
     178     -79.7035      83.2064
     179     -74.2103      78.9623
     180     -83.9255     102.7986
     181     -79.9406      72.6126
     182     -86.4203     112.9392
     183     -71.5758      81.3812
     184     -79.2357      84.6850
     185     -71.4838      99.6529
     186     -75.6377      83.1483
     187     -58.0667      97.1123
     188     -80.7064     100.1991
     189     -74.4081      93.6357
     190     -52.7818      73.4141
     191     -62.6269     100.3549
     192     -72.0354      86.6155
     193     -71.6040     105.6497
     194     -74.2827      96.8700
     195     -71.8369     103.2389
     196     -61.0504      84.6141
     197     -82.7377     111.0487
     198     -81.5771      83.1544
     199     -91.2416      89.2724
     200     -79.4978      81.0175
     201     -87.7703     105.4037
     202     -82.4125     114.7855
     203     -82.0783      86.1932
     204     -75.7850     107.2132
     205     -81.3580      90.6020
     206     -87.3198      71.6151
     207     -82.0137      67.3579
     208     -98.4947      98.1918
     209     -73.8353      93.2490
     210     -74.6384      84.0193
     211     -87.1458      91.9993
     212     -79.2004      77.6903
     213     -81.8889      91.0677
     214     -73.9131      94.1725
     215     -74.0390      68.5811
     216     -87.9453      79.3004
     217     -76.3721      99.5110
     218     -79.2064      88.1612
     219     -75.5365      83.1754
     220     -96.7128      86.4043
     221     -87.0224      95.6847
     222     -83.7333      86.6283
     223     -78.4409      96.1770
     224     -77.1496      95.6905
     225     -74.7689     109.6518
     226     -92.7730      80.8704
     227     -86.2897      82.2074
     228     -79.5655     100.1943
     229     -79.8396      91.9840
     230     -75.8715      97.4576
     231     -84.7584     121.1062
     232     -86.2039      88.7423
     233     -79.8412      91.5383
     234     -89.8075      80.5890
     235     -72.9523      86.6459
     236     -88.4431      93.4066
     237     -76.1170      90.1233
     238     -81.5755      86.4484
     239     -70.0344      83.9394
     240     -62.0429      83.0297
     241     -73.1720      93.1626
     242     -65.0821      94.8295
     243     -76.8164      97.7568
     244     -88.4160      73.9415
     245     -67.1806      87.4685
     246     -87.6224     100.8028
     247     -69.5931      81.5258
     248     -92.7824      94.6459
     249     -77.6398      83.8040
     250     -88.1584      95.2725
     251     -82.4993      87.8393
     252     -85.1108     100.7350
     253     -88.9644      92.7803
     254     -68.9977      77.2284
     255     -81.3445      96.9898
     256     -73.7774      86.4556
     257     -90.5392      87.8918
     258     -69.6308      99.7612
     259     -84.0914     106.5232
     260     -98.2587      87.7014
     261     -77.0767     109.6436
     262     -81.8673      89.4924
     263     -76.2676      86.0526
     264     -79.7807     106.3950
     265     -83.8048     105.0758
     266     -78.8278     102.5625
     267     -71.5491     114.5723
     268     -83.8231      93.1011
     269     -78.6325     119.7839
     270     -84.8777      99.8347
     271     -93.9999     104.4373
     272     -79.7240      98.0902
     273     -74.5444      99.9890
     274     -77.6339      92.0203
     275     -74.0393      89.7439
     276     -66.7818      97.9635
     277     -74.6706     106.9796
     278     -75.5750     101.9134
     279     -75.4234      89.6777
     280     -75.5599     108.2303
     281     -80.6692     112.5226
     282     -78.4647      92.4673
     283     -74.5804     107.1545
     284     -70.7086     112.5204
     285     -60.3865     103.9562
     286     -72.3972     101.4826
     287     -89.8422      93.8919
     288     -85.6727     103.7578
     289     -82.5012      82.5134
     290     -99.6917      93.8131
     291     -91.5118      92.5171
     292     -78.6786      97.2622
     293     -72.6219     101.4919
     294     -72.4085     101.3919
     295     -77.0116     104.2676
     296     -64.3628     107.6887
     297     -71.4665      96.2817
     298     -74.6494     104.8735
     299     -57.1829      82.5992
     300     -78.8236     101.7370
     301     -62.0407     101.3308
     302     -78.1903     109.4897
     303     -75.9084      99.2213
     304     -68.9297     113.3554
     305     -77.3257     109.8274
     306     -72.4486      92.4149
     307     -67.4942     112.2871
     308     -75.9311     110.5065
     309     -76.6771     103.1913
     310     -70.1859     109.4425
     311     -71.3292     107.0897
     312     -79.4960     102.1882
     313     -79.2500     111.5022
     314     -69.6457      95.9882
     315     -79.8648     106.2883
     316     -58.8424      97.3470
     317     -73.2076     103.0930
     318     -95.5362      88.9538
     319     -70.9003     108.3464
     320     -79.1059     121.1650
     321     -79.4590     101.8512
     322     -83.1627     101.1978
     323     -71.3715      92.2070
     324     -89.6413      95.0364
     325     -81.6178     105.2973
     326     -76.8232     104.5503
     327     -80.2234      87.4671
     328     -77.1674     109.7963
     329     -91.0054      90.3040
     330     -75.9224      81.2018
     331     -71.1810      82.2804
     332     -88.7027      89.5224
     333     -67.2720      94.3654
     334     -67.3408      78.0142
     335     -83.9740     102.2365
     336     -72.0706      84.2154
     337     -77.2473      91.8732
     338     -78.5583      96.7806
     339     -80.1014      73.3038
     340     -76.8694      99.0790
     341    -102.3280     101.3928
     342     -77.6606     105.3662
     343     -75.3172      98.7057
     344     -80.0983     100.0567
     345     -85.3773      96.2295
     346     -81.9589      76.6936
     347     -82.2435      99.4348
     348     -76.1316      95.2531
     349     -86.0647      92.4666
     350     -77.2459      86.8981
     351     -88.3286     106.3115
     352     -87.3804     101.0738
     353     -74.1702      95.3340
     354     -60.0132     109.1626
     355     -86.4803      98.2391
     356     -82.2233     105.1189
     357     -75.5323     109.7631
     358     -88.7858     123.0804
     359     -70.4872     101.1807
     360     -77.0528     109.3597
     361     -67.0341      99.2169
     362     -67.2542      96.3668
     363     -59.2464     104.0392
     364     -81.7257     104.3521
     365     -87.5702     105.1133
     366     -79.2681      89.7362
     367     -73.4581     110.1560
     368     -83.7830     104.3227
     369     -87.7476     103.3836
     370     -92.8354     110.8597
     371     -81.1640     102.6269
     372     -89.8548     116.1205
     373     -57.1016     102.8516
     374     -81.0084      95.3413
     375     -80.0422      90.2564
     376     -86.3062      90.2613
     377     -85.5445      97.5228
     378     -67.0658      94.9564
     379     -98.0153      95.9360
     380     -81.8830     101.1096
     381     -90.3576      94.8864
     382     -74.4410      97.4568
     383     -81.7373     110.7225
     384     -72.4377     104.0110
     385     -86.4735      94.9198
     386     -76.7414      87.0857
     387     -65.2741      69.5458
     388     -83.7729     103.6916
     389     -89.7962     105.7071
     390     -70.4131      80.4793
     391     -77.4552      97.7956
     392     -68.7951      88.6231
     393     -69.7025     112.7655
     394     -70.2477      79.1982
     395     -80.3486      75.4518
     396     -84.5467     108.2360
     397     -73.5234      97.0670
     398     -86.6277     119.1779
     399     -76.5333     104.4715
     400     -79.9998     105.0782
     401     -81.2534     109.3831
     402     -76.7180      97.9996
     403     -75.9296     100.3557
     404     -91.2605      92.3443
     405     -77.7467      93.9509
     406     -72.5718     104.4889
     407     -72.7264      91.1171
     408     -78.3432      97.1359
     409     -83.3776     104.7502
     410     -69.2385     100.9418
     411     -73.2954     101.6163
     412     -74.5300      90.8791
     413     -85.2950     103.1072
     414     -80.8166     103.4754
     415     -72.4369      76.7031
     416     -75.2334      94.1476
     417     -67.9698     102.8504
     418     -81.6291      77.7685
     419     -75.7501      96.0666
     420     -74.7621      93.8749
     421     -76.2872     116.0291
     422     -61.1180      95.2663
     423     -85.7180     104.6625
     424     -65.8938      97.8641
     425     -79.8250     119.4459
     426     -81.8315     109.5238
     427     -79.4442      96.5536
     428     -82.3430     115.7488
     429     -76.2959      73.5181
     430     -78.5480      97.1930
     431     -79.2621      98.6423
     432     -79.5376      87.8678
     433     -82.3133      81.7080
     434     -80.2337      85.1134
     435     -93.1884     111.6005
     436     -82.3905     111.3692
     437     -75.0570     103.4296
     438     -74.8319     114.1141
     439     -81.6673      91.1661
     440     -73.5285      90.3133
     441     -72.8444      91.3794
     442     -74.3056      88.5132
     443     -76.6989     100.2229
     444     -79.9179      76.9453
     445     -79.5889      91.2285
     446     -73.7892     115.1852
     447     -75.1499      89.4533
     448     -73.5395      77.1116
     449     -80.4120     101.8955
     450     -80.2575      98.2919
     451     -90.4527      81.8914
     452     -78.1091      80.7147
     453     -67.7119      86.9941
     454     -80.2606      90.2328
     455     -85.2413      95.9983
     456     -71.7678     109.5569
     457     -81.2778     103.9570
     458     -61.8625     102.4114
     459     -87.3836      91.4582
     460     -69.1889      96.2716
     461     -86.8467     105.1137
     462     -78.4685     108.2507
     463     -82.2921      96.0128
     464     -75.4601      80.7752
     465     -80.1630     107.2275
     466     -85.5431     104.2779
     467     -73.7070      91.4735
     468     -80.8176      91.9277
     469     -78.3356     110.0939
     470     -81.3485     106.1513
     471     -79.5948     106.5215
     472     -79.6277     103.8119
     473     -80.8608     115.7297
     474     -79.8471     104.1086
     475     -74.8222      73.1450
     476     -73.8217      91.8902
     477     -74.8478     114.5180
     478     -87.9874      84.7400
     479     -84.9333      97.3165
     480     -87.4711     101.8656
     481     -87.1009      96.7598
     482     -61.3263      98.9417
     483     -76.0490      92.1074
     484     -61.2016      97.0446
     485     -74.8734     100.6774
     486     -79.6547     113.8119
     487     -73.9490      94.4959
     488     -76.0053      89.3859
     489     -64.4015      78.2365
     490     -66.5595     115.2913
     491     -73.5209      95.7239
     492     -94.4608      98.1953
     493     -94.0026      94.4132
     494     -79.1269      91.5705
     495     -82.7155     104.1265
     496     -85.2312      97.8201
     497     -72.9093     102.4341
     498     -73.7363      99.2329
     499     -64.9563      97.9998
     500     -66.7151      99.9906
     501     -80.4300     105.3197
     502     -87.9713     111.7220
     503     -55.0740     106.7957
     504     -78.2456      93.0481
     505     -73.4647     108.8889
     506     -75.2362      96.3046
     507     -85.0510      93.9506
     508     -76.7667      96.3929
     509     -79.0297      82.3109
     510     -67.0836      96.2193
     511     -71.6138      92.0534
     512     -86.1151      89.4390
     513     -81.0664      76.5359
     514     -69.6085      98.9863
     515     -79.3727      90.0413
     516     -83.4031      90.2703
     517     -80.6027      84.4780
     518     -73.9325     111.8869
     519     -86.9057     107.1269
     520     -91.9793     100.5710
     521     -81.5315      95.6806
     522     -84.6623     103.7109
     523     -98.7981      87.0952
     524     -72.4424     102.2016
     525     -82.3457      95.6987
     526     -84.7716      79.7618
     527     -86.2772      72.5832
     528     -81.8052      69.0130
     529     -88.2250      94.5293
     530     -86.3080      82.2081
     531     -83.5358     108.7849
     532     -81.3656      74.4529
     533     -80.5170      74.8084
     534     -77.3761      78.7891
     535     -93.9507      82.3095
     536     -77.7719      88.5999
     537     -86.5973      89.6952
     538     -84.7759      95.4359
     539     -81.4494      98.2324
     540     -74.5793     104.1402
     541     -85.6901      83.7293
     542     -80.6179     105.6108
     543     -88.8432      84.8323
     544     -97.8645      90.6965
     545     -96.6230      89.5768
     546     -85.4250      86.2558
     547     -74.3511      99.3863
     548     -79.7775     104.2120
     549     -74.4084      86.4210
     550     -80.5375     100.7520
     551     -68.7886      92.4380
     552     -75.3132      98.6398
     553     -73.5288     106.0956
     554     -73.4836      91.0363
     555     -78.5708      99.2771
     556     -76.0234     118.9595
     557     -78.6377      87.5090
     558     -80.4810      97.3754
     559     -66.7460      73.3969
     560     -90.3321      97.6939
     561     -87.2085      95.2399
     562     -87.3218      95.6607
     563     -73.2981      84.2852
     564     -63.9948     107.0063
     565     -73.9641     102.5629
     566     -76.0571     104.5885
     567     -78.7495      88.4774
     568     -70.5124     107.9738
     569     -73.4678      89.4602
     570     -63.0824     121.4769
     571     -70.1051     106.9703
     572     -83.3816     110.5795
     573     -92.1146      98.2026
     574     -75.4484     109.4454
     575     -83.5700     109.7984
     576     -69.0854      79.3473
     577     -81.7808      97.8541
     578     -80.9280     101.7646
     579     -76.7953     109.9098
     580     -78.4959     103.4737
     581     -88.2224      89.1566
     582     -80.3982     101.2760
     583     -93.8152      93.3269
     584     -70.3864      93.7258
     585     -82.6128     108.9643
     586     -84.4594      91.8221
     587     -71.7668      83.1110
     588     -86.2222     103.0687
     589     -84.0928      97.2104
     590     -80.9922     109.7094
     591     -82.9417     102.9177
     592     -73.4043      96.8524
     593     -85.6414     116.5373
     594     -84.9807     105.3132
     595     -76.6124      84.6177
     596     -59.7665      96.5891
     597     -78.3107     107.3576
     598     -97.1580      95.6425
     599     -82.8184      87.9339
     600     -72.2291     105.8916
     601     -83.0668      80.4026
     602     -82.1703      88.6514
     603     -82.9308     115.8800
     604     -77.8619      98.8263
     605     -68.8425      84.0174
     606     -77.4264      80.5417
     607     -86.4631      92.6617
     608     -79.2130     110.1960
     609     -69.3935      82.9006
     610     -81.3311      83.5437
     611     -74.8214      94.8596
     612     -72.9879      97.2152
     613     -82.1696      78.1778
     614     -80.4561      88.2262
     615     -94.4764     102.9016
     616     -69.2930      98.4236
     617     -78.0425      80.5358
     618     -85.8779      98.6854
     619     -90.7445      88.4013
     620     -89.5343     108.9902
     621     -83.6448      97.3047
     622     -69.6672      98.0205
     623     -80.5096      90.1595
     624     -86.3223      92.3088
     625     -80.2140      87.4733
     626     -90.3791      96.3490
     627     -62.9711      99.4770
     628     -85.7685     107.2672
     629     -71.2759      96.9907
     630     -83.0984     118.0221
     631     -75.6667     101.1117
     632     -75.6664     104.1308
     633     -79.8483      93.0924
     634     -78.3602      99.9788
     635     -83.8653     107.8784
     636     -79.5123     119.4747
     637     -75.0027     110.6708
     638     -69.5455     106.0825
     639     -77.2260      86.4645
     640     -82.5066      92.6021
     641     -79.8236      80.5520
     642     -79.5394     105.6479
     643     -67.8933     110.3815
     644     -78.6820     109.0767
     645     -83.0145      90.6034
     646     -87.7057      89.1738
     647     -78.1803      97.6054
     648     -81.2787     103.9173
     649     -71.1972     100.6756
     650     -86.6364     103.9847
     651     -70.7729      91.6697
     652     -81.2984     112.8847
     653     -84.2494     103.7279
     654     -78.7855      86.7627
     655     -79.5151      87.5826
     656     -80.5181      82.7453
     657     -83.0956      85.1811
     658     -92.8403      82.1748
     659     -94.4893      94.2277
     660     -83.5075      99.8659
     661     -82.1225      79.5716
     662     -77.4086      96.4713
     663     -70.1485      77.6245
     664     -91.4172      96.0060
     665     -76.6708      82.3726
     666     -79.1146      91.5067
     667     -82.6967      95.4953
     668     -80.3092     103.0581
     669     -90.4178      96.4057
     670     -77.7580     101.5602
     671     -79.9484      97.3403
     672     -67.6930      74.9843
     673     -69.5354     102.1806
     674     -76.6441     109.6327
     675     -88.9290      90.4178
     676     -70.5245     102.8987
     677     -69.8522      93.7375
     678     -81.9439      98.0759
     679     -93.3207     101.0491
     680     -82.3649      78.8078
     681     -71.6002     110.9891
     682     -68.6234      91.5000
     683     -68.7691     108.1649
     684     -80.1255      94.2319
     685     -72.9225      97.1107
     686     -75.5702      94.5615
     687     -78.8968      95.1801
     688     -79.4367      75.9471
     689     -84.5374      88.3801
     690     -83.0951      81.9805
     691     -82.8059     106.6643
     692     -83.8510      91.2370
     693     -82.9496     117.4899
     694     -84.2486     118.4387
     695     -80.6375      96.7320
     696     -71.1524     102.1974
     697     -88.3204      89.5201
     698     -84.9294      87.3534
     699     -77.0763      88.7800
     700     -78.4874      70.1003
     701     -96.0377      90.5371
     702     -86.1631      99.8972
     703     -93.2202     102.1445
     704     -71.9321     103.7897
     705     -97.0264      99.3855
     706     -70.2496     121.4096
     707     -81.0377     101.1564
     708     -78.5889     112.1794
     709     -78.2316     102.0414
     710     -78.5180     103.5181
     711     -77.3888      80.2481
     712     -82.9972      94.2214
     713     -78.8803     110.3787
     714     -78.9571     104.8838
     715     -83.0126      88.3435
     716     -62.9579      85.2293
     717     -76.4512      88.1206
     718     -88.6520     100.9012
     719     -84.8224      95.4520
     720     -90.3121      97.0785
     721     -92.7800      97.3580
     722     -84.2786      89.2184
     723     -90.4261      96.2354
     724     -77.9267      89.2883
     725     -92.8088     103.9889
     726     -86.9571      80.0235
     727     -86.5031      92.3760
     728     -81.7478      98.4610
     729     -89.1235     103.2686
     730     -94.4590      95.9273
     731     -73.4701      87.6511
     732     -74.6250      68.4047
     733     -79.9891      81.4437
     734     -63.9351      83.6278
     735     -85.4707      95.5027
     736     -73.9266      87.7149
     737     -88.6803      83.4804
     738     -86.3049      93.7545
     739     -96.7275      97.5793
     740     -75.9978     104.7047
     741     -91.3990      92.1483
     742     -75.5074     106.4082
     743     -65.1959      80.8972
     744     -77.1061      86.0686
     745     -87.2378      87.3118
     746     -81.6043      84.4241
     747     -79.2157      73.8905
     748     -83.2360      84.1171
     749     -89.6155      96.8747
     750     -70.3504      77.6103
     751     -75.4598      87.9124
     752     -91.0663      92.0199
     753     -92.1117      78.5517
     754     -91.3196      86.7933
     755     -84.8179      77.3203
     756     -95.9453      97.3199
     757     -84.7772      92.2769
     758     -86.0201     101.8119
     759     -75.1804     101.9475
     760     -81.2667      96.9961
     761     -83.0481      85.0572
     762     -89.8878      84.6590
     763     -74.7401      74.6242
     764     -81.3973      88.6004
     765     -60.8582      89.6655
     766     -71.7377      94.1934
     767     -82.6184      78.4963
     768     -71.9356     100.1987
     769     -75.9404      92.7583
     770     -87.7182      71.9177
     771     -86.8317      95.7669
     772     -77.4512      72.7558
     773     -74.5063     102.9191
     774     -94.5006     103.8529
     775     -72.9429      87.5827
     776     -73.9485      97.8208
     777     -78.2347     113.7083
     778     -85.1581      89.5711
     779     -74.1253      92.6338
     780     -88.2792      82.9419
     781     -75.2433      95.5323
     782     -89.3745      96.2143
     783     -81.2410      95.2994
     784     -88.9633      88.8917
     785     -70.3487      77.6921
     786     -82.3030      88.5087
     787     -76.9084      85.3074
     788     -84.9891     108.2169
     789     -79.6512      86.2808
     790     -79.8616      88.9078
     791     -90.2960     108.4584
     792     -80.3571      81.0420
     793     -78.7720      81.5845
     794     -78.7679      90.0559
     795     -77.4255      87.2814
     796     -79.6046      91.4046
     797     -68.5674      94.2872
     798     -75.0838      84.6330
     799     -78.8910      98.9751
     800     -89.5041     101.1642
     801     -76.3054     102.4996
     802     -76.1668     117.6188
     803     -78.1294     107.9536
     804     -66.6067     105.7882
     805     -80.3922     112.7474
     806     -85.7827     112.8704
     807     -63.7073      95.0602
     808     -73.9785     104.4982
     809     -82.0277      92.9652
     810     -81.8896     102.9530
     811     -74.0988      88.4723
     812     -88.6788      91.0202
     813     -78.5900      86.8617
     814     -85.1599     103.1227
     815     -85.7678      84.4903
     816     -89.1705     105.1177
     817     -75.4655      91.0978
     818     -87.8572      93.2072
     819     -80.9189     105.8527
     820     -88.4893     109.6005
     821     -91.2226     107.7537
     822     -80.4379     118.2577
     823     -71.8072      98.5740
     824     -85.6355      82.9513
     825     -71.2375      88.5304
     826     -77.3619      99.2060
     827     -88.8899      83.8909
     828     -68.5494      83.4712
     829     -84.8879      99.3913
     830     -90.9193      94.2150
     831     -94.1132      82.6813
     832     -90.2517      87.8483
     833     -75.0108      84.6200
     834     -88.0518      88.6564
     835     -82.0447      81.1019
     836     -74.4987     105.3444
     837     -95.6400      94.8354
     838     -83.0338      96.8345
     839     -64.5491      76.0511
     840     -85.1293     104.3451
     841     -78.6497      82.3365
     842     -71.9990      80.5583
     843     -83.0362      96.0626
     844     -75.0232      84.9151
     845     -73.4230     101.7530
     846     -81.6247      74.6148
     847     -82.9292     110.6323
     848     -60.0574      97.3486
     849     -83.6593     103.2819
     850     -87.7668      88.3695
     851     -83.2058      95.8116
     852     -77.4306      85.5815
     853     -73.1075      93.7353
     854     -85.6414     106.4773
     855     -80.5873      83.3883
     856     -79.1436     105.0127
     857     -90.7431      83.6158
     858     -70.7160      69.9107
     859     -85.7602      90.6982
     860     -80.8398      93.2461
     861     -74.7502      80.3712
     862     -81.1386      81.4125
     863     -73.1755     106.8160
     864     -78.9691      98.4044
     865     -87.9422     107.8031
     866     -88.5606      95.4662
     867     -82.7787      94.3411
     868     -66.2588      73.6776
     869     -66.4343      79.4863
     870     -87.0188     100.6414
     871     -86.4012      69.2055
     872     -89.4369      80.9135
     873     -77.8078      77.5936
     874     -82.1598      76.9217
     875     -66.8307      83.0399
     876     -87.2553      73.2222
     877     -87.4061     102.9116
     878     -89.0001      88.4127
     879     -80.4010      97.5969
     880     -71.1844      97.1955
     881     -97.3406     116.2415
     882     -88.9459     100.5842
     883     -82.6103      75.9089
     884     -69.7578      84.2167
     885     -85.0682      79.0215
     886     -90.0993      85.0137
     887     -67.3104      93.5833
     888     -67.9967      74.3641
     889     -75.0566      88.1731
     890     -63.3486      78.0712
     891     -75.3416     101.3584
     892     -90.6996      96.4208
     893     -78.5798      94.4381
     894     -85.6029      80.6586
     895     -86.7301     100.5874
     896     -67.7261     106.3938
     897     -66.9587      79.1643
     898     -89.1348      93.4698
     899     -80.4030      91.5638
     900     -85.5538      98.0514
     901     -79.9928      86.9353
     902     -81.7774      92.8464
     903     -89.8395      85.4008
     904     -76.5803      86.9809
     905     -72.6810     102.7974
     906     -81.3545     117.5087
     907     -79.5060     102.2375
     908     -73.2868     102.1331
     909     -86.9370     111.1960
     910     -74.4051     101.9230
     911     -76.5770      73.1567
     912     -88.3169      85.7603
     913     -79.6175      96.6311
     914     -72.4158     109.3491
     915     -63.7408      90.5968
     916     -65.8018      73.6499
     917     -65.0822     102.4839
     918     -67.2753      80.7285
     919     -85.4538      97.6161
     920     -91.9739      90.7729
     921     -78.8231      89.5090
     922     -84.4751      85.6675
     923     -79.6495      76.3595
     924     -83.8057      82.3323
     925     -83.2230      80.4877
     926     -75.4458      81.2531
     927     -85.6239      96.2927
     928     -91.1348     104.0482
     929     -90.2899      89.7028
     930     -76.1847      98.7846
     931     -83.8459      93.9387
     932     -81.0183      80.1285
     933     -75.2285      66.7328
     934     -98.0307      88.4938
     935     -80.1631      82.3029
     936     -77.0541      92.9608
     937     -88.5129      89.1541
     938     -66.4306      78.0343
     939     -96.2163      94.8938
     940     -80.2567      87.1308
     941     -88.7605      93.1630
     942     -94.0211      87.6148
     943     -77.2751      94.3924
     944     -82.6035      95.1855
     945     -87.9397      98.3007
     946     -81.6852      89.3393
     947     -56.4547      85.8089
     948     -80.0441      82.4349
     949     -72.2795      91.2454
     950     -80.5768     104.3180
     951     -69.0549      94.5703
     952     -77.5771      92.3869
     953     -82.1570      81.0366
     954     -88.2893      92.8813
     955     -75.6057      82.1597
     956     -56.7253      91.5398
     957     -75.0103      98.6634
     958     -80.4880      90.5615
     959     -69.4615      92.8619
     960     -75.5673      83.4508
     961     -87.6730      96.4157
     962     -95.4002      98.0794
     963     -87.4013      93.8316
     964     -81.0690      90.1150
     965     -72.1323      93.7640
     966     -75.5682     102.8563
     967     -66.3996      91.1804
     968     -79.6689      93.6359
     969     -68.4982      87.3614
     970     -71.3281      94.3751
     971     -70.3970      87.9179
     972     -83.0878      98.8596
     973     -65.2834      81.2268
     974     -73.1479      77.5039
     975     -83.4545     107.6667
     976     -80.1886     119.8876
     977     -63.6552     110.5995
     978     -80.8467      95.3415
     979     -67.5604      82.5817
     980     -76.8396      93.1486
     981     -85.4663     105.7350
     982     -79.7457     105.1985
     983     -88.0547      92.4390
     984     -67.1736      84.5311
     985     -69.7043      93.9822
     986     -68.5308     102.2015
     987     -67.0114     104.1699
     988     -81.9986      90.1468
     989     -77.2949      98.6808
     990     -73.2270     107.5988
     991     -78.4614     116.2664
     992     -64.2545     100.8460
     993     -74.7996     106.3908
     994     -69.0433     108.5759
     995     -72.9368     107.1170
     996     -73.3502     113.6918
     997     -82.6805     110.7683
     998     -75.3652      95.6577
     999     -72.8995     106.1485
    1000     -67.1675     102.3934
