4.008106318529927039e-09
4.188337496338465232e-09
3.997797524878813930e-09
2.988039350007997753e-09
1.385737767164348849e-08
5.208404464860394103e-09
9.199568230825728581e-09
1.223756567465851361e-08
3.640442082491537132e-09
3.640442082491537132e-09
6.041038375152472088e-09
3.640442082491537132e-09
2.344590172322627413e-09
3.544888318653094478e-09
2.344590172322627413e-09
2.344590172322627413e-09
8.274367978905908401e-09
1.570745342701537989e-08
1.916012165221400259e-08
7.481587204791721163e-09
3.032270936500614449e-09
3.032270936500614449e-09
7.826263876819492340e-09
2.400596292660934543e-09
1.907874267250891917e-05
1.912378894203697435e-05
1.907874267250891917e-05
1.907874267250891917e-05
2.296660231129980128e-04
2.296660231129980128e-04
2.296660231129980128e-04
3.822959644930693391e-04
1.832447510485703257e-03
9.829159646917613735e-04
6.134042096918493987e-04
2.252063778467462262e-03
3.279337093840090328e-04
3.279337093840090328e-04
3.279337093840090328e-04
4.533004970008627874e-04
2.300829551314042057e-03
3.078357682076317617e-03
3.975655226807464984e-03
3.383861376034450266e-03
8.208077789088583413e-05
8.208077789088583413e-05
8.208077789088583413e-05
8.208077789088583413e-05
3.886498103695962682e-04
3.283231115635433365e-04
4.603926519382579418e-04
3.283231115635433365e-04
1.943249051847981341e-04
1.943249051847981341e-04
1.943249051847981341e-04
1.943249051847981341e-04
2.299669133335248417e-02
2.299669133335248417e-02
2.299669133335248417e-02
2.299669133335248417e-02
1.418794313899809090e-01
1.082970678335849202e-01
1.075129011825325942e-01
9.330060265723852386e-02
8.057107925740193688e-02
8.074357310817922850e-02
5.767001864577990522e-02
1.398375053469934071e-01
2.397798493444456072e-02
1.686910428052652844e-02
1.686910428052652844e-02
1.686910428052652844e-02
2.520710223803688430e-10
3.033293312723428926e-10
2.520710223803688430e-10
2.520710223803688430e-10
1.813168457798060482e-10
2.720078083560956193e-10
1.813168457798060482e-10
1.813168457798060482e-10
1.636458923632498829e-10
2.136586954446924701e-10
1.229677328684029248e-10
1.229677328684029248e-10
4.503038901266329718e-10
6.481013024210296119e-10
5.916188173491574379e-10
1.707627257422161643e-10
2.891398263840598477e-11
2.535556584624243634e-11
2.535556584624243634e-11
2.535556584624243634e-11
2.179714915675930212e-11
1.823873244674008764e-11
1.823873244674008764e-11
1.823873244674008764e-11
4.107216674056594512e-20
2.053608337028297256e-20
3.080412505542445583e-20
3.080412505542445583e-20
5.134020842570743139e-21
5.134020842570743139e-21
5.134020842570743139e-21
5.134020842570743139e-21
1.540206252771222791e-20
1.540206252771222791e-20
1.540206252771222791e-20
1.540206252771222791e-20
9.836230420898709989e-11
9.836230420898709989e-11
9.836230420898709989e-11
9.836230420898709989e-11
