Using WEST data from '/scratch/09416/dty7/d1d2/2kod/ls6-we/tt_dist_ss_v00/west.h5'
# successful (recycled) segments
# column 0:    iteration
# column 1:    seg_id
# column 2:    weight
# column>2:    final progress coordinate value
     730          14     9.6083920673473e-58            3.9795
     730          16     9.6083920673473e-58            4.3462
     731           0     3.2027973557824e-58            4.1425
     731           2     3.2027973557824e-58            3.8699
     731           6     1.6013986778912e-58             3.886
     731          20     9.6083920673473e-58            3.9589
     731          30     9.6083920673473e-58            3.5863
     732           0     6.4055947115649e-58            4.2929
     732           1     6.4055947115649e-58            3.8381
     732           4     6.4055947115649e-58            4.0785
     732           5     4.8041960336737e-58            3.8873
     732          17     8.0069933894561e-59             4.318
     733           0     1.6013986778912e-58            4.1184
     733           3     1.6013986778912e-58            4.0426
     733           4     1.6013986778912e-58            3.7634
     733           5     1.6013986778912e-58            3.7084
     733          17     3.2027973557824e-58            4.3817
     733          23     2.4020980168368e-58            4.2541
     733          24     6.4055947115649e-58            4.1362
     734          12     1.2010490084184e-58            3.9688
     734          16     1.2010490084184e-58            3.8728
     734          19      1.467948788067e-58            3.9829
     734          21      1.467948788067e-58            4.0375
     734          29     1.2010490084184e-58            4.0364
     734          38     1.0675991185941e-58            4.0993
     735           1      4.003496694728e-59            4.3278
     735           6     1.6013986778912e-58            4.3569
     735          20      2.001748347364e-59            4.3745
     735          23      2.001748347364e-59            4.3984
     735          27     1.6013986778912e-58            4.3335
     735          28      1.467948788067e-58            4.3531
     736           5     2.6689977964854e-59            4.3417
     736           6     7.1173274572943e-59            4.3561
     736          46      4.003496694728e-59            4.1694
     737           4     2.6689977964854e-59            4.1427
     737           8     2.6689977964854e-59            3.9388
     737          24      2.001748347364e-59            3.8896
     737          31     2.6689977964854e-59            4.3851
     737          33      2.001748347364e-59            3.8961
     738           0     3.3362472456067e-60            4.2508
     738           2     3.3362472456067e-60             4.389
     738           3     3.3362472456067e-60            4.3458
     738           4     3.3362472456067e-60            3.9918
     738           5     3.3362472456067e-60            4.3497
     738           6     2.6689977964854e-59            3.8774
     738           8      3.002622521046e-59            4.1806
     738          10      2.001748347364e-59            4.0683
     738          25     3.1138307625663e-59            4.3009
     739          19      1.000874173682e-59            4.3193
     739          20      1.000874173682e-59            4.2479
     739          22      1.000874173682e-59            4.3182
     739          29     1.1676865359623e-59            4.1102
     740           1     7.7845769064157e-60            4.3383
     740           2     1.3344988982427e-59            4.0538
     740           5     6.6724944912134e-60            3.8526
     740          10     3.3362472456067e-60            3.9686
     740          13     3.3362472456067e-59              4.27
     741           8     7.5065563026151e-60            4.2164
     741          10     1.1491518290423e-59            4.3916
     742           1     4.7263502646095e-60            4.3904
     742          23     2.5948589688052e-60            4.3433
     743           4     3.8922884532078e-60            4.1619
     744           3     2.5948589688052e-60            4.2184
     746           1     7.2980408497647e-61            4.3205
     747          25     4.3247649480087e-61            4.3042
     748           1     2.4326802832549e-61            4.3818
     748           4     1.4415883160029e-61            4.3775
     749          12     2.1623824740043e-61            4.3962
     750           3     4.3247649480087e-62            4.3398
     751           0     5.9494120977897e-62            4.3813
     751          33     2.9747060488949e-62            4.2948
     753           0     4.8052943866763e-62            4.3655
     753           3     4.8052943866763e-62             4.282
     753          10     1.6980659732015e-42            3.6866
     753          35     5.6776841414003e-62            4.2142
     756           4      5.039202896504e-62            4.3715
     756          14     9.6105887733527e-62            4.3514
     757           3     2.8831766320058e-62            4.3936
     758          40     2.5234151739557e-62            4.3292
     761           1     2.8798925904276e-62            4.2989
     761           5     2.2752793485167e-62            4.3199
     762           6     7.9467449982835e-62            4.3781
     762          27     1.9632706799956e-62            4.3385
     764           0     3.2035295911176e-62            4.2527
     766          16     6.2015337962732e-62            4.3874
     768           0     4.3490459625913e-62            4.3585
     769          11     1.9632706799956e-62            4.3082
     769          23     3.8628768593317e-62            4.2943
     769          24     1.6360588999963e-63            4.3054
     771          39     1.3056895159814e-62            4.1556
     772          10     3.3311007267446e-62            4.3553
     772          31     3.3904913729477e-62            4.3394
     773           9     1.0991189847682e-62            4.3543
     774          19     8.6146766805585e-63            4.3388
     775           2      6.547384822785e-63            4.3962
     776          12     4.0968342032747e-63            4.3618
     776          31     1.0789400168003e-62            4.3238
     777          25     8.9614190719277e-63             4.391
     778           5     2.9871396906426e-63            4.3182
     779          34     9.7644976402701e-64            4.3979
     780           3     2.9871396906426e-63            4.3833
     780           7     6.8911303178872e-63            4.3645
     781           2     8.2159774040446e-64            4.3913
     781          10     9.3379694928377e-64             4.399
     782           2     1.8761226081566e-63            4.3963
     782           3     1.4646746460405e-63            4.1813
     782           7     7.8260401275439e-64            4.3172
     782          33     4.0242639489455e-65            4.3865
     783           0     4.5166596561138e-64            4.3731
     784          25      9.929336161305e-64            4.3821
     786          17     9.7644976402701e-64            4.3886
     787           7     5.5537809076801e-64            4.3367
     788          10       4.62372308295e-64             4.283
     789          25     6.7097732134762e-64            4.3799
     794          21     1.4423682553998e-63            4.2696
     798           3     5.5970791789254e-64            4.3989
     800           9     1.5095794104759e-64             4.393
     800          31     2.9911871003466e-64            4.2835
     802           0     1.8922467944117e-64            4.3111
     803           4     8.5436295849104e-65            4.3337
     804          29     1.7780285683098e-64            4.3645
     806           0     5.4692821418735e-65            4.2929
     807          15     1.0577958849214e-64            4.3414
     807          16     9.1489313086787e-65            4.3964
     807          23     1.5654956760619e-65            4.3908
     809          28     6.7499391961066e-65            4.3453
     813           1     1.4089461084557e-65            4.2635
     813           5     1.4089461084557e-65            4.3726
     814           3     4.3345994734792e-66            4.1139
     814          19     1.6773104560844e-65            4.2014
     815          40     1.4089461084557e-65            4.3553
     816           5     7.8274783803096e-67            4.2814
     816          13     2.6325202370621e-65            4.3633
     819           9     1.1768479266163e-65            4.3746
     821           8      1.572901938785e-65            4.3044
     821          17     4.6423091821846e-66            4.3304
     822           8     7.6333941188603e-66            4.3925
     829          23     1.3580060398645e-65            4.3581
     831          17     3.5443693988872e-66            4.3538
     836          21     4.4280197847499e-66            4.3068
     839           1     4.7232815216289e-66            4.3584
     840           2     3.0099471346543e-66            4.3294
     843          17     3.1604505274331e-66            4.3281
     843          22     7.3026446698822e-66            4.3462
     855           9     2.9954437685584e-66            4.3981
     856           6     1.8298648890297e-66            4.3168
     858          11     1.9425426489476e-66            4.3721
     859           3     4.4210515520798e-67            4.2064
     859          29     3.0497748150494e-67            4.3271
     860           0     1.6924845403469e-66            4.3754
     862          29     1.8079400033267e-66            4.3483
     864          29      1.369426787508e-66            4.3084
     865           0      2.299328733353e-66             4.339
     865           9     9.8402104809602e-67            4.1869
     865          32     1.4117561635707e-67            4.3812
     866           0     3.9509365245865e-67            4.2542
     866           1     3.9509365245865e-67            4.2058
     866           9     1.5709992360819e-66             4.363
     866          26     1.4117561635707e-67            4.3687
     866          32     2.5231470560393e-67             4.281
     867          32     4.9323007259736e-67            4.2842
     869           5     2.8034967289326e-67            4.3576
     871           3     6.3449744529904e-67            4.3312
     874          27     4.3569518268716e-67            4.3177
     874          28     4.3569518268716e-67            4.3325
     876          10     3.2964211723553e-67            4.3339
     877          14     6.8477452961056e-67            4.3973
     878          29     1.3751190934279e-68            4.2103
     879          18     4.4045282055799e-67            4.3772
     881          11     8.2410039252418e-68            4.3852
     883           2     2.0751161377352e-68            4.2969
     884          10     3.4337516355174e-69            4.1862
     885           2     1.5882903592717e-44            4.3025
     885           6     1.1445838785058e-69            4.2337
     886           5      5.722919392529e-70            4.2423
     887           8      5.722919392529e-70            4.3835
     888           2     3.8152795950193e-70            4.3975
     888          14      5.722919392529e-70             4.386
     890           7     2.5815420933884e-44            4.3163
     893          35     4.9203906979167e-44            4.1532
     894          21     2.0299383333936e-44            4.2936
     894          22     2.0299383333936e-44            4.3393
     894          43     5.9353598646134e-44            4.0672
     896           6       1.40967939819e-45            4.0336
     896           9       1.40967939819e-45            4.0123
     898           3     2.2323310461528e-45            4.0366
     898           8     7.5784364446694e-45            4.3805
     899          10     1.5156872889339e-45            4.2374
     899          13     2.2323310461528e-45            3.7896
     901           0     1.5442154894743e-45            4.2415
     901           5     1.5442154894743e-45            4.3553
     901          13     7.2535627924087e-45            4.1257
     902           2     1.5442154894743e-45            4.3072
     902          12     3.0884309789486e-46            4.1859
     902          15     3.0884309789486e-46            4.3609
     903          15     4.1275412779003e-46            4.3361
     904           1     2.2930784877224e-47            3.7968
     904           3     2.2930784877224e-47            3.9497
     904          11     8.2550825558006e-47            4.1513
     905           3     1.6510165111601e-47            3.6198
     905          13     7.6435949590746e-48            3.8893
     905          15     7.6435949590746e-48            3.9813
     905          18     2.2930784877224e-47            4.3277
     906           2     3.8217974795373e-48            3.6362
     906          16     4.5861569754448e-47            4.3935
     907           6     5.5033883705337e-48            4.2883
     907          22     3.9440949988825e-47             4.161
     907          30     1.1465392438612e-47            3.7477
     907          31     1.1465392438612e-47             4.198
     908           7     9.1723139508896e-49            4.2993
     908          10     9.1723139508896e-49            4.2791
     908          13     9.1723139508896e-49            4.2247
     908          14     9.1723139508896e-49            4.3831
     908          20     2.1634298036184e-47            4.1621
     908          21     2.1634298036184e-47            4.1931
     909           5     4.4587637261269e-48            4.2207
     909          10      4.756474134736e-48            3.9265
     910           4     4.4587637261269e-48            4.2564
     910          29     3.0574379836299e-48            4.2416
     910          32     4.3268596072367e-48            3.9151
     911           1     1.4422865357456e-48            4.2195
     911           6      1.483576778791e-48            3.9915
     911          47     2.1353355859303e-48            4.0714
     912          35     6.5860659223033e-48            4.3894
     913           7     9.0142908484098e-49            4.0203
     913          13     3.1347807143106e-48            4.2737
     913          25     2.8536087847212e-48            4.2935
     913          36     7.6435949590746e-48            4.3423
     914           4       3.38498835713e-49            3.6913
     914           8     2.0877599679618e-48            4.2475
     914          33      3.724079470212e-48            3.5934
     914          35      3.724079470212e-48            3.7139
     915           3       3.38498835713e-49            4.2893
     915           5     1.4235570572868e-49            3.5596
     915          22      1.862039735106e-48            3.6447
     915          38     4.5499730660813e-48            4.2361
     916           6       3.38498835713e-49            4.0783
     916          10      2.482719646808e-49            3.8975
     916          11      2.482719646808e-49             4.304
     916          14     1.4235570572868e-49            4.0281
     916          23     9.0999461321626e-49             4.302
     916          34      1.862039735106e-48            3.9951
     916          43      3.724079470212e-49            3.6745
     916          46      3.724079470212e-49             4.398
     917           1     1.3868778706047e-49            3.8109
     917           2     1.3868778706047e-49            3.8356
     917           6     9.5631868186995e-49            3.8238
     917          11     5.6569101146046e-49            4.0373
     917          12     1.1557315588372e-49            3.5717
     917          13     1.1557315588372e-49             4.043
     917          15     1.1557315588372e-49            3.8672
     917          17     1.1557315588372e-49              4.27
     917          20     4.2312354464125e-49            3.8127
     917          33     3.1894732918301e-49            4.2799
     918           5     1.3868778706047e-49            4.2148
     918          18     5.1785220923391e-49            4.3313
     919           8      1.657994615204e-49            4.0239
     920          22     3.2437287131802e-49            4.0156
     922          24     3.0333153773875e-49            4.1669
     922          41     8.3478129359873e-49            3.9178
     923           6     1.0812429043934e-49            3.8817
     923           7      1.292293475738e-49            3.8039
     923           8     1.0812429043934e-49            4.1545
     923          12     7.2804377085856e-50             4.383
     923          19     4.7264010458789e-50            4.2671
     923          21     4.7264010458789e-50            4.3574
     924           0     1.0812429043934e-49            4.2224
     924           3     9.9526154927853e-50             4.211
     924           8     9.4528020917577e-51            3.8233
     924           9     9.4528020917577e-51            3.8986
     924          19     5.4846921019391e-50            4.1495
     924          31     1.0975000807107e-49            4.1419
     925           0     2.7653896363222e-50            4.2859
     925           2     1.8282307006464e-50            3.9213
     925           5     1.8201094271464e-50            4.3922
     925          13      1.861382663205e-49            4.1513
     925          21     1.5416725884796e-49            3.8499
     925          23     9.4027454364722e-50            4.3414
     926           2     2.7691092054984e-50            3.7672
     926           3     2.7691092054984e-50            3.9273
     926          12     6.0670314238213e-51            4.0132
     926          16     6.0670314238213e-51            3.6626
     926          17     6.0670314238213e-51            3.8102
     927          27     1.1381893177209e-49            4.2989
     928           4     1.1868643578387e-50            4.1915
     928          11     2.7392588322329e-50            4.0427
     928          17     1.6649384826699e-50            4.0755
     929          15     3.5167421392391e-50            3.7006
     929          16     4.1322220737839e-50            4.2989
     930           3     1.5395424176011e-50            4.3745
     930          11     1.9775703815244e-50            4.2764
     930          22     2.0811731915218e-50            4.1027
     930          28     4.4533974783759e-50            3.7522
     932          21     2.0208990441252e-50            4.1934
     932          28     1.5844038928491e-50            4.3015
     933           0     1.8794646864374e-50            4.2793
     936           4     1.5228476054538e-51            4.1908
     936          22     1.8338363059475e-50            4.2069
     937          14     3.9074912658212e-51            4.1625
     938          11     5.8612368987318e-51            4.3489
     938          35     6.6450145307702e-51            4.2785
     939          15     6.8424107448937e-51            4.3556
     940           1     9.9919155184246e-53            4.0979
     940           4     9.9919155184246e-53            4.2331
     940          13     1.1786196617422e-52             4.284
     940          35     5.8612368987318e-51            4.2993
     941          15      3.721675125524e-51            4.0712
     942           9     2.4025216441239e-52            4.3536
     942          10     2.4025216441239e-52            4.1433
     942          11     2.4025216441239e-52            3.9269
     942          25     4.7523689139308e-51            4.2977
     943          23     8.2597063632262e-51             4.318
     944          27      1.284052514893e-51            4.3931
     944          31     2.3391348022997e-51            4.0492
     946           2     1.2593969822278e-51             4.264
     946           3     1.2593969822278e-51            4.2543
     946           9      1.491385753786e-51            4.2486
     947           8     1.3820478031317e-51            4.1812
     948          21     1.8193398435897e-51            3.9678
     949           1     1.1231672148602e-51            4.0292
     949           3     1.9373613560354e-51            3.9981
     949          10     3.2289355933924e-52            4.0644
     949          22     4.8434033900886e-52            4.3666
     950           4     2.4217016950443e-52            3.8823
     950          35     4.6885063584858e-51             4.156
     951           2     4.6166651689335e-52            4.1472
     951          10     7.2651050851329e-52            4.2706
     951          13     2.0461462623329e-51            4.2851
     951          24      9.666668748497e-52            4.3465
     951          29      9.666668748497e-52            3.6615
     952           4      1.216673514154e-51            4.0934
     952          11     2.7296326499044e-52            4.0376
     952          15     1.0405226062474e-51            4.2524
     952          19     2.3083325844668e-52              3.83
     952          20     1.1541662922334e-52            4.3431
     953           1     1.9236104870556e-53            3.8463
     953           3     1.9236104870556e-53            3.9635
     953           5     1.9236104870556e-53            4.1524
     953           6     1.9536328787261e-51            3.9423
     953          10     9.8138260150601e-52            4.1849
     953          14     8.8236787472471e-52            4.1777
     953          15     4.6552495278254e-52            3.9063
     953          16     4.6552495278254e-52            3.9174
     953          26     1.3648163249522e-51            4.2721
     954           3     7.7587492130424e-53            4.0822
     954           4     7.7587492130424e-53            4.0826
     954           7     3.2060174784261e-54            4.3147
     954           9     3.2060174784261e-54            4.1748
     954          11     3.2060174784261e-54            3.9539
     954          15     3.9963573909418e-52            4.3919
     954          17     4.6552495278254e-52             3.984
     954          23     4.7949431875213e-52            3.9989
     955           0     1.0686724928087e-54            4.0039
     955           4     1.0686724928087e-54             4.007
     955           5     1.0686724928087e-54            4.0311
     955          21     1.2931248688404e-53            3.9327
     955          23     1.2931248688404e-53            4.3693
     955          46     1.3858780580924e-51            4.3343
     957           0     1.3321191303139e-52            3.8897
     958           0     2.4694771696698e-52            4.0561
     958           1     1.3841684991791e-52            4.2045
     958           6     2.0328365967676e-52            3.8678
     959           6     8.2721446402186e-53            3.6887
     959          11     8.2721446402186e-53            3.7606
     959          15     1.0554295388116e-52            4.2526
     959          19     2.7683369983583e-52            4.2338
     960           2     4.9632867841312e-53            3.9251
     960           5     4.9632867841312e-53              4.03
     960           6     1.0582015562669e-52            4.3732
     960          12     3.3088578560875e-52            3.7594
     961           5     9.9265735682624e-53            4.2627
     961          12     3.0518189917449e-52            4.0743
     961          13     3.3088578560875e-52            3.9621
     962          13     9.4132200141672e-53            3.9639
     962          28     2.8767055733575e-53            3.9628
     962          29     3.5846907677151e-53            3.7752
     963           7     1.3507383796308e-52            4.3648
     963           8     1.6617795369763e-52            3.8276
     963          32     8.6301167200726e-53             4.348
     963          34     1.2737441711745e-52            4.2434
     964           2     9.1888401530996e-53             4.064
     964           5     5.7534111467151e-53            4.3886
     964           8     5.0843124236082e-53            4.2292
     964           9     4.3866440930919e-53            3.9959
     964          16     4.3150583600363e-53            4.3185
     964          21     1.1439702953119e-52            4.0496
     965          11      4.396628635194e-53            4.3259
     965          18     1.5602904918265e-52            3.7685
     966           1      8.793257270388e-54            4.1191
     966           2      8.793257270388e-54            3.8679
     966           8     5.2910077813344e-53            4.1914
     966          16     4.2244945612082e-53             4.129
     966          22     2.8767055733575e-53             4.231
     966          27      7.202775933445e-53            3.9761
     966          47      1.465542878398e-53             3.904
     967           1      5.103327408511e-53             3.935
     967           6     4.7908167897264e-53            3.8412
     967          11     3.9114910626876e-53            3.8743
     968           1     4.2244945612082e-53            3.9499
     968           3     3.9114910626876e-53            4.0569
     968          13     8.5055456808517e-54            4.1793
     968          17     8.5055456808517e-54            3.9588
     969           2     2.0627769361771e-53            4.2206
     969          30     5.6126001988579e-53            3.7677
     970          11     1.3038303542292e-53            4.0441
     970          15     4.1366396594985e-53            4.3412
     970          21     4.0407412269731e-54            4.3289
     971           2     2.0228946851856e-53            4.1383
     971          11     1.1986273222323e-54            3.9624
     971          12     5.8352162047598e-54            4.0974
     971          14     5.8352162047598e-54            3.8022
     971          16     9.4310981714567e-54            4.2088
     971          33     9.4965337951164e-53            4.2272
     972           4     7.9416096061842e-54            4.2719
     972           6     1.9450720682533e-54             4.351
     974           6     2.2476607613173e-54            3.8432
     974          11     2.2476607613173e-54            4.2581
     974          14     1.8566322454313e-53            3.8323
     974          23     3.4191876757329e-53            4.1688
     975          15     9.6863762373765e-55            4.1285
     976          17     1.8678766987242e-54             3.804
     977           0      6.954433578808e-54            4.0542
     977           3     8.5479691893323e-54            4.1747
     977           5      6.954433578808e-54            4.2126
     977           7     1.8678766987242e-54            3.9784
     977          10      6.954433578808e-54            4.1031
     977          17     2.8493230631108e-54            4.1537
     977          24     1.0196891446234e-54            4.2585
     978          12     1.4246615315554e-54            3.8223
     978          15     1.4246615315554e-54            3.8627
     978          37      6.954433578808e-54             4.371
     979           0     5.2206028300682e-54            4.1566
     979           1     5.2206028300682e-54            4.3948
     979           2     5.2206028300682e-54            3.7626
     979          17     6.6620391808539e-54            4.1932
     980           5     5.2206028300682e-54             3.961
     980           8     3.4281495603608e-54            3.9291
     980          18     2.2753877680426e-54            4.3049
     980          20     1.6613160904059e-54            4.3596
     980          21     1.6613160904059e-54            4.0478
     980          23     1.6613160904059e-54            4.0696
     980          33     5.9550836554104e-54            4.3346
     981          13     1.5981697629764e-54            3.9455
     981          16     1.5981697629764e-54             4.282
     981          17     1.5981697629764e-54            3.7814
     982           5     2.6636162716274e-55             4.391
     982           7      1.343667054169e-54            3.8074
     983           0     1.8763903084945e-54            4.3344
     983           8      1.343667054169e-54             4.053
     983           9     9.7420300851037e-55            4.3519
     983          14     2.5809486730435e-55            4.3825
     983          21     2.9226090255311e-54            3.7509
     983          22     1.8705828269614e-54            4.2894
     983          35     4.2200066678598e-54            4.1368
     984           0     2.0043576932581e-54            4.0859
     984           3     1.5981697629764e-54            4.0649
     984           7     2.0043576932581e-54            4.2338
     984          14     4.3015653988639e-54            4.2217
     984          15     4.3015653988639e-54            3.7588
     985           1     2.3181445262693e-55            3.8056
     985           3     2.3181445262693e-55            4.2892
     985          10     4.5314584715001e-54             3.876
     985          13      1.739935335846e-54            4.1793
     985          28     1.3348338542248e-54            3.9732
     985          39     8.0978361035231e-54            4.0708
     986          10     5.6643230893752e-55            4.1324
     987           1       5.23506405719e-55            4.2447
     987           3     2.8321615446876e-55            4.0396
     987           7       5.23506405719e-55             4.356
     987          11     1.8881076964584e-55            4.2196
     987          46     9.8326853157285e-54             3.979
     988           1     2.9132717185518e-55            4.2264
     988           2      4.720269241146e-55            3.6571
     988          12     1.8881076964584e-55            4.2814
     988          20     2.5728254636243e-54            3.8664
     988          27     2.7914697135007e-54            3.6781
     989          12     6.8064442012829e-56            4.0532
     989          13     6.8064442012829e-56            3.8211
     989          14     6.8064442012829e-56            3.9957
     989          21     4.4996389703671e-55             4.065
     989          23     4.4996389703671e-55            4.2524
     990           0     1.1344073668805e-56            3.7865
     990           1     1.1344073668805e-56            3.9136
     990           4     1.1344073668805e-56            4.2645
     990          32     2.8731462817974e-54            3.9523
     991           6     1.7023609743632e-54            4.3901
     992          27     1.3051995704831e-54            4.1694
     992          29     2.2303290551434e-54            4.3584
     993           3     6.5618212120819e-55            4.0427
     993           5     6.5618212120819e-55            3.8405
     994           9     6.3051563748086e-58            4.3687
     994          30     2.5018336842239e-54             4.057
     995           4      2.548399975897e-55            4.2129
     995           6     5.0967999517941e-55            3.8082
     995          15     8.0551272335799e-55            3.8527
     995          16     8.1730727952415e-55            4.1924
     996          19     1.4034035905853e-56            3.9139
     997           0     4.1679039758485e-55            4.1183
     997           2     3.9461258391311e-55            4.0375
     997           3     3.9461258391311e-55            4.3941
     998           0     2.3495498366803e-55            4.0042
     998           6     1.3153752797104e-55            3.8111
     998           9     1.3153752797104e-55            3.9681
     999           3     8.7691685314024e-56            4.2256
     999           4     4.3845842657012e-56            3.8005
     999           9     2.6307505594207e-55            4.1721
    1002           4     5.0356917076768e-56            4.2173
    1002           9     5.0356917076768e-56            4.3917
    1002          16     2.0000753662703e-55            3.9499
    1003           4     1.0071383415354e-55             4.397
    1003           9     8.3928195127946e-57            4.0878
    1003          17     1.6397950612579e-55            4.0582
    1003          28     3.0980020775897e-55            4.1412
    1004           9     2.7329917687632e-56            4.2502
    1004          16     2.7329917687632e-56            4.0655
    1004          32     3.2795901225159e-56            4.1237
    1004          33     3.2795901225159e-56            3.9255
    1005           3     2.7329917687632e-56            4.3105
    1006           4     8.3928195127946e-57            3.8863
    1007           0     3.3587618449921e-55            3.5542
    1007          14     2.7976065042649e-57            4.2903
    1007          16     2.7976065042649e-57             4.291
    1007          17     2.7976065042649e-57            3.9827
    1008           0     1.1936822798737e-56            4.3705
    1008           9     8.9123728867761e-56            3.3975
    1009           4     8.3969046124802e-56            4.2815
    1010           3     1.1198688986153e-55             4.055
    1010           4     1.1198688986153e-55            4.1324
    1010           8     3.5682308510717e-55            3.7579
    1010          21     9.7184782541068e-56            4.3438
    1011           1     5.5993444930767e-56            4.2413
    1011          12     3.9470714559264e-56            4.2358
    1011          13     3.9470714559264e-56            4.2458
    1011          15     3.9470714559264e-56            4.2819
    1011          28     2.2922271520622e-55            3.6657
    1011          32     3.9191187197267e-56            4.0175
    1012          11      2.091716724026e-55              4.01
    1012          14     3.9470714559264e-56            3.9611
    1012          27     9.7977967993168e-57            4.3891
    1012          28     1.8664481643589e-56            3.9357
    1012          29     9.3322408217945e-57            4.2568
    1012          35     7.8157216896456e-56            4.3537
    1013           0     1.6329661332195e-57            4.0347
    1013           5     1.6329661332195e-57            4.2292
    1014           5     7.4338142730661e-57            4.3856
    1014          10     2.7816577006957e-56            3.8045
    1014          11     3.9191187197267e-56            3.9644
    1014          35     7.8732539657155e-56            3.7146
    1014          36     3.9646375555117e-55            4.2946
    1015          37      4.123382618143e-55            4.2213
    1016           0     1.1822676320984e-56            4.1905
    1016          12     1.7542539804117e-56            4.3261
    1016          16     1.2153813131344e-56             4.274
    1017           2     5.9113381604922e-57            4.2793
    1017           3     4.0512710437812e-57            4.2208
    1017           4     5.9113381604922e-57            4.2076
    1017          11     4.1905965186923e-56            4.1133
    1017          15     1.4618783170098e-57             4.081
    1017          18     1.1822676320984e-56            3.9821
    1017          21     6.0769065656718e-57            4.2628
    1017          40     2.3073440531476e-55            4.3453
    1018           5      6.752118406302e-58            4.1004
    1018          15     6.5551317828891e-56             4.031
    1018          27     1.3968655062308e-56            4.2648
    1019           9     5.7561871571687e-57            4.2773
    1019          26     5.0716661240994e-56            4.3072
    1020           1      2.143799665933e-57             4.099
    1020           5      2.143799665933e-57            4.0738
    1020           9     4.6608609523434e-56            4.3914
    1020          11     2.3897710304223e-56            4.2114
    1020          12     7.3452291261935e-57            4.2234
    1020          16     7.3452291261935e-57            4.1892
    1021           2     2.9858576697528e-56            4.1329
    1021           4     2.9858576697528e-56            4.1732
    1021          25     4.7662152344091e-56            4.1432
    1021          27      6.542463359316e-56            4.0583
    1021          29     4.3787038160889e-56            4.2755
    1022           4     9.6307687024172e-58            4.3619
    1022          13     7.3659374924465e-57            4.0434
    1022          18     2.9495408607407e-56            3.7252
    1022          30     9.9528588991759e-57            3.9519
    1022          31     9.9528588991759e-57            4.1699
    1022          35     9.9528588991759e-57            4.0246
    1022          40     1.7697245164444e-55            4.1863
    1023           5     9.7304529246421e-57            3.8816
    1023          16     3.5558195959401e-57            4.2964
    1023          21     2.3691256151851e-56            4.0277
    1023          26     6.9186250576912e-57            4.0828
    1023          30     9.8318028691357e-57            3.9896
    1023          32     1.0535728820009e-56            4.2389
    1024          17     5.8990817214814e-57            4.3474
    1025           4      3.243484308214e-58            4.1437
    1025          19     4.7382512303703e-57            4.3122
    1025          22     4.7382512303703e-57            4.0335
    1025          25     1.0363943718556e-56            4.3737
    1026           0      2.490969376946e-57            4.3867
    1026           1      2.490969376946e-57            3.8903
    1026           5      2.490969376946e-57            4.1042
    1026          19      3.243484308214e-57            4.2994
    1026          35     2.1330608559386e-56            4.3821
    1027           9      1.336685249073e-57            3.6599
    1027          29     4.9127355708057e-58            3.7872
    1027          36     1.1845628075926e-56            4.2105
    1028           3     3.4116219241706e-59            4.3819
    1028          10     2.4522589940542e-57            4.3588
    1028          14     5.9168548063601e-57            4.1083
    1028          18     2.0469731545024e-58            4.1745
    1029           4     2.4522589940542e-57            4.1937
    1029           8     1.1030917915014e-57            4.0439
    1029           9     1.1030917915014e-57            4.2803
    1029          14     1.1028116949811e-58            4.2137
    1029          18     3.2751570472038e-57             4.233
    1030           1     9.3575100657308e-58            3.9835
    1030          15     3.2751570472038e-57             4.265
    1031           4     1.0000271076821e-57            3.9033
    1031          23     2.2546546890368e-57            3.7991
    1031          26     2.1288607817592e-57            3.8987
    1032           1     7.5155156301226e-58            4.1785
    1032           4     6.6993508332425e-58            4.0118
    1032          11     7.7979250547757e-58            4.0668
    1032          14     2.2546546890368e-57            3.9839
    1032          18     1.3398701666485e-57            4.2901
    1033           0     1.3957701185689e-57            4.3851
    1033           3     2.1473216815812e-57            4.1697
    1033           6     2.1775294250003e-57            3.9004
    1033           9     1.5595850109551e-57            4.3713
    1033          14      4.104439160227e-58            4.2604
    1033          40     4.0001084307284e-57            3.7844
    1034           1     2.7362927734847e-58            3.7829
    1035           4     1.2351419980662e-58            4.1879
    1035           5     1.2351419980662e-58            4.0367
    1035          29     3.2206900230715e-57            4.2075
    1036           0      2.058569996777e-59            4.2862
    1036           3      2.058569996777e-59            4.2372
    1036          17     9.8811359845297e-58            4.1608
    1036          29     1.2351419980662e-58            3.8792
    1036          30     1.1660131641268e-57            3.9454
    1037           5     3.4309499946284e-60            4.2015
    1037          19     2.1901523137338e-58            4.3736
    1038           2     4.2095018392405e-58            3.9827
    1038          15     8.5706730490553e-59            3.9433
    1039           7     2.6435608604369e-58            4.0543
    1039          18     3.6564384376751e-58             4.205
    1039          39     6.5181568160722e-58            4.3886
    1040           1      8.557807108511e-60            4.3606
    1040           2      8.557807108511e-60            3.9388
    1040           3      8.557807108511e-60             4.253
    1040           4      8.557807108511e-60            4.3259
    1040          31     1.7521218509871e-58            3.9374
    1041          11     1.4263011847518e-60            4.1078
    1041          13     9.5461535913494e-59             3.947
    1041          19     1.5790157832028e-58            4.2762
    1041          40     1.3679409327127e-58            4.1843
    1042           3     1.5910255985582e-59            4.2649
    1042          58     2.2799015545212e-59             4.319
    1043           4     1.0364912968375e-58            4.3359
    1043           9     1.5910255985582e-59            3.9707
    1043          11     1.5910255985582e-59            4.1824
    1043          14      8.125418750389e-59            3.9582
    1043          21     1.0036462739684e-58            4.0614
    1043          40     2.1901523137338e-58            4.1441
    1043          47     8.7606092549353e-59            3.9456
    1044           0     1.2903090510265e-59             4.086
    1044           2     1.2903090510265e-59            3.8024
    1044           5     1.2903090510265e-59            4.3467
    1044           9     1.9468020566523e-59            4.3889
    1044          12     2.9202030849784e-59            4.2947
    1044          14     1.4601015424892e-59            3.9973
    1044          31     4.9184900860456e-59            3.8375
    1045           9     2.1505150850441e-60            3.8702
    1045          14     5.2633859440094e-59             4.002
    1045          36     1.5182842235493e-58            3.7542
    1046          30     2.2799015545212e-59             4.317
    1046          40     1.3819883957833e-58            4.2052
    1047           6     5.4652947888056e-60            3.8754
    1047          10     5.4652947888056e-60             4.297
    1047          11     5.4652947888056e-60            3.7964
    1047          12     2.7251255074889e-59            4.0981
    1047          18     5.4502510149777e-59            4.1649
    1047          25     3.5309399766293e-59            4.3624
    1048           3     5.4818162408855e-59            4.3392
    1048           4     3.0651324182661e-59              4.14
    1049           0     5.1085540304435e-60            4.0558
    1049           4     5.1085540304435e-60            4.3726
    1049           7     3.2791768732833e-59            4.3319
    1049          14     1.1058087497764e-59             4.027
    1050           5     5.5290437488821e-60             3.719
    1050           7     1.3078869735746e-59            4.3237
    1050          20     2.7169312981893e-59            4.1786
    1051           0     1.4927053938235e-59            3.9566
    1051           2     9.8184999077916e-60            4.1081
    1051           7     5.9263908176527e-60            4.1805
    1051           9     5.9263908176527e-60            4.2493
    1051          10     5.9263908176527e-60            3.9871
    1051          16     1.3370112344989e-59            3.9336
    1051          17     1.2914492274927e-59            4.2359
    1052           2     9.8184999077916e-60            3.7148
    1052           6     1.6364166512986e-60            3.9011
    1052          35      5.706870968847e-59            4.2985
    1053           0     3.2728333025972e-60            3.9967
    1053           4     2.9703651449507e-60            4.0332
    1053          10     3.2728333025972e-60            4.1619
    1053          22     3.5393755778331e-60            4.3771
    1054           0     1.5361039978276e-24            4.3219
    1054           3     2.9101514782321e-24            4.3353
    1054           4     1.4550757391161e-24            4.1863
    1054           5     1.5361039978276e-24            4.0647
    1054           6     3.3389791132053e-30            3.9141
    1054          14     1.0325146566336e-23             4.056
    1054          17     1.0325146566336e-23            3.9813
    1054          20     2.3038501088619e-07             4.119
    1054          25     2.8750235457793e-07            4.3143
    1054          27     4.3556630364539e-07            4.3827
    1054          29     1.4738485196051e-07            4.3237
    1055           0     2.7861800377069e-07            3.8176
    1055           5     2.7861800377069e-07            4.2948
    1055          12     1.3075074843924e-07            4.0327
    1055          29     4.0333434659452e-07            4.0659
    1055          38     1.7235308619028e-06            4.2773
    1056           5     2.7861800377069e-07            4.1082
    1056          16     1.5259360184405e-07             4.254
    1056          23     1.3444478219817e-07            3.8393
    1056          35     1.6084919204892e-06            4.3135
    1057          21     5.3817931994576e-07            4.1669
    1057          27     8.9629854798783e-08            3.8428
    1057          30      1.030913681205e-06            4.0854
    1058           1     1.3644291132458e-07            4.1706
    1058           3     1.0763586398915e-07            4.0485
    1058           9     1.1490205746019e-07             4.113
    1058          18     3.5878621329718e-07            4.0418
    1058          28     9.9511525918133e-07            4.1613
    1058          40     8.7551232993988e-07             3.996
    1058          45     6.9111743047684e-07            4.1559
    1059          12      6.859024356318e-07            3.8253
    1059          16      6.859024356318e-07            3.9936
    1059          17      6.859024356318e-07            4.0704
    1059          21     3.6185135960081e-07             3.747
    1059          22     3.6185135960081e-07            3.9853
    1060           3     2.8725514365047e-07            4.3753
    1060           7     2.0431967505688e-07            4.3165
    1060          32     1.3339167243113e-06            4.1369
    1060          35     1.3096732882307e-06            4.3436
    1061           7     1.8092567980041e-07            4.2163
    1061           9     1.8092567980041e-07            3.7825
    1061          15     6.6422467964596e-07            3.8402
    1061          16     6.4274304866155e-07            3.9881
    1061          21     5.2111269022831e-07            4.0585
    1062           2     8.6852115038051e-08            3.8684
    1063           2     8.6852115038051e-08            4.0105
    1063           3     3.8803695841522e-08            4.1148
    1063          27     5.1039093823697e-07            4.0796
    1063          31     6.6422467964596e-07             4.353
    1064           0     6.4672826402537e-09            3.8135
    1064           4     6.4672826402537e-09             4.044
    1064           6     1.6605616991149e-07            3.8757
    1064          16      4.825117502114e-09            4.3918
    1064          32     2.6844155398283e-07              4.08
    1064          52     1.5399214650455e-07            3.9481
    1065           0     2.1557608800846e-09            3.6126
    1065           1     2.1557608800846e-09            3.7555
    1065           4     2.1557608800846e-09            4.3844
    1065           8     1.1070411327433e-07            3.5624
    1065          10     5.5352056637163e-08            4.3048
    1065          11     6.0177174139277e-08            4.3784
    1065          16     7.8365207773829e-08            4.2762
    1065          24     3.7801150725066e-07            3.6383
    1066          16     5.0694438792028e-07            3.8613
    1066          18     2.3192320379764e-07            4.1991
    1066          19     1.2610713733409e-07              4.01
    1067           1     1.2610713733409e-07            3.8664
    1067           5     6.5568869476391e-08            4.3746
    1067          27     3.2784434738196e-07            4.2277
    1068           2     1.7040213406557e-07            4.3503
    1068           7     1.1320300497053e-08            4.1482
    1068           8     1.1320300497053e-08            3.9658
    1068          10     1.1320300497053e-08            3.6773
    1068          11     1.1320300497053e-08            4.0666
    1068          15     2.2640600994106e-08             3.906
    1069           0     1.8867167495089e-09            3.8341
    1069          11     6.5568869476391e-09            4.3863
    1070           7     3.7140760273676e-08            4.0227
    1070          10     3.7140760273676e-08            4.2285
    1070          14     2.8300751242633e-09            4.1772
    1070          15     2.8300751242633e-09            3.9628
    1070          17     1.8867167495089e-09            4.1952
    1072           7     4.1267511415195e-09            3.8747
    1073           2     8.4143881822866e-08            4.1389
    1073          12     1.9863092510682e-07            4.3076
    1073          21     7.7608380112474e-07            4.0766
    1074           1     1.3662484276573e-08             4.397
    1074           3     1.3662484276573e-08            4.2132
    1074           5     1.3662484276573e-08            3.8654
    1074           7     2.7324968553147e-08            3.7521
    1074           9     2.7324968553147e-08            4.3131
    1075           2     2.2770807127622e-09            3.8273
    1075           3     2.2770807127622e-09            4.0326
    1075           5     2.2770807127622e-09            4.0918
    1075          10     1.1203276579005e-08            4.2489
    1075          15     1.3443931894807e-08            3.8586
    1076           3     2.9383496884142e-08            4.2525
    1077           1      1.552302454038e-07            4.3769
    1081           3      5.738853715771e-08            4.2936
    1081           4      5.738853715771e-08            3.8868
    1081           5      5.738853715771e-08            4.0796
    1081          10     1.3193812680637e-09            3.7054
    1082           1     1.1339098652444e-08            4.2979
    1082           3     1.1339098652444e-08            4.1692
    1082           5     1.1339098652444e-08            3.8012
    1082          13      5.738853715771e-08            4.1267
    1083           0     3.3728171562793e-08            4.0996
    1083           2     3.3728171562793e-08            4.1509
    1087          18     4.2446793346683e-08            4.1115
    1087          44     1.9290196748352e-07            3.7675
    1088           0     3.5372327788903e-09            4.3365
    1088           3     3.5372327788903e-09             4.366
    1088           8     1.0249120121694e-07            4.3962
    1088          11     5.1245600608469e-08            4.3016
    1088          14     6.8436194764844e-08             3.985
    1088          20     6.7938090140682e-08            3.8408
    1088          22      4.671469346734e-08            4.0416
    1088          40     4.3314897217542e-07            4.1538
    1091           5     9.3405760742478e-09            3.6876
    1091          25     1.0375494297128e-09            4.0086
    1091          33     2.9881423575728e-08            4.3944
    1092          11     2.5938735742819e-10            4.3057
    1092          12     1.3709241182596e-07            4.1915
    1092          16     8.5419819019429e-08            4.2622
    1092          17     8.5419819019429e-08            3.6789
    1092          23      2.951231200308e-07            3.9713
    1092          30     5.0118899868793e-08            4.0692
    1092          36     5.6186923898493e-07            4.2004
    1093           7     1.4236636503238e-08            3.9151
    1093           8     1.4236636503238e-08             4.226
    1093          10     1.4236636503238e-08            3.9456
    1093          14     1.4410408746011e-11            4.3973
    1093          25     1.1035654933282e-07            3.8842
    1093          27     2.8529283725331e-07            4.3937
    1093          37      1.627093792693e-06            4.2943
    1094          26     1.4340391446209e-08            4.1361
    1095           2     4.7593790641049e-08            3.7952
    1095          24     6.8194274849733e-08            3.9219
    1096           1     1.7243052125683e-08            3.8078
    1096           3     1.7243052125683e-08            4.3406
    1096           4     1.7243052125683e-08            3.8831
    1096           7     2.0243039525721e-08            4.0999
    1096           8     2.0243039525721e-08            4.1898
    1096           9     2.0243039525721e-08            4.2537
    1097           0     1.2291015891521e-08             4.188
    1097           3     1.7243052125683e-08            3.8191
    1097           7     2.8738420209472e-09            3.9991
    1097           8     2.8738420209472e-09            3.9531
    1097          12     1.3559114939108e-08             4.286
    1097          14     1.3559114939108e-08            4.0345
    1097          15     1.3559114939108e-08            4.1532
    1097          16     1.3559114939108e-08            4.3768
    1097          17     1.3559114939108e-08            3.9334
    1098           1     4.5197049797028e-08            4.2045
    1098          29     2.4874684032447e-07             4.006
    1098          34     1.1945002863647e-07            4.2276
    1098          42     7.1390685961574e-08            4.3263
    1099           6     3.5768359154188e-08              3.99
    1099          15     1.4495896612021e-07            4.3835
    1099          16     1.7149555613199e-07            4.0867
    1100          41     2.7118229878217e-07            4.1242
    1101           7     1.9033028918934e-07             4.344
    1101          16     8.0510023992461e-08            4.1267
    1102           1     2.1441544512939e-09            4.3717
    1102           2     2.1441544512939e-09            4.3615
    1102           4     2.1441544512939e-09             3.957
    1102           6     1.3972976114394e-07            4.2152
    1102          24     6.3443429729781e-08            4.1703
    1103           3     4.9484062702574e-08             4.132
    1103           4     4.9484062702574e-08            3.7438
    1103           5     4.9484062702574e-08            3.9465
    1103           6     3.3852516630503e-08            3.7303
    1103           7     3.3852516630503e-08            3.8828
    1103           8     3.3852516630503e-08             4.103
    1103          15     7.1471815043131e-10            3.8196
    1103          16     7.1471815043131e-10            4.1724
    1103          17     7.1471815043131e-10            3.9042
    1103          19     9.2661757707242e-08            4.2146
    1104           1     1.6494687567525e-08            4.1298
    1104           2     1.6494687567525e-08             4.171
    1104           5     1.6494687567525e-08            3.5202
    1104           9     5.6420861050838e-09            3.9483
    1104          10     5.6420861050838e-09            4.0415
    1104          12     6.3731618791673e-08            4.2439
    1104          13     6.3731618791673e-08            3.8239
    1104          18      1.544362628454e-08            4.0358
    1104          22      1.544362628454e-08            3.8858
    1105          12     5.1478754281801e-09            4.1434
    1105          13     5.1478754281801e-09            4.3197
    1105          16     6.3568042555151e-09            3.9885
    1105          20     7.8526103642419e-08            3.9058
    1106           1     4.7165963039854e-08            4.3125
    1106           4     5.7461713896214e-08            3.9715
    1107           5     2.6988138622335e-08            4.0083
    1107          26     1.4237214377581e-07            4.3817
    1108           7     2.6988138622335e-08            4.1566
    1108          13     2.6791334715522e-08            3.6628
    1108          17     2.6791334715522e-08            4.2283
    1109           0     1.3325075352382e-08            4.3698
    1109           1     1.3325075352382e-08            4.3057
    1109           4     1.3325075352382e-08            4.2509
    1110           3     1.1546409033373e-08            4.1768
    1110          11     1.3325075352382e-08            4.3828
    1110          29     2.6756063039583e-07            3.9191
    1111           1     1.9244015055622e-09            3.9314
    1111           4     1.9244015055622e-09            4.3053
    1111           5     1.9244015055622e-09            4.1443
    1111           7     2.2208458920637e-09            3.9751
    1111           9     2.2208458920637e-09            4.0888
    1111          11     2.2208458920637e-09            3.9722
    1111          25     5.8570009035497e-08            4.1594
    1112          14      9.622007527811e-10            4.2736
    1112          15      9.622007527811e-10            4.3846
    1112          17      9.622007527811e-10            3.9869
    1113          22     4.2924030147848e-08            4.0204
    1114           1     2.7115744923841e-10              4.16
    1114           3     2.7115744923841e-10            3.7414
    1114           4     2.7115744923841e-10            4.1984
    1114           9     5.2518927139242e-08            4.1022
    1114          12     1.5856028037148e-08            4.1821
    1114          14     1.7482972732578e-08            4.0637
    1114          15     1.5856028037148e-08            3.7596
    1114          45     8.7214289975471e-08            4.1588
    1115           9     6.5648658924053e-09            3.8428
    1116           4     2.6863628699382e-09            3.9928
    1116          22     1.6118177219629e-08            4.3421
    1116          31     6.0413280820164e-08            4.2446
    1116          36     2.4149520368604e-07            4.1284
    1117          17     1.4650247246593e-09            4.2692
    1117          18      3.986826545129e-08            4.3686
    1119          23     4.3020021615148e-08             4.052
    1119          27     2.1510010807574e-08            3.9832
    1119          29     2.6475960306808e-08            4.2604
    1120           7     1.1979073349678e-08            3.9961
    1120           9     1.1979073349678e-08            3.8004
    1120          11     1.1979073349678e-08            4.1561
    1121           1     1.1862474006436e-08            3.7845
    1121           4      5.931237003218e-09            4.3894
    1121           7     1.9965122249464e-09            4.1945
    1121           9     1.9965122249464e-09            4.0742
    1121          12     8.8968555048269e-09            4.0899
    1121          13     5.3775027018935e-09            3.7989
    1121          29      4.377749513479e-08            3.8931
    1122           0     6.6550407498214e-10            4.2624
    1122           1     6.6550407498214e-10             4.124
    1122          54     5.1328243586723e-10            4.3861
    1123           1     2.2183469166071e-10            4.3098
    1123           2     2.2183469166071e-10            4.0733
    1123           3     2.2183469166071e-10            4.1668
    1123           4     2.2183469166071e-10            3.9308
    1123           5     2.2183469166071e-10            3.7848
    1123          20     1.3926013073491e-08            3.9402
    1124           1     7.3944897220238e-11            4.1927
    1124           2     7.3944897220238e-11            3.8757
    1124           3     7.3944897220238e-11            4.3062
    1124           4     7.3944897220238e-11            3.9792
    1124           5     7.3944897220238e-11            3.9144
    1124          15      6.088897307388e-08            4.1925
    1125           0     1.0972068526185e-08            3.8635
    1125          18     2.4648299073413e-11             4.009
    1125          23     2.4648299073413e-11            4.0208
    1126           0     3.6573561753951e-09            4.0377
    1126           1     3.6573561753951e-09            4.0153
    1126           3     3.6573561753951e-09            4.0878
    1126           5     3.6573561753951e-09            3.8965
    1126          22     1.8096731770737e-08            3.8885
    1127           0      3.797126743911e-09            4.1488
    1127           1      3.797126743911e-09            4.3614
    1127          10     1.8286780876975e-09            4.3189
    1127          12     3.6573561753951e-09            4.0904
    1127          39     8.1299031360014e-08            4.3414
    1128           2     6.1330301093839e-09            3.8188
    1128           8     4.8759624450986e-09             4.014
    1129           1     2.0443433697946e-09            4.2582
    1129           5     1.0221716848973e-09            4.3597
    1129           8      9.930156853295e-09            4.2215
    1129          10     6.5106569248037e-09            4.1611
    1129          11     6.5106569248037e-09            3.8273
    1129          13     8.1266040751644e-10            3.7591
    1129          16     8.1266040751644e-10            3.8742
    1129          27     2.2160163150781e-08            4.3897
    1130           0      1.820473407524e-08            4.1216
    1130           6     1.2643687034188e-08            4.1082
    1130           7      3.460228169669e-09            3.7458
    1130          27     1.3544340125274e-10            4.3641
    1131           5     8.5180973741444e-10            3.8798
    1131           6     8.4912563042501e-09            4.3122
    1131           8      8.319140366392e-09            4.3928
    1131          16     6.5106569248037e-09            4.3065
    1131          19     3.1013055705888e-09             4.349
    1131          47      5.847038575218e-09            4.2958
    1132           4     2.8393657913815e-10            4.2202
    1132          19      4.245628152125e-09            3.8619
    1132          21     6.5106569248037e-09            4.0133
    1133           0     1.1116542098248e-10             4.228
    1133           1     1.1116542098248e-10             4.198
    1133           2     1.1116542098248e-10             4.104
    1133          13     4.7235770346917e-09            4.3757
    1133          38     3.3065831157579e-08             4.306
    1134           8       1.55434874353e-09            3.9096
    1134          11       1.55434874353e-09            3.7632
    1134          19      4.245628152125e-09            4.1286
    1135           1     3.4098737354747e-10            4.1761
    1135           3     3.4098737354747e-10            4.0474
    1135          14     6.8197474709494e-10            4.2434
    1135          48     2.0710994749446e-06            4.1407
    1136           0     5.6831228924578e-11            4.0983
    1136           4     5.6831228924578e-11            4.1509
    1136           5     5.6831228924578e-11            4.2993
    1136           7     1.3639494941899e-10            4.1984
    1136          16     4.9100629206984e-09            4.3789
    1137           0     2.8742911182689e-10            4.3725
    1137           4     1.7376665397773e-10            4.2236
    1137           5     1.7376665397773e-10            4.2752
    1137          10     1.4123272959559e-09            3.9096
    1137          17     1.6366876402328e-09            3.9783
    1138           1     4.4654792734987e-10             4.228
    1138           4     2.7278127337214e-10            3.6318
    1138           7     2.7278127337214e-10            3.6714
    1138          10     2.7278127337214e-10            3.7913
    1138          27     1.7275767051884e-08            4.0485
    1139           0     1.3639063668607e-10            3.9129
    1139           1     1.3639063668607e-10            3.8584
    1139           3     2.7278127337214e-10             3.887
    1139           5     2.7278127337214e-10            3.8085
    1139          13     9.0927091124045e-11            4.0363
    1139          15     9.0927091124045e-11             4.167
    1139          16     9.0927091124045e-11            3.9276
    1139          23     1.2546996608829e-08            4.2584
    1139          25      2.168206252311e-08             3.916
    1140          33     3.1945888699447e-08            4.2166
    1141           2     1.9597458540258e-09            3.5342
    1141           6     5.4388319852452e-10            3.9622
    1141           7     5.4388319852452e-10            4.2915
    1141           9     5.4388319852452e-10            4.2875
    1141          12     1.6316495955736e-09            3.5432
    1141          17     8.1582479778678e-10            3.8813
    1142           0     2.7076508281928e-09            3.9487
    1142           6      1.087766397049e-09            3.8886
    1142           7     7.3724842683097e-10            4.2671
    1143           8     4.3275352593365e-10            4.1208
    1143           9     8.2160461458236e-10            4.3236
    1143          10     4.3275352593365e-10            4.0962
    1143          11     4.3275352593365e-10            4.3147
    1144           1     2.1637676296683e-10            4.1998
    1144           2     1.0818838148341e-10            4.1115
    1144           3     1.0818838148341e-10            4.1631
    1144           5     1.2020931275935e-10            3.9937
    1144          14      3.471599249305e-09            3.9163
    1145           4     5.7859987488417e-10            4.1392
    1145           6     5.5293632012323e-10            4.0552
    1145          19     1.7739147761176e-08            4.1734
    1145          46     3.5918085620644e-09            3.9326
    1146           0     1.4585043033871e-09            3.9088
    1146           1     1.4585043033871e-09            3.6008
    1146           3     1.4585043033871e-09            3.9641
    1146           4     1.4585043033871e-09            4.1028
    1146           5     1.4585043033871e-09            4.1641
    1146           6     1.6552747441265e-09             3.999
    1147           0      1.756179564665e-09            4.1982
    1147          16     4.7690537916401e-09            4.2396
    1147          18     4.9658242323796e-09            4.2468
    1148           0     1.2401401883428e-09             3.868
    1148          38     9.0928193903238e-09            3.6813
    1149           2     3.4448338565078e-10            4.1327
    1149           4     3.4448338565078e-10            4.1242
    1149           9     1.9513106274055e-10            3.9229
    1149          30     3.2049373016438e-09            3.5355
    1149          31     2.9739742017744e-09            4.2252
    1150           1     9.7565531370277e-11            4.1437
    1150           8     5.9479484035487e-10            4.0867
    1150           9     5.9479484035487e-10            4.3636
    1150          13     1.3008737516037e-10            4.2699
    1150          45     4.1749152898159e-09             3.898
    1151           7     7.4497626887145e-10            4.3594
    1151          45     5.8721545590336e-09            4.3691
    1152           0     1.2416271147858e-10            4.0639
    1152           3     1.2416271147858e-10            4.0404
    1152          12      2.395561067661e-10            4.0327
    1152          17      2.395561067661e-10            4.1687
    1152          33     1.2139356286076e-08            3.7694
    1153          11     2.3301691715869e-10            4.3538
    1155           1     4.4942694421324e-10            4.0693
    1155           2     4.4942694421324e-10            4.1208
    1155           4     4.4942694421324e-10            4.2345
    1156          17     9.9466822694424e-10             4.103
    1156          23     3.7967931502846e-10            4.3631
    1157           0     1.0681157857161e-09            4.3227
    1157           2     7.0029315126807e-10            3.9901
    1157           3     5.9726187845666e-10            3.8326
    1157           4     5.3405789285806e-10            4.0856
    1157           7     2.6702894642903e-10            4.0745
    1157          31     8.5125880835097e-10            4.3216
    1158           6     7.0029315126807e-10            4.3451
    1158          12     9.4186724028702e-10            4.1614
    1158          15     9.4186724028702e-10            4.1381
    1158          17     5.3405789285806e-10             3.914
    1159           1     8.9009648809676e-11            4.0301
    1159           2     8.9009648809676e-11            4.0193
    1159           5     8.9009648809676e-11            3.5546
    1161           1     5.7008864173488e-10            4.2609
    1161          27     3.4910094255621e-09            4.3052
    1164           0     1.9735072864143e-10            4.0395
    1164           5     1.9735072864143e-10            4.3041
    1164          22     7.2392564636054e-10            4.2482
    1165           0      3.629377181943e-10            3.9449
    1165           3      3.629377181943e-10            3.9893
    1165           5      3.629377181943e-10            4.0742
    1165           9     4.3988321121519e-13            3.6384
    1165          10     4.3988321121519e-13            4.3066
    1165          25     9.1231619385052e-10            3.8668
    1165          26     7.2392564636054e-10             4.059
    1165          40     1.8468791376701e-09            4.1787
    1166           1     7.3313868535865e-14            4.2092
    1166           4     7.3313868535865e-14             3.918
    1166           9     6.1061315224544e-10            4.2209
    1166          16     1.8146885909715e-10            4.2134
    1167           8     1.2593287292801e-10             4.196
    1167          11     1.2593287292801e-10            4.2014
    1167          24     5.0884429353787e-10            4.0248
    1167          32       1.84768650853e-09            4.1858
    1167          33     1.3357332515703e-09            3.7656
    1168           1     2.0353771741515e-11            4.1787
    1168           8      8.822528009323e-11            4.0261
    1169           0      7.436966887423e-11            4.2174
    1169           2      7.436966887423e-11            3.8212
    1169           3      7.436966887423e-11             3.915
    1169           4      7.436966887423e-11            4.2701
    1169          16     4.4112640046615e-11            4.1555
    1170           1     1.8592417218557e-11            4.2851
    1170           3     1.8592417218557e-11            4.3245
    1170           4     1.4704213348872e-11            3.8523
    1170           6     1.4704213348872e-11            4.1623
    1170           9       4.03264131327e-11            3.8713
    1170          10     1.4704213348872e-11            4.2623
    1171           0     4.9014044496239e-12            4.1658
    1171           1     4.9014044496239e-12            4.3759
    1171           3     9.2962086092787e-12            4.1032
    1171           4     4.6481043046394e-12            4.3829
    1171           5     4.6481043046394e-12            4.1887
    1171          17     4.6930557860818e-10               3.9
    1173           0     4.9456824089835e-10            4.2524
    1173           1     4.9456824089835e-10            3.9799
    1173           2     4.9456824089835e-10            4.2485
    1173           3     4.9538514163996e-10            4.0356
    1173          20     2.9674094453901e-09             4.348
    1174           3     8.2428040149726e-11            3.6226
    1174           5     8.2428040149726e-11             3.831
    1174           7      2.522424963699e-08            4.2209
    1174          32     3.1241976508143e-09            3.9103
    1174          34     3.9857273817916e-09            4.1799
    1178           0      1.681616642466e-09            4.1039
    1179          10     1.8026726392838e-09            4.2021
    1180           2     1.2757587985553e-09            3.8831
    1182           6     4.7459776286331e-10            4.1735
    1182          14     3.5594832214748e-10            4.3338
    1183           1      9.678581338194e-11            4.1928
    1183           2      9.678581338194e-11            4.2681
    1183           3      9.678581338194e-11            3.8734
    1183           5      9.678581338194e-11             4.018
    1183           9     7.9099627143885e-11            4.0539
    1183          16     1.0321910621283e-09            4.1923
    1184           9     6.4529318557475e-10            4.2218
    1184          11      1.206454187851e-09            4.3192
    1184          12     4.2403245384286e-10            4.0495
    1184          17     4.2403245384286e-10            4.0102
    1185           4     1.6771069366225e-10            4.2793
    1185          14     1.0655318603968e-09            3.9338
    1185          21     3.5430360988606e-10            4.0991
    1185          26     2.0643821242566e-09            4.2525
    1186           1     7.1189664429497e-10            4.0126
    1187          20     4.3007960922011e-10            4.1898
    1187          23     4.3007960922011e-10            4.1738
    1188           7     1.0924908712284e-10            3.9655
    1188          24     6.7002862311841e-10            4.2477
    1188          25     6.2375444916465e-10            4.3516
    1189          24     5.9355081657383e-10            4.2698
    1190          13     3.7103949947835e-10            4.1972
    1190          31     1.6945523900136e-09            4.1286
    1192          11     6.4511941383017e-11            4.1817
    1192          17     3.8946240915425e-10            4.2519
    1192          34     6.7825219480091e-10            4.3697
    1193           9     2.2323241746745e-10             4.347
    1193          17     1.2982080305142e-10            3.7154
    1193          21     8.6277211230177e-10            4.3368
    1193          23     5.7553817579724e-10            4.1358
    1194           1     8.1063190362038e-11            3.9701
    1194           7     3.3947798190763e-12            3.8846
    1195           0     1.2324524095715e-10            3.9748
    1196           0     4.7871306623869e-11            3.9785
    1196           1     2.6027640236266e-11              4.25
    1196           2     2.6027640236266e-11            3.7044
    1196          18     1.6212638072408e-11            4.3944
    1196          23     1.6212638072408e-11            4.2621
    1197           0     1.1967826655967e-11            3.8379
    1197           2     1.1967826655967e-11            4.1723
    1197           4     1.6212638072408e-11            4.0863
    1199           2     1.3789780014421e-10            4.3959
    1199           5     1.3789780014421e-10            4.2155
    1199          22     1.5948979568641e-10            4.2948
    1199          23     1.5948979568641e-10             4.361
    1199          33      1.505411216965e-09            3.8617
    1200          11     2.2982966690701e-11            4.3704
    1201           6     1.3789780014421e-10            4.3014
    1201          24     2.0281901307385e-10            4.2208
    1202           8     2.5114813076098e-10            4.3161
    1202          11     2.5114813076098e-10             4.188
    1202          43     1.4261870496546e-10            4.2367
    1202          45     1.4261870496546e-10            4.1838
    1202          47     1.4261870496546e-10            4.2701
    1203           3     4.1858021793496e-11            4.3288
    1203           4     4.1858021793496e-11            3.8461
    1203           7      4.753956832182e-11                 4
    1203           8      4.753956832182e-11            3.8959
    1203          11      4.753956832182e-11            4.0034
    1203          16     5.0704753268462e-11            3.7447
    1204           0     1.1728635767511e-10            3.7602
    1204           1     9.9788445426398e-11            3.9699
    1204           2     9.9788445426398e-11            4.1166
    1204          13     3.3945104827663e-11            4.3571
    1204          39     4.6504370025261e-10            4.3285
    1204          41     4.1756619845761e-10            4.2408
    1206          14     1.6493416669954e-10            4.3766
    1206          42       1.95874925904e-11            4.1019
    1207           5      1.231659400771e-10            3.9965
    1208           9     5.4409701639999e-13            4.0507
    1208          17      1.231659400771e-10             4.304
    1208          40     1.5175580760383e-09            3.9829
    1209          11     9.0682836066666e-14            4.2191
    1209          35     5.4766615801957e-10            4.2041
    1210           8     1.5113806011111e-14            4.2729
    1211           0     2.6122590003031e-10            4.3435
    1211          40      6.310549095847e-10            3.9441
    1211          46     4.9832098720367e-11             4.271
    1213          18     3.2010101139707e-10            4.3481
    1213          23     1.8568168841773e-10            4.3784
    1213          39     9.3588273206207e-11            3.9364
    1214           4     1.6930756433747e-11            3.9305
    1214          11      7.308097576471e-11            4.3909
    1214          16      1.293628156882e-10            4.1747
    1215           3     5.2778091236983e-11            3.9828
    1218          14     1.1907497600636e-10            4.2012
    1218          17     1.3705941017071e-10            4.0773
    1219           0     1.9845829334393e-11            4.3778
    1219          19     8.2208853471327e-12            3.9066
    1220           4      9.813098555321e-11            3.9782
    1221          29      2.173631214947e-10            4.3666
    1222           0     1.4950476713806e-10            3.9419
    1222           4     1.4950476713806e-10            4.3533
    1223          10     1.2192832212146e-10            3.6898
    1223          26     2.9900953427612e-10            4.3956
    1223          39     2.9900953427612e-10            4.1472
    1223          42     3.7376191784516e-11            4.2212
    1223          44     3.7376191784516e-11            4.1023
    1224           2     4.9834922379354e-11            4.2401
    1224           4     4.9834922379354e-11            4.0617
    1224           7     1.0042735123514e-11             3.878
    1224           9     1.0042735123514e-11             4.028
    1224          14      2.011746971399e-10            4.2578
    1224          36     4.4851430141419e-10            4.0742
    1225           7     6.8979396189396e-11            4.0762
    1225          15     1.6737891872523e-12            3.9585
    1225          24     1.5526161588161e-10            4.1777
    1225          27      2.304573486371e-10            4.2631
    1225          31     1.4950476713806e-10            3.7889
    1225          41      4.938633413092e-10             4.123
    1226           1     9.9669844758708e-11            3.7961
    1226           3     5.0293674284975e-11            4.3464
    1226           8     1.9933968951742e-10            3.7977
    1226          17     3.3223281586236e-12            4.2117
    1226          40     3.3328840473031e-10            4.1529
    1227          11     5.0293674284975e-11            4.1995
    1227          15     5.0293674284975e-11            3.9304
    1227          21     3.0983536037749e-10            4.0514
    1228           1     3.7266483229598e-12            4.2055
    1229           7     1.6664420236515e-10            4.3295
    1229          11     8.3322101182577e-11            4.2613
    1229          17     6.2110805382663e-13            4.0999
    1229          35     6.2780383662717e-11            3.8266
    1230           8     8.0640705136005e-11            4.0101
    1230          11     5.8417317172264e-11            4.3612
    1230          12      1.486174332752e-11            4.1368
    1230          15      1.486174332752e-11            3.9765
    1230          17      1.486174332752e-11            4.2341
    1230          20     2.0703601794221e-13            3.9798
    1230          28     1.4255369698285e-10            4.3354
    1230          45     9.4394132559441e-12            3.7382
    1231           1     4.9539144425066e-12            4.3228
    1231           3     4.9539144425066e-12            3.8026
    1231           4     4.9539144425066e-12            4.0688
    1232           0        4.6980156432e-11            4.1439
    1232           2        4.6980156432e-11            4.0024
    1232           4        4.6980156432e-11             3.882
    1232           5        4.6980156432e-11            4.2184
    1232          10     3.1343424487218e-11            4.2337
    1232          11     3.1343424487218e-11            3.9393
    1232          12     3.2229547803306e-11             4.256
    1233           0     1.6292812921367e-11             4.267
    1233           1     1.6292812921367e-11            4.0004
    1233           4        1.5660052144e-11            3.8799
    1233          12     3.2229547803306e-11            4.0873
    1233          15        4.6980156432e-11             4.003
    1233          24     7.7323943372215e-11            4.2329
    1234           2     1.0440034762667e-11            4.0479
    1234           4     1.0440034762667e-11            4.2213
    1235          10     5.1549295581476e-11            4.2418
    1235          22     5.4334048848136e-12            4.3304
    1236           0     5.5052468734756e-11            4.0716
    1236           1     3.6131988438986e-11            4.2592
    1237           0     7.3837361769356e-12            3.9739
    1237           3     7.3837361769356e-12            3.7636
    1237           5     7.9106794649387e-12            3.8431
    1238           0     2.0073326910548e-12            3.9795
    1238           1     2.0073326910548e-12            4.1021
    1238           2     2.0073326910548e-12            3.7305
    1238           5     2.0073326910548e-12            3.6471
    1238           9     7.3837361769356e-12            4.0295
    1238          23     5.3701516475913e-11            4.0973
    1239           0     3.3455544850913e-13            3.7051
    1239           1     3.3455544850913e-13            4.2579
    1239           3     3.3455544850913e-13             4.115
    1239           4     3.3455544850913e-13            4.1884
    1239           5     3.3455544850913e-13            4.1174
    1239          14     7.3837361769356e-12            3.9425
    1240          35     9.9508930282774e-11            4.3554
    1241           4     2.2991203213062e-12             3.955
    1241           8     1.6592396251163e-11            4.3438
    1242           8     2.6063001744616e-11            4.2976
    1243           4     8.8580904930606e-12            4.0837
    1244           5     3.3207035193147e-11             4.394
    1244          11     2.2242307623237e-11             3.817
    1244          12     3.5549041621392e-12            4.2299
    1245          11      5.924840270232e-13            3.9437
    1245          13     5.2126003489232e-11            4.1718
    1245          24     6.6582260051378e-11             4.142
    1245          34     7.7006506800326e-11             4.187
    1246          12     2.7180752080108e-11            3.8183
    1247           8     1.8507635315382e-12            4.1523
    1247           9     1.8507635315382e-12            4.0583
    1247          10     1.8507635315382e-12             4.223
    1247          23     7.7579783875407e-11            4.2215
    1247          25     5.1505685832346e-11            4.2381
    1248           3     1.1577595136819e-11            4.1217
    1248           4     1.1577595136819e-11             4.161
    1248          25     2.5147008352205e-11            4.2845
    1249          12     2.2380597780596e-12            4.1674
    1249          14     2.2380597780596e-12            4.3086
    1249          20     1.1577595136819e-11            4.3143
    1249          26     5.3663351999161e-11            3.7857
    1250           0     3.7300996300993e-13            4.3786
    1250           5     3.7300996300993e-13            3.8791
    1250           6     2.7167279676425e-11            4.3631
    1250          20     5.0294016704409e-12            4.0937
    1251           2     6.2168327168322e-14            4.2007
    1251           3     6.2168327168322e-14            4.2952
    1251          10     1.1716760557346e-11            4.3373
    1251          22     9.0557598921418e-12            4.3287
    1252           2     6.7918199191064e-12            4.1499
    1252          16     2.9565671113732e-12            4.3236
    1253           7     3.0185866307139e-12            4.3034
    1253          10     6.7918199191064e-12            4.0949
    1253          13     1.9527934262244e-12            3.6574
    1253          14     1.9527934262244e-12            4.1432
    1253          17     1.9527934262244e-12            4.3406
    1254          27     4.2855992779802e-11            4.3712
    1254          29     1.2667485294012e-10            4.0314
    1255           4     2.2994591279086e-12            3.8519
    1255           5     2.2994591279086e-12            4.3636
    1256          40     1.8976999835172e-11            4.2523
    1257           5     7.0234856413922e-13            3.7258
    1257          25     1.9394330012195e-11            4.3224
    1257          29      1.429070040701e-11            3.8342
    1258           0     7.2971571050737e-12            3.9801
    1258           1     7.2971571050737e-12            3.7388
    1258           3     7.2971571050737e-12            4.3254
    1258           4     5.9481270007272e-12            3.9387
    1258           5     6.6504755648665e-12            4.1489
    1258           6      2.271937931032e-11            3.8348
    1258           7      2.271937931032e-11            3.9383
    1258           8      2.271937931032e-11            4.2568
    1258          11      2.271937931032e-11             3.548
    1259           1     1.5146252873547e-11            4.1656
    1259           9      6.411540704315e-12            4.3268
    1259          21      2.006816577068e-11             4.084
    1260           0     5.9481270007272e-12            4.1767
    1260           2     3.4469443091856e-12             4.063
    1260           4     3.4469443091856e-12            3.9644
    1260           6     1.2621877394622e-12            4.3537
    1260           8     1.2621877394622e-12            3.8959
    1260          19     3.4469443091856e-12            4.1536
    1260          20     3.4469443091856e-12            4.2485
    1260          27     3.6045486306558e-11            4.2989
    1260          45     1.7762353188833e-11            4.2928
    1261           1     1.9827090002424e-12            4.2398
    1261           4     9.9135450012121e-13            4.0221
    1261           6     5.3429505869291e-13            4.1263
    1261           9     5.3429505869291e-13            4.0255
    1261          21     1.1678272831809e-11            4.3043
    1261          25     1.7762353188833e-11            4.3603
    1261          43     4.1132478367545e-12            4.1586
    1262           3     8.9049176448819e-14            3.9042
    1262           4     8.9049176448819e-14            4.3836
    1262           5     8.9049176448819e-14            4.0694
    1262           7     4.7343804270866e-12             4.356
    1262          22     1.3378777180454e-11            4.0643
    1263           2     1.6516286947662e-12            3.9066
    1263           3      1.740677871215e-12            4.2893
    1263           4     1.6516286947662e-12            3.5984
    1264           1      2.752714491277e-13               3.6
    1264           3      2.752714491277e-13             3.628
    1264           5      2.752714491277e-13            4.0906
    1264          24     2.5220190502431e-11            4.3594
    1265           0     1.2005711911897e-11            4.1208
    1265          29     1.1135678175562e-11            4.3581
    1266           5     2.8249686973659e-12            4.3176
    1266           9     6.2781274050763e-12            4.2836
    1267          13     3.6751869498066e-12            4.1316
    1268           1      6.125311583011e-13            4.3546
    1268           7     3.6751869498066e-12            3.9218
    1268          20     4.1323671276746e-12            4.2606
    1269           0     2.0417705276703e-13            3.9552
    1269           9     1.0208852638352e-13            4.1628
    1269          10     1.0208852638352e-13            4.1997
    1270          13     1.0114478401884e-11            4.2976
    1271           1     1.1343169598169e-14            4.3541
    1271           5     1.1343169598169e-14            4.2709
    1271           8     5.3558512130124e-12            3.9197
    1271          32     4.4408776708043e-11            4.0762
    1272           0     5.6715847990843e-15            4.1478
    1272           4     5.6715847990843e-15            4.2154
    1272          10     3.2733833366334e-12            4.3257
    1272          11     3.2733833366334e-12            4.0088
    1272          29     2.1688394522504e-11            4.1447
    1272          35     5.7835718726679e-11            3.9388
    1273           0     8.9264186883541e-13            3.8053
    1273           2     8.9264186883541e-13            3.7066
    1273           3     8.9264186883541e-13            4.1579
    1274           0     1.2049108068058e-12            4.2983
    1274           1     1.2049108068058e-12            3.8937
    1274           2     1.2049108068058e-12            3.7177
    1274           4     1.2049108068058e-12             4.165
    1274           5     1.2049108068058e-12            4.0069
    1274           7      2.975472896118e-13            4.1015
    1274           9      2.975472896118e-13            4.3949
    1274          10      2.975472896118e-13            4.3163
    1274          11      2.975472896118e-13            4.2634
    1274          29     1.2341681715533e-11            4.0751
    1274          30     1.7350715618004e-11            4.3097
    1274          41     6.1708408577664e-12            4.3994
    1275           0     2.4098216136116e-12            4.3021
    1275           3     1.2049108068058e-12            3.9122
    1275          23     2.3661185758324e-12            3.7161
    1276           1     3.0122770170145e-13            4.2161
    1276          11     1.2049108068058e-12            4.1469
    1277           6     2.2626965325242e-12            4.3566
    1277          13     1.6780837868009e-12            4.3668
    1277          18     3.5491778637486e-12            3.9241
    1277          24     3.8009832089586e-12            4.1626
    1277          26     3.6147324204174e-12             4.056
    1278           0     3.0122770170145e-13            3.7577
    1278           1     3.0122770170145e-13            4.1556
    1278           2     3.0122770170145e-13            3.8853
    1278           3     3.0122770170145e-13            4.1158
    1278           4     3.0122770170145e-13            4.2734
    1278           5     3.0122770170145e-13            4.3472
    1278          20      6.024554034029e-13            3.9951
    1278          21     6.1960231166029e-13            4.1407
    1279           1      2.270639323304e-13            4.0269
    1279           3      2.270639323304e-13            4.3799
    1279           7     7.9467366373672e-13            4.3521
    1279          14     2.2564648728309e-12            3.9481
    1279          15     2.9308471430706e-12             4.081
    1279          23     1.0577017357389e-12            4.3985
    1280           2     4.7511975572466e-13            4.1609
    1280           7     2.0367628584386e-13            4.0198
    1280          11     2.0367628584386e-13            4.3972
    1280          29     1.1905976818304e-12            3.9598
    1280          30     9.5694931633285e-13            3.7473
    1280          35     7.4416747018279e-13            4.1021
    1281           4     6.1199599813361e-13            4.2208
    1281           9     2.9764942045759e-13            4.1161
    1281          10     2.9764942045759e-13            3.8191
    1281          11     2.9764942045759e-13            4.0436
    1281          12      3.055144287658e-13            3.7902
    1281          13     5.6567413313105e-13            4.0903
    1281          18     1.2638953054681e-13            4.0819
    1281          23     1.2638953054681e-13            4.0434
    1281          35     9.3642541047644e-13            4.2229
    1282           1     1.9843294697173e-13            3.9776
    1282           4     1.9843294697173e-13            4.2498
    1282           8     1.8604226892066e-13             4.254
    1282           9     1.8604226892066e-13             4.148
    1282          10     1.8604226892066e-13            4.1835
    1282          11     1.8604226892066e-13            3.9912
    1282          18     2.0399866604454e-13            4.3527
    1282          20     3.3038819659134e-13            4.0667
    1282          26     9.7961774702461e-13            4.3422
    1283           2      1.632696245041e-13            3.8414
    1283           4      1.632696245041e-13            4.0999
    1283           6      3.100704482011e-14            4.0666
    1283           7      3.100704482011e-14            4.0274
    1283           8      3.100704482011e-14            4.2446
    1283          19     2.6780806382957e-13            3.9152
    1284           2     3.2246112625217e-13            3.7193
    1284           4     1.7098252660215e-13            3.9654
    1284           7     1.2896610559761e-13            3.8732
    1285           3     2.1494350932935e-14            4.1142
    1285          23     1.6501100028048e-14            4.1613
    1285          35     3.8447521589239e-13            4.3787
    1286           2     7.2830229243359e-14            4.1109
    1286           7     1.0747175466468e-14            4.3979
    1286           8     1.0747175466468e-14            3.9902
    1286           9     1.0747175466468e-14            4.1239
    1286          10     1.0747175466468e-14            4.1869
    1286          11     1.6501100028048e-14            3.7351
    1286          24     1.2896610559761e-13            4.0676
    1286          25     2.2780696791977e-13            4.1311
    1286          26     1.2823689495161e-13            3.8294
    1286          34     1.8720873955834e-13            4.0507
    1287           4     1.1024052609541e-14            4.2129
    1287          25     1.7098252660215e-13            4.0796
    1287          29     1.2896610559761e-13              4.39
    1287          31     9.9570072968158e-14            4.0781
    1288           8     3.9828029187263e-14            4.1555
    1288          15     1.2931160096684e-14            4.3043
    1288          21     5.9216716599914e-14            3.7179
    1288          23     3.7168611380833e-14             4.234
    1288          27     4.2745631650538e-14            4.0264
    1288          29     5.1724640386736e-14            4.2561
    1289           0     6.6380048645438e-15            4.0668
    1289           2     7.2856320923047e-15            3.7583
    1290           1     2.0841648930423e-14            4.0112
    1290           2     4.1683297860845e-14             4.267
    1290           4     2.0841648930423e-14            4.2232
    1290          11     1.3829176801133e-15            4.3743
    1290          13     2.3132667033654e-14             4.065
    1290          14     2.3132667033654e-14            4.1622
    1290          15     2.3132667033654e-14            3.9018
    1290          21     1.2695386806649e-13            4.3196
    1292           3     4.5733659963569e-15            3.9317
    1292           6     3.4682422610238e-14            4.3575
    1292          34     4.4449133221072e-14            3.9074
    1293           0     1.4773302653699e-14                 4
    1293           1     1.1273115522249e-14            3.9443
    1293           2     1.1273115522249e-14            4.2128
    1293           6     2.5007088567712e-14            4.3867
    1293          13     3.7040944350893e-15            3.9148
    1293          16     3.7040944350893e-15            3.9534
    1293          17     3.7040944350893e-15            3.7701
    1294           6     1.4339001637347e-14            3.6822
    1294           9     2.7440195978141e-14            4.0458
    1294          11     3.7040944350893e-15            4.3372
    1294          16     8.3356961892372e-15            3.6496
    1294          21     1.7341211305119e-14            4.3677
    1294          27     3.9675754867819e-14            3.8693
    1295           1     8.3356961892372e-15            4.1288
    1295          16     8.4244464571688e-15            3.8477
